,is_well_nested,ms,ee,perm,i
240,True,0.5410633629766569,2.2045433892497135,"(2, 0, 1, 3, 4, 5)",0
242,True,0.5327443142453521,2.2048025092159267,"(2, 0, 1, 4, 3, 5)",1
264,True,0.5340406164090766,2.204825371441375,"(2, 1, 0, 3, 4, 5)",2
245,True,0.5212550970519364,2.2049138773944383,"(2, 0, 1, 5, 4, 3)",3
120,True,0.521905505055815,2.204992066530955,"(1, 0, 2, 3, 4, 5)",4
266,True,0.5401151151884365,2.2050844914075878,"(2, 1, 0, 4, 3, 5)",5
269,True,0.5230396623997271,2.205195859586099,"(2, 1, 0, 5, 4, 3)",6
244,True,0.5244073599371074,2.205207989154354,"(2, 0, 1, 5, 3, 4)",7
122,True,0.5257534659676794,2.2052511864971676,"(1, 0, 2, 4, 3, 5)",8
0,True,0.5238387749691363,2.2052753580948177,"(0, 1, 2, 3, 4, 5)",9
125,True,0.51252081726932,2.2053625546756783,"(1, 0, 2, 5, 4, 3)",10
268,True,0.5199559230123062,2.2054899713460143,"(2, 1, 0, 5, 3, 4)",11
2,True,0.5216723929203771,2.205534478061031,"(0, 1, 2, 4, 3, 5)",12
5,True,0.5109575157335445,2.205645846239542,"(0, 1, 2, 5, 4, 3)",13
124,True,0.5095919707201206,2.205656666435595,"(1, 0, 2, 5, 3, 4)",14
4,True,0.5119116020727362,2.2059399579994574,"(0, 1, 2, 5, 3, 4)",15
139,False,0.5223390444431524,2.2360960345838,"(1, 0, 5, 2, 4, 3)",16
19,False,0.5203626215881059,2.236379326147663,"(0, 1, 5, 2, 4, 3)",17
138,False,0.5200485821722971,2.236390146343716,"(1, 0, 5, 2, 3, 4)",18
18,False,0.5221815358910021,2.236673437907579,"(0, 1, 5, 2, 3, 4)",19
337,False,0.5383273337747598,2.2508747258865407,"(2, 5, 0, 1, 4, 3)",20
128,False,0.5379959648183996,2.2511103667166266,"(1, 0, 3, 4, 2, 5)",21
343,False,0.5429447786674493,2.2511495441501226,"(2, 5, 1, 0, 4, 3)",22
336,False,0.5430367189093351,2.251168837646458,"(2, 5, 0, 1, 3, 4)",23
358,False,0.5379331183269527,2.2512199448243013,"(2, 5, 4, 3, 0, 1)",24
129,False,0.5379331183269531,2.251219944824302,"(1, 0, 3, 4, 5, 2)",25
143,False,0.5375158523059897,2.2513884379757307,"(1, 0, 5, 4, 3, 2)",26
304,False,0.5375158523059894,2.2513884379757307,"(2, 3, 4, 5, 0, 1)",27
8,False,0.5427229907912333,2.251393658280489,"(0, 1, 3, 4, 2, 5)",28
134,False,0.5425092559202029,2.2513942599516445,"(1, 0, 4, 3, 2, 5)",29
342,False,0.5387143965440997,2.2514436559100384,"(2, 5, 1, 0, 3, 4)",30
359,False,0.5420395587097993,2.251503236388165,"(2, 5, 4, 3, 1, 0)",31
9,False,0.5420395587097994,2.251503236388165,"(0, 1, 3, 4, 5, 2)",32
352,False,0.5418216683299234,2.2515038380593198,"(2, 5, 3, 4, 0, 1)",33
135,False,0.5418216683299237,2.25150383805932,"(1, 0, 4, 3, 5, 2)",34
305,False,0.5358314871885655,2.251671729539594,"(2, 3, 4, 5, 1, 0)",35
23,False,0.5358314871885657,2.251671729539594,"(0, 1, 5, 4, 3, 2)",36
328,False,0.533711355133016,2.2516764155106364,"(2, 4, 3, 5, 0, 1)",37
141,False,0.5337113551330164,2.251676415510637,"(1, 0, 5, 3, 4, 2)",38
14,False,0.5385184491060023,2.251677551515508,"(0, 1, 4, 3, 2, 5)",39
353,False,0.5369436242583527,2.2517871296231835,"(2, 5, 3, 4, 1, 0)",40
15,False,0.5369436242583528,2.251787129623184,"(0, 1, 4, 3, 5, 2)",41
21,False,0.5376719210427428,2.2519597070745005,"(0, 1, 5, 3, 4, 2)",42
329,False,0.5376719210427429,2.2519597070745005,"(2, 4, 3, 5, 1, 0)",43
300,False,0.5585492956180514,2.266237260083625,"(2, 3, 4, 0, 1, 5)",44
302,False,0.5513392963696453,2.2664920300367277,"(2, 3, 4, 1, 0, 5)",45
324,False,0.5514294040797646,2.2665252376185316,"(2, 4, 3, 0, 1, 5)",46
326,False,0.5589262226944682,2.2667800075716333,"(2, 4, 3, 1, 0, 5)",47
243,False,0.5625679407448716,2.2936000178716403,"(2, 0, 1, 4, 5, 3)",48
241,False,0.5638358850356526,2.293635009665343,"(2, 0, 1, 3, 5, 4)",49
267,False,0.5643758463340208,2.2938820000633013,"(2, 1, 0, 4, 5, 3)",50
265,False,0.5646561843835574,2.293916991857005,"(2, 1, 0, 3, 5, 4)",51
123,False,0.5509742620082188,2.294048695152881,"(1, 0, 2, 4, 5, 3)",52
121,False,0.550697272407258,2.2940836869465837,"(1, 0, 2, 3, 5, 4)",53
3,False,0.5511687423261755,2.294331986716744,"(0, 1, 2, 4, 5, 3)",54
1,False,0.5510109055316301,2.294366978510446,"(0, 1, 2, 3, 5, 4)",55
144,False,0.5669554521362957,2.296881278460363,"(1, 2, 0, 3, 4, 5)",56
24,False,0.56742439951428,2.296882587832566,"(0, 2, 1, 3, 4, 5)",57
146,False,0.5678496438352663,2.297140398426576,"(1, 2, 0, 4, 3, 5)",58
26,False,0.565487560700158,2.2971417077987795,"(0, 2, 1, 4, 3, 5)",59
149,False,0.552657953583908,2.297251766605087,"(1, 2, 0, 5, 4, 3)",60
29,False,0.55243010070256,2.2972530759772902,"(0, 2, 1, 5, 4, 3)",61
148,False,0.5519739711797015,2.297545878365003,"(1, 2, 0, 5, 3, 4)",62
28,False,0.5525717263982708,2.297547187737206,"(0, 2, 1, 5, 3, 4)",63
126,False,0.5681741798179752,2.3241068766764688,"(1, 0, 3, 2, 4, 5)",64
6,False,0.5665370194349326,2.324390168240331,"(0, 1, 3, 2, 4, 5)",65
132,False,0.5689136805915641,2.3246498898776995,"(1, 0, 4, 2, 3, 5)",66
12,False,0.5676859894342429,2.324933181441563,"(0, 1, 4, 2, 3, 5)",67
259,False,0.5689340408848164,2.327209529996566,"(2, 0, 5, 1, 4, 3)",68
258,False,0.5692552638902667,2.3275036417564814,"(2, 0, 5, 1, 3, 4)",69
283,False,0.5669004222436385,2.3277663304518086,"(2, 1, 5, 0, 4, 3)",70
282,False,0.5677383205053607,2.328060442211725,"(2, 1, 5, 0, 3, 4)",71
310,False,0.5701167864085825,2.340053661448141,"(2, 3, 5, 4, 0, 1)",72
137,False,0.570116786408583,2.3400536614481418,"(1, 0, 4, 5, 3, 2)",73
334,False,0.5702215566333881,2.3400577457480294,"(2, 4, 5, 3, 0, 1)",74
131,False,0.5702215566333884,2.34005774574803,"(1, 0, 3, 5, 4, 2)",75
142,False,0.5650403208001719,2.340076368523767,"(1, 0, 5, 4, 2, 3)",76
17,False,0.5698359412879901,2.340336953012004,"(0, 1, 4, 5, 3, 2)",77
311,False,0.5698359412879902,2.340336953012005,"(2, 3, 5, 4, 1, 0)",78
335,False,0.5698536969110496,2.3403410373118922,"(2, 4, 5, 3, 1, 0)",79
11,False,0.5698536969110497,2.3403410373118927,"(0, 1, 3, 5, 4, 2)",80
22,False,0.5660166774288296,2.3403596600876306,"(0, 1, 5, 4, 2, 3)",81
140,False,0.5654899654407601,2.3406584578185896,"(1, 0, 5, 3, 2, 4)",82
20,False,0.5666615860644104,2.340941749382453,"(0, 1, 5, 3, 2, 4)",83
217,False,0.5675695265962148,2.3431103418183583,"(1, 5, 0, 2, 4, 3)",84
216,False,0.5672626933700922,2.343404453578275,"(1, 5, 0, 2, 3, 4)",85
97,False,0.567431069989069,2.343648403335324,"(0, 5, 1, 2, 4, 3)",86
96,False,0.5667298100428271,2.3439425150952395,"(0, 5, 1, 2, 3, 4)",87
301,False,0.5837951517242908,2.358402745210288,"(2, 3, 4, 0, 5, 1)",88
221,False,0.5837951517242913,2.358402745210289,"(1, 5, 0, 4, 3, 2)",89
325,False,0.5835835502465523,2.3586907227451963,"(2, 4, 3, 0, 5, 1)",90
219,False,0.5835835502465522,2.3586907227451963,"(1, 5, 0, 3, 4, 2)",91
101,False,0.584841422205358,2.3589408067272553,"(0, 5, 1, 4, 3, 2)",92
303,False,0.5848414222053584,2.3589408067272557,"(2, 3, 4, 1, 5, 0)",93
99,False,0.5855464280004401,2.3592287842621613,"(0, 5, 1, 3, 4, 2)",94
327,False,0.5855464280004404,2.3592287842621618,"(2, 4, 3, 1, 5, 0)",95
147,False,0.6000070760684653,2.3859379070822895,"(1, 2, 0, 4, 5, 3)",96
27,False,0.5972318294086065,2.385939216454492,"(0, 2, 1, 4, 5, 3)",97
145,False,0.5969123107540175,2.385972898875992,"(1, 2, 0, 3, 5, 4)",98
25,False,0.5996165995678366,2.3859742082481947,"(0, 2, 1, 3, 5, 4)",99
127,False,0.5942028774918923,2.4131984970920968,"(1, 0, 3, 2, 5, 4)",100
133,False,0.5950541725039515,2.413447398533412,"(1, 0, 4, 2, 5, 3)",101
7,False,0.595362347889699,2.4134817886559596,"(0, 1, 3, 2, 5, 4)",102
13,False,0.5958004023553294,2.4137306900972755,"(0, 1, 4, 2, 5, 3)",103
246,False,0.627486734090431,2.415206595410878,"(2, 0, 3, 1, 4, 5)",104
252,False,0.6201015762658941,2.415754478720929,"(2, 0, 4, 1, 3, 5)",105
270,False,0.6197751066200754,2.415755758738317,"(2, 1, 3, 0, 4, 5)",106
276,False,0.62818512455373,2.416302811845979,"(2, 1, 4, 0, 3, 5)",107
43,False,0.5982513074435911,2.419548728579417,"(0, 2, 5, 1, 4, 3)",108
163,False,0.5977505391919766,2.419822237470795,"(1, 2, 5, 0, 4, 3)",109
42,False,0.5984789143565536,2.4198428403393333,"(0, 2, 5, 1, 3, 4)",110
162,False,0.5975464504881786,2.420116349230711,"(1, 2, 5, 0, 3, 4)",111
288,False,0.6212144321026956,2.4274216146896728,"(2, 3, 0, 1, 4, 5)",112
294,False,0.6226552013580007,2.4276887958254503,"(2, 3, 1, 0, 4, 5)",113
312,False,0.6209026435485853,2.4282574755346307,"(2, 4, 0, 1, 3, 5)",114
318,False,0.6231385304396104,2.4285238264680205,"(2, 4, 1, 0, 3, 5)",115
136,False,0.5999915944686749,2.428741591996178,"(1, 0, 4, 5, 2, 3)",116
16,False,0.5986980329949785,2.429024883560041,"(0, 1, 4, 5, 2, 3)",117
130,False,0.5998956121245904,2.4290397880559826,"(1, 0, 3, 5, 2, 4)",118
10,False,0.59813913987617,2.429323079619845,"(0, 1, 3, 5, 2, 4)",119
248,False,0.6244877864158509,2.4339519670578706,"(2, 0, 3, 4, 1, 5)",120
254,False,0.6237701879057227,2.434240730401709,"(2, 0, 4, 3, 1, 5)",121
272,False,0.6250139770520107,2.434755900338412,"(2, 1, 3, 4, 0, 5)",122
223,False,0.6014193767668493,2.434947332775946,"(1, 5, 2, 0, 4, 3)",123
278,False,0.6244874001836194,2.4350438334798605,"(2, 1, 4, 3, 0, 5)",124
103,False,0.601876744762839,2.4352105760293297,"(0, 5, 2, 1, 4, 3)",125
222,False,0.6020740178954544,2.435241444535862,"(1, 5, 2, 0, 3, 4)",126
102,False,0.6028490949031254,2.435504687789244,"(0, 5, 2, 1, 3, 4)",127
354,False,0.6174582710148149,2.443295629466868,"(2, 5, 4, 0, 1, 3)",128
356,False,0.6159835433584611,2.443546524358382,"(2, 5, 4, 1, 0, 3)",129
348,False,0.6183181428614193,2.444166671609442,"(2, 5, 3, 0, 1, 4)",130
350,False,0.6166666859713715,2.444427926338572,"(2, 5, 3, 1, 0, 4)",131
290,False,0.636371276369729,2.4461669863366664,"(2, 3, 0, 4, 1, 5)",132
340,False,0.6199175236138789,2.4464764719234817,"(2, 5, 0, 4, 1, 3)",133
170,False,0.620301092855778,2.4465540278301425,"(1, 3, 0, 4, 2, 5)",134
355,False,0.6193227633406266,2.4466636059378186,"(2, 5, 4, 0, 3, 1)",135
171,False,0.6193227633406266,2.4466636059378186,"(1, 3, 0, 4, 5, 2)",136
296,False,0.6295816620336924,2.4466889374255465,"(2, 3, 1, 4, 0, 5)",137
314,False,0.6283031567883293,2.446743727215411,"(2, 4, 0, 3, 1, 5)",138
346,False,0.6241246342537575,2.447002185078577,"(2, 5, 1, 4, 0, 3)",139
338,False,0.6259941661809331,2.4470636208310377,"(2, 5, 0, 3, 1, 4)",140
50,False,0.624493103472712,2.447088214285518,"(0, 3, 1, 4, 2, 5)",141
220,False,0.6191823508063182,2.447090675758326,"(1, 5, 0, 4, 2, 3)",142
194,False,0.626335642714712,2.447130958212801,"(1, 4, 0, 3, 2, 5)",143
51,False,0.6252225189732679,2.4471977923931947,"(0, 3, 1, 4, 5, 2)",144
357,False,0.6252225189732687,2.4471977923931965,"(2, 5, 4, 1, 3, 0)",145
195,False,0.6252099053402403,2.4472405363204777,"(1, 4, 0, 3, 5, 2)",146
349,False,0.6252099053402403,2.4472405363204777,"(2, 5, 3, 0, 4, 1)",147
320,False,0.6363098624210969,2.4472648481019035,"(2, 4, 1, 3, 0, 5)",148
344,False,0.6192782107244384,2.4475996938237494,"(2, 5, 1, 3, 0, 4)",149
100,False,0.6178766351024755,2.4476287372752914,"(0, 5, 1, 4, 2, 3)",150
218,False,0.6162759304501628,2.4476727650531487,"(1, 5, 0, 3, 2, 4)",151
74,False,0.6205466366509184,2.447675504505793,"(0, 4, 1, 3, 2, 5)",152
75,False,0.6203463841675705,2.4477850826134695,"(0, 4, 1, 3, 5, 2)",153
351,False,0.6203463841675713,2.447785082613471,"(2, 5, 3, 1, 4, 0)",154
98,False,0.618775316849243,2.448210826570114,"(0, 5, 1, 3, 2, 4)",155
180,False,0.6207383262643104,2.4497348702867563,"(1, 3, 4, 0, 2, 5)",156
341,False,0.6197348449928002,2.449844448394432,"(2, 5, 0, 4, 3, 1)",157
181,False,0.6197348449928002,2.449844448394432,"(1, 3, 4, 0, 5, 2)",158
204,False,0.6212622747274815,2.4500279074343965,"(1, 4, 3, 0, 2, 5)",159
205,False,0.619847733447468,2.450137485542072,"(1, 4, 3, 0, 5, 2)",160
339,False,0.619847733447468,2.450137485542072,"(2, 5, 0, 3, 4, 1)",161
60,False,0.6196084122138737,2.450543875005714,"(0, 3, 4, 1, 2, 5)",162
61,False,0.6197563891212098,2.4506534531133894,"(0, 3, 4, 1, 5, 2)",163
347,False,0.6197563891212107,2.4506534531133912,"(2, 5, 1, 4, 3, 0)",164
84,False,0.62055437063867,2.4508472719909697,"(0, 4, 3, 1, 2, 5)",165
85,False,0.6193746647375847,2.450956850098646,"(0, 4, 3, 1, 5, 2)",166
345,False,0.6193746647375854,2.450956850098647,"(2, 5, 1, 3, 4, 0)",167
247,False,0.6514442613834805,2.5042982158265072,"(2, 0, 3, 1, 5, 4)",168
253,False,0.6507102382642526,2.504551987376643,"(2, 0, 4, 1, 5, 3)",169
271,False,0.6538432231642808,2.5048473791539454,"(2, 1, 3, 0, 5, 4)",170
277,False,0.6539705178396756,2.5051003205016924,"(2, 1, 4, 0, 5, 3)",171
30,False,0.6543340776417863,2.507545793993729,"(0, 2, 3, 1, 4, 5)",172
150,False,0.6558228281216516,2.507811665757304,"(1, 2, 3, 0, 4, 5)",173
36,False,0.6521488369478754,2.5080936773037807,"(0, 2, 4, 1, 3, 5)",174
156,False,0.6555402610352885,2.508358718864966,"(1, 2, 4, 0, 3, 5)",175
289,False,0.6524653890284415,2.5165132351053017,"(2, 3, 0, 1, 5, 4)",176
295,False,0.6518538397383696,2.516780416241079,"(2, 3, 1, 0, 5, 4)",177
313,False,0.6533048204265838,2.517054984190344,"(2, 4, 0, 1, 5, 3)",178
319,False,0.6523419435320107,2.5173213351237336,"(2, 4, 1, 0, 5, 3)",179
168,False,0.6498494232150895,2.5195505377899847,"(1, 3, 0, 2, 4, 5)",180
48,False,0.6512962386422113,2.520084724245361,"(0, 3, 1, 2, 4, 5)",181
192,False,0.651273209124741,2.5203865881388565,"(1, 4, 0, 2, 3, 5)",182
72,False,0.6520764573529789,2.520931134431849,"(0, 4, 1, 2, 3, 5)",183
262,False,0.652207432297884,2.5228112760335057,"(2, 0, 5, 4, 1, 3)",184
260,False,0.6527077041945816,2.5233984249410617,"(2, 0, 5, 3, 1, 4)",185
286,False,0.6520249716913713,2.523618971380263,"(2, 1, 5, 4, 0, 3)",186
284,False,0.6519430517116446,2.5242164801254345,"(2, 1, 5, 3, 0, 4)",187
249,False,0.6572344285918374,2.526117452184535,"(2, 0, 3, 4, 5, 1)",188
238,False,0.6572344285918379,2.5261174521845358,"(1, 5, 4, 3, 0, 2)",189
263,False,0.6483195898531422,2.5261792525044564,"(2, 0, 5, 4, 3, 1)",190
184,False,0.6483195898531426,2.5261792525044573,"(1, 3, 4, 5, 0, 2)",191
32,False,0.6565986628477481,2.526291165640722,"(0, 2, 3, 4, 1, 5)",192
255,False,0.6555815293023032,2.5264062155283726,"(2, 0, 4, 3, 5, 1)",193
232,False,0.6555815293023036,2.526406215528374,"(1, 5, 3, 4, 0, 2)",194
261,False,0.6474621516441862,2.5264722896520966,"(2, 0, 5, 3, 4, 1)",195
208,False,0.6474621516441866,2.5264722896520975,"(1, 4, 3, 5, 0, 2)",196
38,False,0.6570804291743683,2.5265799289845603,"(0, 2, 4, 3, 1, 5)",197
152,False,0.6559034832757202,2.526811807357399,"(1, 2, 3, 4, 0, 5)",198
158,False,0.6571093739761166,2.5270997404988482,"(1, 2, 4, 3, 0, 5)",199
118,False,0.6574008370111918,2.527204677028937,"(0, 5, 4, 3, 1, 2)",200
273,False,0.6574008370111926,2.5272046770289394,"(2, 1, 3, 4, 5, 0)",201
64,False,0.6483513001071072,2.527270239415075,"(0, 3, 4, 5, 1, 2)",202
287,False,0.6483513001071082,2.527270239415077,"(2, 1, 5, 4, 3, 0)",203
112,False,0.6553461185619143,2.5274926101703876,"(0, 5, 3, 4, 1, 2)",204
279,False,0.6553461185619146,2.5274926101703876,"(2, 1, 4, 3, 5, 0)",205
88,False,0.6477135125523135,2.527573636400331,"(0, 4, 3, 5, 1, 2)",206
285,False,0.6477135125523144,2.5275736364003327,"(2, 1, 5, 3, 4, 0)",207
330,False,0.6473765480429365,2.532133430390595,"(2, 4, 5, 0, 1, 3)",208
332,False,0.6493211205992662,2.53238432528211,"(2, 4, 5, 1, 0, 3)",209
306,False,0.648116785393906,2.5327164949982626,"(2, 3, 5, 0, 1, 4)",210
308,False,0.650128412938387,2.5329777497273933,"(2, 3, 5, 1, 0, 4)",211
173,False,0.6554202495879032,2.5355014068615462,"(1, 3, 0, 5, 4, 2)",212
331,False,0.6554202495879036,2.535501406861547,"(2, 4, 5, 0, 3, 1)",213
197,False,0.6558826140500674,2.5357903597092983,"(1, 4, 0, 5, 3, 2)",214
307,False,0.6558826140500675,2.535790359709299,"(2, 3, 5, 0, 4, 1)",215
53,False,0.6537473705921998,2.536035593316923,"(0, 3, 1, 5, 4, 2)",216
333,False,0.6537473705922003,2.536035593316924,"(2, 4, 5, 1, 3, 0)",217
77,False,0.6541806175135513,2.53633490600229,"(0, 4, 1, 5, 3, 2)",218
309,False,0.654180617513552,2.536334906002292,"(2, 3, 5, 1, 4, 0)",219
291,False,0.6629562324401681,2.538332471463331,"(2, 3, 0, 4, 5, 1)",220
235,False,0.6629562324401684,2.5383324714633315,"(1, 5, 4, 0, 3, 2)",221
315,False,0.6623656910351234,2.5389092123420753,"(2, 4, 0, 3, 5, 1)",222
229,False,0.662365691035124,2.5389092123420767,"(1, 5, 3, 0, 4, 2)",223
115,False,0.6634380607712931,2.5391377141160736,"(0, 5, 4, 1, 3, 2)",224
297,False,0.6634380607712941,2.5391377141160754,"(2, 3, 1, 4, 5, 0)",225
109,False,0.6631223979519145,2.53971362479243,"(0, 5, 3, 1, 4, 2)",226
321,False,0.6631223979519151,2.539713624792431,"(2, 4, 1, 3, 5, 0)",227
182,False,0.6535854453728231,2.541731521846694,"(1, 3, 4, 2, 0, 5)",228
206,False,0.6534882938737149,2.542024558994334,"(1, 4, 3, 2, 0, 5)",229
62,False,0.6528931859535999,2.5422857566125487,"(0, 3, 4, 2, 1, 5)",230
86,False,0.651590041519152,2.542589153597805,"(0, 4, 3, 2, 1, 5)",231
31,False,0.6892241512414382,2.596637414409358,"(0, 2, 3, 1, 5, 4)",232
37,False,0.6866283775615097,2.5968911859594934,"(0, 2, 4, 1, 5, 3)",233
151,False,0.6861902202917943,2.5969032861729326,"(1, 2, 3, 0, 5, 4)",234
157,False,0.6903302869634341,2.5971562275206796,"(1, 2, 4, 0, 5, 3)",235
169,False,0.6774933343379498,2.6086421582056136,"(1, 3, 0, 2, 5, 4)",236
49,False,0.6777063922997674,2.609176344660991,"(0, 3, 1, 2, 5, 4)",237
193,False,0.6776863344673288,2.6091840967945696,"(1, 4, 0, 2, 5, 3)",238
73,False,0.6777444371391332,2.609728643087561,"(0, 4, 1, 2, 5, 3)",239
174,False,0.6936148802137143,2.611366114941412,"(1, 3, 2, 0, 4, 5)",240
256,False,0.6936331559251666,2.61146759293638,"(2, 0, 4, 5, 1, 3)",241
54,False,0.6989146210089602,2.61163312026101,"(0, 3, 2, 1, 4, 5)",242
250,False,0.6987552741020097,2.611765978500098,"(2, 0, 3, 5, 1, 4)",243
198,False,0.699047652718078,2.6122062051967143,"(1, 4, 2, 0, 3, 5)",244
280,False,0.699264282401759,2.612266820952944,"(2, 1, 4, 5, 0, 3)",245
78,False,0.6938027564065579,2.6124844005563177,"(0, 4, 2, 1, 3, 5)",246
274,False,0.6937236173389,2.6125763965566664,"(2, 1, 3, 5, 0, 4)",247
257,False,0.6914523984801229,2.6148355694073304,"(2, 0, 4, 5, 3, 1)",248
190,False,0.6914523984801235,2.6148355694073318,"(1, 3, 5, 4, 0, 2)",249
251,False,0.6911983499488434,2.6148398432111324,"(2, 0, 3, 5, 4, 1)",250
214,False,0.691198349948844,2.6148398432111333,"(1, 4, 5, 3, 0, 2)",251
46,False,0.6801297342097314,2.6151504746163567,"(0, 2, 5, 4, 1, 3)",252
166,False,0.6802976783702067,2.6156748783992496,"(1, 2, 5, 4, 0, 3)",253
44,False,0.6801778975140541,2.6157376235239127,"(0, 2, 5, 3, 1, 4)",254
70,False,0.6919781127911685,2.615918088987756,"(0, 3, 5, 4, 1, 2)",255
281,False,0.6919781127911693,2.6159180889877574,"(2, 1, 4, 5, 3, 0)",256
94,False,0.691707467323271,2.6159335528315633,"(0, 4, 5, 3, 1, 2)",257
275,False,0.6917074673232718,2.6159335528315646,"(2, 1, 3, 5, 4, 0)",258
164,False,0.6803347196252171,2.616272387144421,"(1, 2, 5, 3, 0, 4)",259
33,False,0.6780893961433989,2.6184566507673854,"(0, 2, 3, 4, 5, 1)",260
239,False,0.6780893961433992,2.6184566507673863,"(1, 5, 4, 3, 2, 0)",261
47,False,0.6721531331638718,2.6185184510873074,"(0, 2, 5, 4, 3, 1)",262
185,False,0.672153133163872,2.618518451087308,"(1, 3, 4, 5, 2, 0)",263
39,False,0.6771194309069222,2.618745414111223,"(0, 2, 4, 3, 5, 1)",264
233,False,0.6771194309069227,2.618745414111224,"(1, 5, 3, 4, 2, 0)",265
45,False,0.6706629674528052,2.6188114882349476,"(0, 2, 5, 3, 4, 1)",266
209,False,0.6706629674528054,2.6188114882349476,"(1, 4, 3, 5, 2, 0)",267
119,False,0.6777806554251096,2.6192605840479244,"(0, 5, 4, 3, 2, 1)",268
153,False,0.6777806554251106,2.619260584047926,"(1, 2, 3, 4, 5, 0)",269
65,False,0.672296206440454,2.6193261464340623,"(0, 3, 4, 5, 2, 1)",270
167,False,0.6722962064404547,2.6193261464340636,"(1, 2, 5, 4, 3, 0)",271
113,False,0.6773460872719855,2.6195485171893744,"(0, 5, 3, 4, 2, 1)",272
159,False,0.6773460872719856,2.6195485171893744,"(1, 2, 4, 3, 5, 0)",273
89,False,0.6705515628467288,2.619629543419318,"(0, 4, 3, 5, 2, 1)",274
165,False,0.6705515628467296,2.619629543419319,"(1, 2, 5, 3, 4, 0)",275
316,False,0.6931102604973108,2.623970589750084,"(2, 4, 0, 5, 1, 3)",276
292,False,0.6934424479690438,2.623980997778893,"(2, 3, 0, 5, 1, 4)",277
196,False,0.6822332523355984,2.624478290257335,"(1, 4, 0, 5, 2, 3)",278
172,False,0.6816127485771051,2.6244834491694986,"(1, 3, 0, 5, 2, 4)",279
322,False,0.6943981569734874,2.6244878355749863,"(2, 4, 1, 5, 0, 3)",280
298,False,0.6947495420585168,2.624509433643803,"(2, 3, 1, 5, 0, 4)",281
52,False,0.6816611599489257,2.625017635624876,"(0, 3, 1, 5, 2, 4)",282
76,False,0.6814504896733784,2.6250228365503268,"(0, 4, 1, 5, 2, 3)",283
234,False,0.6993702921634812,2.627020402011368,"(1, 5, 4, 0, 2, 3)",284
211,False,0.7029889293726866,2.627054862489929,"(1, 4, 5, 0, 3, 2)",285
293,False,0.702988929372687,2.62705486248993,"(2, 3, 0, 5, 4, 1)",286
187,False,0.6983091937570787,2.6273385662210336,"(1, 3, 5, 0, 4, 2)",287
317,False,0.698309193757079,2.6273385662210345,"(2, 4, 0, 5, 3, 1)",288
114,False,0.6964996514851018,2.62782564466411,"(0, 5, 4, 1, 2, 3)",289
91,False,0.6981135104963938,2.627866589918699,"(0, 4, 5, 1, 3, 2)",290
299,False,0.6981135104963948,2.6278665899187006,"(2, 3, 1, 5, 4, 0)",291
228,False,0.6964359635874584,2.6278912546500286,"(1, 5, 3, 0, 2, 4)",292
67,False,0.7036914991329842,2.6281391036097985,"(0, 3, 5, 1, 4, 2)",293
323,False,0.7036914991329853,2.6281391036098003,"(2, 4, 1, 5, 3, 0)",294
108,False,0.7001006101324566,2.628695667100383,"(0, 5, 3, 1, 2, 4)",295
176,False,0.6984041734919012,2.6303662565415076,"(1, 3, 2, 4, 0, 5)",296
56,False,0.6985674830274089,2.630378491908003,"(0, 3, 2, 4, 1, 5)",297
226,False,0.6853564112563426,2.6307999737043994,"(1, 5, 2, 4, 0, 3)",298
106,False,0.684625780210568,2.6308123220662694,"(0, 5, 2, 4, 1, 3)",299
200,False,0.6989318477130877,2.630947226830597,"(1, 4, 2, 3, 0, 5)",300
80,False,0.6968784940453683,2.6309706522370977,"(0, 4, 2, 3, 1, 5)",301
224,False,0.6849216833450984,2.631397482449571,"(1, 5, 2, 3, 0, 4)",302
104,False,0.6859217804368464,2.6313994709738258,"(0, 5, 2, 3, 1, 4)",303
107,False,0.6768676296427045,2.63418029853722,"(0, 5, 2, 4, 3, 1)",304
183,False,0.6768676296427049,2.6341802985372205,"(1, 3, 4, 2, 5, 0)",305
63,False,0.6767892353359773,2.634451241739212,"(0, 3, 4, 2, 5, 1)",306
227,False,0.6767892353359782,2.634451241739214,"(1, 5, 2, 4, 3, 0)",307
105,False,0.6766124760205763,2.63447333568486,"(0, 5, 2, 3, 4, 1)",308
207,False,0.6766124760205764,2.63447333568486,"(1, 4, 3, 2, 5, 0)",309
87,False,0.6765651712360965,2.634754638724468,"(0, 4, 3, 2, 5, 1)",310
225,False,0.6765651712360974,2.63475463872447,"(1, 5, 2, 3, 4, 0)",311
175,False,0.7241814229863481,2.7004577353570407,"(1, 3, 2, 0, 5, 4)",312
55,False,0.7230565083596696,2.700724740676639,"(0, 3, 2, 1, 5, 4)",313
199,False,0.724561168795558,2.7010037138524274,"(1, 4, 2, 0, 5, 3)",314
79,False,0.7230651859014048,2.701281909212031,"(0, 4, 2, 1, 5, 3)",315
40,False,0.7245649011331945,2.703806791519231,"(0, 2, 4, 5, 1, 3)",316
34,False,0.7257461224077794,2.704105177082948,"(0, 2, 3, 5, 1, 4)",317
160,False,0.7263260125170014,2.7043227279719315,"(1, 2, 4, 5, 0, 3)",318
154,False,0.7267265236887509,2.7046323035756537,"(1, 2, 3, 5, 0, 4)",319
41,False,0.7149781120860501,2.707174767990182,"(0, 2, 4, 5, 3, 1)",320
191,False,0.7149781120860504,2.7071747679901823,"(1, 3, 5, 4, 2, 0)",321
35,False,0.7151355899318717,2.7071790417939834,"(0, 2, 3, 5, 4, 1)",322
215,False,0.7151355899318722,2.7071790417939843,"(1, 4, 5, 3, 2, 0)",323
71,False,0.7154255382792778,2.7079739960067446,"(0, 3, 5, 4, 2, 1)",324
161,False,0.715425538279278,2.7079739960067446,"(1, 2, 4, 5, 3, 0)",325
95,False,0.715659976176129,2.7079894598505505,"(0, 4, 5, 3, 2, 1)",326
155,False,0.71565997617613,2.7079894598505523,"(1, 2, 3, 5, 4, 0)",327
210,False,0.7291492043090914,2.715742793037966,"(1, 4, 5, 0, 2, 3)",328
186,False,0.7284310084257292,2.7163206085289864,"(1, 3, 5, 0, 2, 4)",329
90,False,0.7306120113512853,2.7165545204667363,"(0, 4, 5, 1, 2, 3)",330
66,False,0.7304873731161173,2.7171211459177513,"(0, 3, 5, 1, 2, 4)",331
236,False,0.7302135345054167,2.7188927089998547,"(1, 5, 4, 2, 0, 3)",332
116,False,0.7312704183151283,2.719447056761083,"(0, 5, 4, 2, 1, 3)",333
230,False,0.7296458679453163,2.7197789810888646,"(1, 5, 3, 2, 0, 4)",334
110,False,0.7317611741568908,2.720322138810088,"(0, 5, 3, 2, 1, 4)",335
57,False,0.7216479937106992,2.722543977034667,"(0, 3, 2, 4, 5, 1)",336
237,False,0.7216479937107001,2.7225439770346687,"(1, 5, 4, 2, 3, 0)",337
117,False,0.7207256510455728,2.7228150332320338,"(0, 5, 4, 2, 3, 1)",338
177,False,0.7207256510455731,2.722815033232034,"(1, 3, 2, 4, 5, 0)",339
81,False,0.7224182740772099,2.723136137363761,"(0, 4, 2, 3, 5, 1)",340
231,False,0.7224182740772107,2.723136137363763,"(1, 5, 3, 2, 4, 0)",341
111,False,0.722293565335824,2.7233960035211227,"(0, 5, 3, 2, 4, 1)",342
201,False,0.7222935653358246,2.7233960035211235,"(1, 4, 2, 3, 5, 0)",343
212,False,0.7698125753747865,2.807615100026452,"(1, 4, 5, 2, 0, 3)",344
202,False,0.7696202985804469,2.8081702143036784,"(1, 4, 2, 5, 0, 3)",345
92,False,0.7657597783546418,2.808175932563708,"(0, 4, 5, 2, 1, 3)",346
178,False,0.764937001808952,2.8081867527597613,"(1, 3, 2, 5, 0, 4)",347
58,False,0.7691388500139678,2.80819250335023,"(0, 3, 2, 5, 1, 4)",348
82,False,0.7652415062369079,2.808197514771768,"(0, 4, 2, 5, 1, 3)",349
188,False,0.7656570854393365,2.8082083349678224,"(1, 3, 5, 2, 0, 4)",350
68,False,0.7703045837562486,2.808747617627458,"(0, 3, 5, 2, 1, 4)",351
59,False,0.7605811614035622,2.811266368061265,"(0, 3, 2, 5, 4, 1)",352
213,False,0.7605811614035629,2.811266368061266,"(1, 4, 5, 2, 3, 0)",353
93,False,0.7613090233380503,2.8115439090346586,"(0, 4, 5, 2, 3, 1)",354
179,False,0.761309023338051,2.81154390903466,"(1, 3, 2, 5, 4, 0)",355
83,False,0.7597755093706602,2.8115654912427193,"(0, 4, 2, 5, 3, 1)",356
189,False,0.7597755093706611,2.8115654912427206,"(1, 3, 5, 2, 4, 0)",357
69,False,0.7610936186991882,2.8118214823384915,"(0, 3, 5, 2, 4, 1)",358
203,False,0.761093618699189,2.811821482338493,"(1, 4, 2, 5, 3, 0)",359
