,is_well_nested,ms,ee,perm,i
267,False,1.0182431368441658,3.0877920997699055,"(2, 1, 0, 4, 5, 3)",0
3,False,1.0173162607826296,3.0878117135433087,"(0, 1, 2, 4, 5, 3)",1
264,True,1.015870996824242,3.0883418128182396,"(2, 1, 0, 3, 4, 5)",2
0,True,1.0144201509098918,3.0883614265916424,"(0, 1, 2, 3, 4, 5)",3
147,False,1.0177417867802552,3.0884837499959756,"(1, 2, 0, 4, 5, 3)",4
123,False,1.0179622282717968,3.088590327984221,"(1, 0, 2, 4, 5, 3)",5
265,False,1.017066048691481,3.0887256684302273,"(2, 1, 0, 3, 5, 4)",6
1,False,1.0197463261225237,3.08874528220363,"(0, 1, 2, 3, 5, 4)",7
144,False,1.0189645726104017,3.0890334630443093,"(1, 2, 0, 3, 4, 5)",8
269,True,1.021061483243833,3.0891152184406043,"(2, 1, 0, 5, 4, 3)",9
5,True,1.0215615050249283,3.089134832214007,"(0, 1, 2, 5, 4, 3)",10
120,True,1.0169151080976304,3.0891400410325547,"(1, 0, 2, 3, 4, 5)",11
266,True,1.0153107712400409,3.0892763051510657,"(2, 1, 0, 4, 3, 5)",12
2,True,1.0183797883619725,3.0892959189244693,"(0, 1, 2, 4, 3, 5)",13
145,False,1.0170613184863513,3.0894173186562974,"(1, 2, 0, 3, 5, 4)",14
121,False,1.0161220761084373,3.089523896644542,"(1, 0, 2, 3, 5, 4)",15
27,False,1.0200328542493016,3.089550377543988,"(0, 2, 1, 4, 5, 3)",16
243,False,1.0135727752207546,3.08963734175883,"(2, 0, 1, 4, 5, 3)",17
149,False,1.0237375285161658,3.0898068686666744,"(1, 2, 0, 5, 4, 3)",18
125,True,1.020162969127177,3.0899134466549194,"(1, 0, 2, 5, 4, 3)",19
146,False,1.0148108477434072,3.089967955377136,"(1, 2, 0, 4, 3, 5)",20
122,True,1.0163679099853877,3.0900745333653816,"(1, 0, 2, 4, 3, 5)",21
24,False,1.0174196814488747,3.090100090592322,"(0, 2, 1, 3, 4, 5)",22
240,True,1.0194531177684099,3.0901870548071635,"(2, 0, 1, 3, 4, 5)",23
25,False,1.0177171369845608,3.0904839462043086,"(0, 2, 1, 3, 5, 4)",24
241,False,1.018871966136958,3.0905709104191517,"(2, 0, 1, 3, 5, 4)",25
29,False,1.0209019830813184,3.0908734962146864,"(0, 2, 1, 5, 4, 3)",26
245,True,1.0193319792410918,3.0909604604295287,"(2, 0, 1, 5, 4, 3)",27
268,True,1.019829112874398,3.0909832794337526,"(2, 1, 0, 5, 3, 4)",28
4,True,1.0214388876653233,3.0910028932071554,"(0, 1, 2, 5, 3, 4)",29
26,False,1.0190274687158258,3.0910345829251487,"(0, 2, 1, 4, 3, 5)",30
242,True,1.016273913272168,3.09112154713999,"(2, 0, 1, 4, 3, 5)",31
148,False,1.0190560959907742,3.0916749296598227,"(1, 2, 0, 5, 3, 4)",32
124,True,1.018488595505265,3.0917815076480686,"(1, 0, 2, 5, 3, 4)",33
28,False,1.0222017350383945,3.0927415572078356,"(0, 2, 1, 5, 3, 4)",34
244,True,1.0161993449660762,3.0928285214226774,"(2, 0, 1, 5, 3, 4)",35
13,False,1.0253736782560423,3.0948288575925273,"(0, 1, 4, 2, 5, 3)",36
133,False,1.0245660890447275,3.0956074720334392,"(1, 0, 4, 2, 5, 3)",37
12,False,1.0204887410498087,3.096313062973688,"(0, 1, 4, 2, 3, 5)",38
193,False,1.0246692196777896,3.096600365737413,"(1, 4, 0, 2, 5, 3)",39
132,False,1.021708243024618,3.0970916774146007,"(1, 0, 4, 2, 3, 5)",40
192,False,1.0204638797198622,3.098084571118574,"(1, 4, 0, 2, 3, 5)",41
73,False,1.0258341476670267,3.09872681917009,"(0, 4, 1, 2, 5, 3)",42
72,False,1.0221819510925492,3.1002110245512506,"(0, 4, 1, 2, 3, 5)",43
48,False,1.025974706112314,3.1003103909416416,"(0, 3, 1, 2, 4, 5)",44
49,False,1.0237064189891651,3.100694246553629,"(0, 3, 1, 2, 5, 4)",45
6,False,1.0225214173923625,3.1007639669298763,"(0, 1, 3, 2, 4, 5)",46
7,False,1.0221569965925252,3.101147822541863,"(0, 1, 3, 2, 5, 4)",47
126,False,1.026259321262673,3.101542581370788,"(1, 0, 3, 2, 4, 5)",48
127,False,1.0209055177299444,3.101926436982777,"(1, 0, 3, 2, 5, 4)",49
270,False,1.0217940356884938,3.102140019195227,"(2, 1, 3, 0, 4, 5)",50
54,False,1.0265868469062083,3.102318327785304,"(0, 3, 2, 1, 4, 5)",51
43,False,1.028472474949696,3.102342838324831,"(0, 2, 5, 1, 4, 3)",52
259,False,1.0274096512376767,3.102429802539674,"(2, 0, 5, 1, 4, 3)",53
271,False,1.0264304440821685,3.1025238748072153,"(2, 1, 3, 0, 5, 4)",54
14,False,1.0227103110243745,3.102627213190223,"(0, 1, 4, 3, 2, 5)",55
55,False,1.0232843814633288,3.102702183397292,"(0, 3, 2, 1, 5, 4)",56
150,False,1.0240335542635377,3.1028316694212976,"(1, 2, 3, 0, 4, 5)",57
151,False,1.0271458294849591,3.1032155250332862,"(1, 2, 3, 0, 5, 4)",58
134,False,1.0247883663155768,3.1034058276311356,"(1, 0, 4, 3, 2, 5)",59
353,False,1.0261827424121137,3.1034221251705065,"(2, 5, 3, 4, 1, 0)",60
15,False,1.0261827424121137,3.1034221251705065,"(0, 1, 4, 3, 5, 2)",61
16,False,1.0236762504792363,3.1037609192205755,"(0, 1, 4, 5, 2, 3)",62
277,False,1.0258824158763644,3.1039263473473744,"(2, 1, 4, 0, 5, 3)",63
337,False,1.0247098198249387,3.1040156249344246,"(2, 5, 0, 1, 4, 3)",64
348,False,1.0210078967762484,3.1040909267210264,"(2, 5, 3, 0, 1, 4)",65
352,False,1.0239674926957314,3.1042007396114184,"(2, 5, 3, 4, 0, 1)",66
135,False,1.0239674926957316,3.104200739611419,"(1, 0, 4, 3, 5, 2)",67
42,False,1.0285465897076036,3.10421089931798,"(0, 2, 5, 1, 3, 4)",68
258,False,1.0261375652875155,3.1042978635328224,"(2, 0, 5, 1, 3, 4)",69
194,False,1.0182718473287087,3.1043987213351087,"(1, 4, 0, 3, 2, 5)",70
30,False,1.0262692314171349,3.1045105677742173,"(0, 2, 3, 1, 4, 5)",71
136,False,1.0262378968284251,3.1045395336614883,"(1, 0, 4, 5, 2, 3)",72
246,False,1.026434520518775,3.1045975319890595,"(2, 0, 3, 1, 4, 5)",73
157,False,1.0322657047470563,3.104617997573445,"(1, 2, 4, 0, 5, 3)",74
31,False,1.0271220712725138,3.104894423386205,"(0, 2, 3, 1, 5, 4)",75
247,False,1.0273792436432139,3.1049813876010477,"(2, 0, 3, 1, 5, 4)",76
349,False,1.0243623593736104,3.1051936333153924,"(2, 5, 3, 0, 4, 1)",77
195,False,1.0243623593736104,3.1051936333153924,"(1, 4, 0, 3, 5, 2)",78
276,False,1.0235889242010463,3.105410552728535,"(2, 1, 4, 0, 3, 5)",79
196,False,1.0252324388737872,3.105532427365462,"(1, 4, 0, 5, 2, 3)",80
103,False,1.0288919207498004,3.105700093915362,"(0, 5, 2, 1, 4, 3)",81
199,False,1.0290914846753065,3.1057174692656635,"(1, 4, 2, 0, 5, 3)",82
336,False,1.0281858851380434,3.105883685927573,"(2, 5, 0, 1, 3, 4)",83
311,False,1.022801921321405,3.10604003658202,"(2, 3, 5, 4, 1, 0)",84
17,False,1.022801921321405,3.10604003658202,"(0, 1, 4, 5, 3, 2)",85
156,False,1.0266771259923166,3.106102202954606,"(1, 2, 4, 0, 3, 5)",86
356,False,1.0204227783301028,3.106161792324684,"(2, 5, 4, 1, 0, 3)",87
283,False,1.0275868448329804,3.1062392588857985,"(2, 1, 5, 0, 4, 3)",88
280,False,1.0287962879629156,3.1064624351802452,"(2, 1, 4, 5, 0, 3)",89
74,False,1.0183320695329758,3.106525174767786,"(0, 4, 1, 3, 2, 5)",90
212,False,1.0266584911231598,3.1065297867029606,"(1, 4, 5, 2, 0, 3)",91
306,False,1.0245560330471304,3.1067088381325396,"(2, 3, 5, 0, 1, 4)",92
310,False,1.0277561798450745,3.106818651022932,"(2, 3, 5, 4, 0, 1)",93
137,False,1.0277561798450752,3.106818651022933,"(1, 0, 4, 5, 3, 2)",94
44,False,1.024586894031946,3.106870338172361,"(0, 2, 5, 3, 1, 4)",95
163,False,1.0305951616663045,3.1069309091118686,"(1, 2, 5, 0, 4, 3)",96
260,False,1.024280392046936,3.1069573023872024,"(2, 0, 5, 3, 1, 4)",97
350,False,1.025440095568966,3.106995994594615,"(2, 5, 3, 1, 0, 4)",98
160,False,1.0276486204507622,3.107154085406316,"(1, 2, 4, 5, 0, 3)",99
198,False,1.027220407038665,3.1072016746468245,"(1, 4, 2, 0, 3, 5)",100
351,False,1.0212133679527122,3.1073200867480693,"(2, 5, 3, 1, 4, 0)",101
75,False,1.0212133679527124,3.10732008674807,"(0, 4, 1, 3, 5, 2)",102
286,False,1.030700683467448,3.10745222804797,"(2, 1, 5, 4, 0, 3)",103
50,False,1.0258370426872356,3.1075590334910026,"(0, 3, 1, 4, 2, 5)",104
102,False,1.0256352868364753,3.1075681549085106,"(0, 5, 2, 1, 3, 4)",105
58,False,1.0222093603319053,3.107619233255197,"(0, 3, 2, 5, 1, 4)",106
76,False,1.0242395984780268,3.1076588807981387,"(0, 4, 1, 5, 2, 3)",107
197,False,1.0259153833195802,3.1078115447269057,"(1, 4, 0, 5, 3, 2)",108
307,False,1.0259153833195802,3.1078115447269057,"(2, 3, 5, 0, 4, 1)",109
45,False,1.0284416292587886,3.1079730447667275,"(0, 2, 5, 3, 4, 1)",110
209,False,1.0284416292587886,3.1079730447667275,"(1, 4, 3, 5, 2, 0)",111
8,False,1.0270448754347132,3.1080126094792373,"(0, 1, 3, 4, 2, 5)",112
208,False,1.0267216802158106,3.1080600089815684,"(1, 4, 3, 5, 0, 2)",113
261,False,1.0267216802158108,3.108060008981569,"(2, 0, 5, 3, 4, 1)",114
37,False,1.0318389959763183,3.108088466286698,"(0, 2, 4, 1, 5, 3)",115
282,False,1.0328908130795558,3.1081073198789477,"(2, 1, 5, 0, 3, 4)",116
19,False,1.0315892966327833,3.108123570767548,"(0, 1, 5, 2, 4, 3)",117
166,False,1.0293721948284398,3.1081438782740407,"(1, 2, 5, 4, 0, 3)",118
253,False,1.03035876981292,3.10817543050154,"(2, 0, 4, 1, 5, 3)",119
294,False,1.0270522864935263,3.108188994990416,"(2, 3, 1, 0, 4, 5)",120
202,False,1.026317798258369,3.108253557098534,"(1, 4, 2, 5, 0, 3)",121
357,False,1.0247101606028024,3.1083539454712863,"(2, 5, 4, 1, 3, 0)",122
51,False,1.0247101606028028,3.108353945471287,"(0, 3, 1, 4, 5, 2)",123
338,False,1.0242506140574021,3.1085431247819533,"(2, 5, 0, 3, 1, 4)",124
295,False,1.0260403565704903,3.1085728506024033,"(2, 3, 1, 0, 5, 4)",125
281,False,1.0279359441197677,3.108654588326848,"(2, 1, 4, 5, 3, 0)",126
70,False,1.0279359441197677,3.108654588326848,"(0, 3, 5, 4, 1, 2)",127
213,False,1.0243955538383498,3.108721939849563,"(1, 4, 5, 2, 3, 0)",128
59,False,1.0243955538383498,3.1087219398495636,"(0, 3, 2, 5, 4, 1)",129
128,False,1.0257893796311386,3.10879122392015,"(1, 0, 3, 4, 2, 5)",130
162,False,1.031098886258418,3.1087989701050174,"(1, 2, 5, 0, 3, 4)",131
288,False,1.0237599243163291,3.1088012657953237,"(2, 3, 0, 1, 4, 5)",132
359,False,1.0298304159610328,3.1088075214595206,"(2, 5, 4, 3, 1, 0)",133
9,False,1.0298304159610332,3.108807521459521,"(0, 1, 3, 4, 5, 2)",134
204,False,1.0253776022896481,3.1088509193960356,"(1, 4, 3, 0, 2, 5)",135
139,False,1.0299819529800514,3.1089021852084597,"(1, 0, 5, 2, 4, 3)",136
289,False,1.0272722647382515,3.109185121407312,"(2, 3, 0, 1, 5, 4)",137
68,False,1.030058613687429,3.1093430036507703,"(0, 3, 5, 2, 1, 4)",138
161,False,1.0296071997777483,3.1093462385529187,"(1, 2, 4, 5, 3, 0)",139
71,False,1.0296071997777485,3.109346238552919,"(0, 3, 5, 4, 2, 1)",140
36,False,1.0281204991534645,3.109572671667859,"(0, 2, 4, 1, 3, 5)",141
358,False,1.0259271500082168,3.1095861359004338,"(2, 5, 4, 3, 0, 1)",142
129,False,1.0259271500082172,3.109586135900434,"(1, 0, 3, 4, 5, 2)",143
308,False,1.0256252583156926,3.1096139060061287,"(2, 3, 5, 1, 0, 4)",144
287,False,1.0287057395720864,3.109644381194573,"(2, 1, 5, 4, 3, 0)",145
64,False,1.0287057395720867,3.1096443811945735,"(0, 3, 4, 5, 1, 2)",146
339,False,1.0256883641360328,3.10964583137632,"(2, 5, 0, 3, 4, 1)",147
205,False,1.0256883641360333,3.1096458313763202,"(1, 4, 3, 0, 5, 2)",148
252,False,1.024242753087187,3.1096596358827004,"(2, 0, 4, 1, 3, 5)",149
343,False,1.0257909461510417,3.1096703232694733,"(2, 5, 1, 0, 4, 3)",150
34,False,1.0277398580708368,3.109811473244111,"(0, 2, 3, 5, 1, 4)",151
250,False,1.0278297835077888,3.1098984374589524,"(2, 0, 3, 5, 1, 4)",152
77,False,1.0275401852941957,3.1099379981595834,"(0, 4, 1, 5, 3, 2)",153
309,False,1.0275401852941957,3.1099379981595834,"(2, 3, 5, 1, 4, 0)",154
18,False,1.031497983983969,3.109991631760696,"(0, 1, 5, 2, 3, 4)",155
104,False,1.0206322176124143,3.1102275937628905,"(0, 5, 2, 3, 1, 4)",156
79,False,1.0324412363819777,3.110247763863582,"(0, 4, 2, 1, 5, 3)",157
167,False,1.0297403409636348,3.110336031420643,"(1, 2, 5, 4, 3, 0)",158
65,False,1.029740340963635,3.1103360314206436,"(0, 3, 4, 5, 2, 1)",159
274,False,1.026886882151876,3.1103459925387096,"(2, 1, 3, 5, 0, 4)",160
203,False,1.030872606718859,3.1104457102451364,"(1, 4, 2, 5, 3, 0)",161
69,False,1.0308726067188592,3.1104457102451373,"(0, 3, 5, 2, 4, 1)",162
168,False,1.025980503976078,3.110555289373283,"(1, 3, 0, 2, 4, 5)",163
206,False,1.0262776756758853,3.1106223525918146,"(1, 4, 3, 2, 0, 5)",164
94,False,1.0295192537832492,3.110670084692164,"(0, 4, 5, 3, 1, 2)",165
275,False,1.0295192537832492,3.110670084692164,"(2, 1, 3, 5, 4, 0)",166
138,False,1.0325508966114383,3.110770246201609,"(1, 0, 5, 2, 3, 4)",167
346,False,1.0255358216359938,3.110883292431645,"(2, 5, 1, 4, 0, 3)",168
215,False,1.0284529693165523,3.110914179838477,"(1, 4, 5, 3, 2, 0)",169
35,False,1.0284529693165523,3.1109141798384776,"(0, 2, 3, 5, 4, 1)",170
169,False,1.029363772446167,3.110939144985271,"(1, 3, 0, 2, 5, 4)",171
214,False,1.0263168428738796,3.1110011440533194,"(1, 4, 5, 3, 0, 2)",172
251,False,1.0263168428738796,3.11100114405332,"(2, 0, 3, 5, 4, 1)",173
154,False,1.0279233110329324,3.1110376427647806,"(1, 2, 3, 5, 0, 4)",174
272,False,1.025936720395959,3.1111600949403684,"(2, 1, 3, 4, 0, 5)",175
332,False,1.026116733807017,3.11116738035337,"(2, 4, 5, 1, 0, 3)",176
207,False,1.0275470434773153,3.1113303003572566,"(1, 4, 3, 2, 5, 0)",177
105,False,1.0275470434773155,3.111330300357257,"(0, 5, 2, 3, 4, 1)",178
95,False,1.0335140966865461,3.1113617349182348,"(0, 4, 5, 3, 2, 1)",179
155,False,1.0335140966865461,3.1113617349182348,"(1, 2, 3, 5, 4, 0)",180
342,False,1.0262960041254239,3.1115383842626225,"(2, 5, 1, 0, 3, 4)",181
78,False,1.0305368254495324,3.111731969244743,"(0, 4, 2, 1, 3, 5)",182
152,False,1.027629169908287,3.111851745166439,"(1, 2, 3, 4, 0, 5)",183
118,False,1.0299015777917535,3.1118680427058103,"(0, 5, 4, 3, 1, 2)",184
273,False,1.0299015777917535,3.1118680427058103,"(2, 1, 3, 4, 5, 0)",185
174,False,1.0291198521121603,3.1119509554120377,"(1, 3, 2, 0, 4, 5)",186
236,False,1.026977999186467,3.1122641524396126,"(1, 5, 4, 2, 0, 3)",187
60,False,1.0277710448975956,3.112280533597964,"(0, 3, 4, 1, 2, 5)",188
175,False,1.0290134686711063,3.1123348110240254,"(1, 3, 2, 0, 5, 4)",189
319,False,1.0291686361290768,3.1123629997597355,"(2, 4, 1, 0, 5, 3)",190
153,False,1.0286881339249798,3.112559692931881,"(1, 2, 3, 4, 5, 0)",191
119,False,1.0286881339249798,3.1125596929318813,"(0, 5, 4, 3, 2, 1)",192
210,False,1.0315679927376022,3.1129257604981384,"(1, 4, 5, 0, 2, 3)",193
52,False,1.0304074775843155,3.112948477131677,"(0, 3, 1, 5, 2, 4)",194
56,False,1.0270171680043036,3.1129697433798613,"(0, 3, 2, 4, 1, 5)",195
46,False,1.0309964602059871,3.113022091477734,"(0, 2, 5, 4, 1, 3)",196
347,False,1.030940062166914,3.1130754455782483,"(2, 5, 1, 4, 3, 0)",197
61,False,1.030940062166914,3.1130754455782483,"(0, 3, 4, 1, 5, 2)",198
262,False,1.0315837905910057,3.113109055692576,"(2, 0, 5, 4, 1, 3)",199
97,False,1.0300128692304347,3.1132194903587567,"(0, 5, 1, 2, 4, 3)",200
53,False,1.0285207717485378,3.113359533499973,"(0, 3, 1, 5, 4, 2)",201
333,False,1.0285207717485376,3.113359533499973,"(2, 4, 5, 1, 3, 0)",202
10,False,1.0284410780553364,3.1134020531199114,"(0, 1, 3, 5, 2, 4)",203
278,False,1.0273832743988067,3.1134961361408497,"(2, 1, 4, 3, 0, 5)",204
284,False,1.0323826218875194,3.1136718266069168,"(2, 1, 5, 3, 0, 4)",205
223,False,1.0299222030339992,3.113764746540739,"(1, 5, 2, 0, 4, 3)",206
335,False,1.0297583727229636,3.1138131094882073,"(2, 4, 5, 3, 1, 0)",207
11,False,1.0297583727229636,3.113813109488208,"(0, 1, 3, 5, 4, 2)",208
318,False,1.0227531723818526,3.113847205140897,"(2, 4, 1, 0, 3, 5)",209
285,False,1.0308532914412174,3.1139959187603705,"(2, 1, 5, 3, 4, 0)",210
88,False,1.0308532914412174,3.1139959187603705,"(0, 4, 3, 5, 1, 2)",211
292,False,1.0290691721310703,3.114102171265217,"(2, 3, 0, 5, 1, 4)",212
130,False,1.0303343113562717,3.1141806675608237,"(1, 0, 3, 5, 2, 4)",213
158,False,1.030012174721614,3.11418778636692,"(1, 2, 4, 3, 0, 5)",214
112,False,1.0309473627472514,3.114204083906291,"(0, 5, 3, 4, 1, 2)",215
279,False,1.0309473627472514,3.1142040839062917,"(2, 1, 4, 3, 5, 0)",216
164,False,1.0344951224254622,3.114363476832987,"(1, 2, 5, 3, 0, 4)",217
90,False,1.0302807409919352,3.1144399431259084,"(0, 4, 5, 1, 2, 3)",218
57,False,1.0286266942085582,3.114456305586216,"(0, 3, 2, 4, 5, 1)",219
237,False,1.0286266942085582,3.114456305586216,"(1, 5, 4, 2, 3, 0)",220
334,False,1.0298494136566034,3.1145917239291196,"(2, 4, 5, 3, 0, 1)",221
131,False,1.0298494136566037,3.11459172392912,"(1, 0, 3, 5, 4, 2)",222
165,False,1.0336030689133417,3.114687568986441,"(1, 2, 5, 3, 4, 0)",223
89,False,1.0336030689133417,3.1146875689864415,"(0, 4, 3, 5, 2, 1)",224
340,False,1.0257226722500465,3.1146948780873256,"(2, 5, 0, 4, 1, 3)",225
313,False,1.0289916391124825,3.1147668409249767,"(2, 4, 0, 1, 5, 3)",226
110,False,1.0279666544251622,3.1148924992302147,"(0, 5, 3, 2, 1, 4)",227
113,False,1.0313155603219253,3.114895734132362,"(0, 5, 3, 4, 2, 1)",228
159,False,1.031315560321925,3.114895734132362,"(1, 2, 4, 3, 5, 0)",229
322,False,1.0285248256724762,3.114899087592607,"(2, 4, 1, 5, 0, 3)",230
226,False,1.0319724602111164,3.1149777157029117,"(1, 5, 2, 4, 0, 3)",231
96,False,1.0305404059928465,3.1150875513519054,"(0, 5, 1, 2, 3, 4)",232
32,False,1.0329401501284874,3.1151619833687745,"(0, 2, 3, 4, 1, 5)",233
211,False,1.0306715716914936,3.1152048778595836,"(1, 4, 5, 0, 3, 2)",234
293,False,1.0306715716914936,3.1152048778595836,"(2, 3, 0, 5, 4, 1)",235
248,False,1.0319788005988364,3.115248947583617,"(2, 0, 3, 4, 1, 5)",236
200,False,1.0285314075572385,3.115287258059139,"(1, 4, 2, 3, 0, 5)",237
354,False,1.0300338480131848,3.1156280763154136,"(2, 5, 4, 0, 1, 3)",238
217,False,1.0302676700095117,3.1156294446490844,"(1, 5, 0, 2, 4, 3)",239
222,False,1.0307310648893515,3.1156328075338884,"(1, 5, 2, 0, 3, 4)",240
114,False,1.032782124603323,3.1156379011395545,"(0, 5, 4, 1, 2, 3)",241
62,False,1.0283316149232058,3.1156833066431604,"(0, 3, 4, 2, 1, 5)",242
22,False,1.0342752984664978,3.115732513724897,"(0, 1, 5, 4, 2, 3)",243
185,False,1.0326889520880074,3.115992859065249,"(1, 3, 4, 5, 2, 0)",244
47,False,1.0326889520880074,3.115992859065249,"(0, 2, 5, 4, 3, 1)",245
201,False,1.0280054021072118,3.1159952058245803,"(1, 4, 2, 3, 5, 0)",246
111,False,1.028005402107212,3.115995205824581,"(0, 5, 3, 2, 4, 1)",247
263,False,1.0330134928602577,3.1160798232800904,"(2, 0, 5, 4, 3, 1)",248
184,False,1.0330134928602577,3.1160798232800904,"(1, 3, 4, 5, 0, 2)",249
312,False,1.0326908311262621,3.1162510463061373,"(2, 4, 0, 1, 3, 5)",250
106,False,1.034501162081843,3.1163793470682637,"(0, 5, 2, 4, 1, 3)",251
298,False,1.0261596832494493,3.1163949683338985,"(2, 3, 1, 5, 0, 4)",252
142,False,1.0344876544304662,3.1165111281658096,"(1, 0, 5, 4, 2, 3)",253
84,False,1.029406147496507,3.116632071163762,"(0, 4, 3, 1, 2, 5)",254
33,False,1.0272593456894459,3.1166485455751287,"(0, 2, 3, 4, 5, 1)",255
239,False,1.027259345689446,3.116648545575129,"(1, 5, 4, 3, 2, 0)",256
66,False,1.0299512820076684,3.1166801843709138,"(0, 3, 5, 1, 2, 4)",257
299,False,1.0308106470693175,3.1167190604873527,"(2, 3, 1, 5, 4, 0)",258
91,False,1.0308106470693175,3.1167190604873527,"(0, 4, 5, 1, 3, 2)",259
249,False,1.0299136098955894,3.1167355097899714,"(2, 0, 3, 4, 5, 1)",260
238,False,1.0299136098955894,3.1167355097899714,"(1, 5, 4, 3, 0, 2)",261
180,False,1.025521840059404,3.1168707336945567,"(1, 3, 4, 0, 2, 5)",262
323,False,1.0304248843309927,3.117091240739209,"(2, 4, 1, 5, 3, 0)",263
67,False,1.030424884330993,3.1170912407392097,"(0, 3, 5, 1, 4, 2)",264
344,False,1.0292396548248457,3.117102890990591,"(2, 5, 1, 3, 0, 4)",265
63,False,1.032114528634956,3.117169868849514,"(0, 3, 4, 2, 5, 1)",266
227,False,1.0321145286349558,3.117169868849514,"(1, 5, 2, 4, 3, 0)",267
296,False,1.0249646796841279,3.1172090707355564,"(2, 3, 1, 4, 0, 5)",268
345,False,1.0328274553232644,3.1174269831440458,"(2, 5, 1, 3, 4, 0)",269
85,False,1.0328274553232644,3.1174269831440458,"(0, 4, 3, 1, 5, 2)",270
216,False,1.030937308197536,3.117497505642233,"(1, 5, 0, 2, 3, 4)",271
92,False,1.0342078916411999,3.11751025332146,"(0, 4, 5, 2, 1, 3)",272
341,False,1.0290609472938252,3.117665645674841,"(2, 5, 0, 4, 3, 1)",273
181,False,1.0290609472938255,3.117665645674841,"(1, 3, 4, 0, 5, 2)",274
170,False,1.029328552325493,3.117803931922645,"(1, 3, 0, 4, 2, 5)",275
115,False,1.0281832817368104,3.117917018500999,"(0, 5, 4, 1, 3, 2)",276
297,False,1.0281832817368104,3.117917018500999,"(2, 3, 1, 4, 5, 0)",277
305,False,1.029718256133468,3.1180116310863415,"(2, 3, 4, 5, 1, 0)",278
23,False,1.0297182561334681,3.1180116310863424,"(0, 1, 5, 4, 3, 2)",279
355,False,1.0292306102007978,3.1185988439029284,"(2, 5, 4, 0, 3, 1)",280
171,False,1.0292306102007978,3.1185988439029284,"(1, 3, 0, 4, 5, 2)",281
182,False,1.0279136674245843,3.118642166890336,"(1, 3, 4, 2, 0, 5)",282
234,False,1.033572808762911,3.118660126234791,"(1, 5, 4, 0, 2, 3)",283
116,False,1.0318438545420425,3.1187082113351066,"(0, 5, 4, 2, 1, 3)",284
304,False,1.0342406487741849,3.1187902455272543,"(2, 3, 4, 5, 0, 1)",285
143,False,1.0342406487741853,3.1187902455272543,"(1, 0, 5, 4, 3, 2)",286
38,False,1.030262056899071,3.11928959492959,"(0, 2, 4, 3, 1, 5)",287
183,False,1.0324558196731835,3.1193501146557785,"(1, 3, 4, 2, 5, 0)",288
107,False,1.0324558196731832,3.1193501146557785,"(0, 5, 2, 4, 3, 1)",289
254,False,1.0283148569514244,3.1193765591444316,"(2, 0, 4, 3, 1, 5)",290
290,False,1.0281272698168986,3.1194526813898804,"(2, 3, 0, 4, 1, 5)",291
20,False,1.0324673724588576,3.1199882513352186,"(0, 1, 5, 3, 2, 4)",292
86,False,1.0310934945873225,3.1200348442089574,"(0, 4, 3, 2, 1, 5)",293
40,False,1.032620756961073,3.1200908381102987,"(0, 2, 4, 5, 1, 3)",294
178,False,1.029357330036448,3.120156928755521,"(1, 3, 2, 5, 0, 4)",295
256,False,1.0333983054260405,3.12017780232514,"(2, 0, 4, 5, 1, 3)",296
329,False,1.0321542045248742,3.120399307703514,"(2, 4, 3, 5, 1, 0)",297
21,False,1.0321542045248744,3.120399307703515,"(0, 1, 5, 3, 4, 2)",298
179,False,1.029295450050294,3.1204810209089753,"(1, 3, 2, 5, 4, 0)",299
93,False,1.029295450050294,3.1204810209089753,"(0, 4, 5, 2, 3, 1)",300
330,False,1.030643318166847,3.1206336643440995,"(2, 4, 5, 0, 1, 3)",301
140,False,1.032008596741708,3.1207668657761314,"(1, 0, 5, 3, 2, 4)",302
233,False,1.0339679396435606,3.1207761571359436,"(1, 5, 3, 4, 2, 0)",303
39,False,1.0339679396435606,3.1207761571359436,"(0, 2, 4, 3, 5, 1)",304
100,False,1.0316684245159464,3.1208284333161065,"(0, 5, 1, 4, 2, 3)",305
232,False,1.0317825215775036,3.120863121350785,"(1, 5, 3, 4, 0, 2)",306
255,False,1.0317825215775036,3.1208631213507854,"(2, 0, 4, 3, 5, 1)",307
235,False,1.030495597164898,3.1209392435962355,"(1, 5, 4, 0, 3, 2)",308
291,False,1.0304955971648981,3.1209392435962355,"(2, 3, 0, 4, 5, 1)",309
176,False,1.0354213436860271,3.120971031157179,"(1, 3, 2, 4, 0, 5)",310
328,False,1.0336959211196486,3.121177922144426,"(2, 4, 3, 5, 0, 1)",311
141,False,1.033695921119649,3.121177922144427,"(1, 0, 5, 3, 4, 2)",312
224,False,1.027057432688259,3.1211973142618574,"(1, 5, 2, 3, 0, 4)",313
80,False,1.0322422478333917,3.121448892506473,"(0, 4, 2, 3, 1, 5)",314
87,False,1.035930282689037,3.1215214064153116,"(0, 4, 3, 2, 5, 1)",315
225,False,1.035930282689037,3.1215214064153116,"(1, 5, 2, 3, 4, 0)",316
117,False,1.0316864876196576,3.1216789789226214,"(0, 5, 4, 2, 3, 1)",317
177,False,1.0316864876196576,3.1216789789226214,"(1, 3, 2, 4, 5, 0)",318
320,False,1.0311362862918585,3.121932788553211,"(2, 4, 1, 3, 0, 5)",319
108,False,1.0306752599823874,3.122229679950357,"(0, 5, 3, 1, 2, 4)",320
82,False,1.0369042183472352,3.122250135687182,"(0, 4, 2, 5, 1, 3)",321
302,False,1.0316826708529117,3.1223996029121084,"(2, 3, 4, 1, 0, 5)",322
230,False,1.0308517119877665,3.1226113625593728,"(1, 5, 3, 2, 0, 4)",323
109,False,1.0285275380601504,3.1226407363186532,"(0, 5, 3, 1, 4, 2)",324
321,False,1.0285275380601504,3.1226407363186532,"(2, 4, 1, 3, 5, 0)",325
231,False,1.0313872308396177,3.1229354547128274,"(1, 5, 3, 2, 4, 0)",326
81,False,1.031387230839618,3.1229354547128274,"(0, 4, 2, 3, 5, 1)",327
191,False,1.034345980411987,3.123061605697814,"(1, 3, 5, 4, 2, 0)",328
41,False,1.034345980411987,3.123061605697814,"(0, 2, 4, 5, 3, 1)",329
303,False,1.036390762456987,3.1231075506775503,"(2, 3, 4, 1, 5, 0)",330
101,False,1.036390762456987,3.1231075506775503,"(0, 5, 1, 4, 3, 2)",331
257,False,1.0329279984162383,3.1231485699126553,"(2, 0, 4, 5, 3, 1)",332
190,False,1.0329279984162385,3.1231485699126553,"(1, 3, 5, 4, 0, 2)",333
172,False,1.0291352344425286,3.1231933755633188,"(1, 3, 0, 5, 2, 4)",334
220,False,1.0370987816011716,3.123238387606435,"(1, 5, 0, 4, 2, 3)",335
173,False,1.031678591777087,3.1236044319316147,"(1, 3, 0, 5, 4, 2)",336
331,False,1.0316785917770872,3.1236044319316147,"(2, 4, 5, 0, 3, 1)",337
300,False,1.0311181616178187,3.1240309427615247,"(2, 3, 4, 0, 1, 5)",338
326,False,1.031124505841284,3.1247872795292815,"(2, 4, 3, 1, 0, 5)",339
188,False,1.0349971098926818,3.1248968111212423,"(1, 3, 5, 2, 0, 4)",340
98,False,1.0329336505534006,3.125084170926428,"(0, 5, 1, 3, 2, 4)",341
189,False,1.0344815093381245,3.125220903274697,"(1, 3, 5, 2, 4, 0)",342
83,False,1.0344815093381245,3.1252209032746974,"(0, 4, 2, 5, 3, 1)",343
327,False,1.0304167001231974,3.1254952272947234,"(2, 4, 3, 1, 5, 0)",344
99,False,1.0304167001231976,3.125495227294724,"(0, 5, 1, 3, 4, 2)",345
301,False,1.0332813075139344,3.1255175049678794,"(2, 3, 4, 0, 5, 1)",346
221,False,1.0332813075139344,3.1255175049678794,"(1, 5, 0, 4, 3, 2)",347
314,False,1.0328540427095665,3.125967969567868,"(2, 4, 0, 3, 1, 5)",348
324,False,1.031686859329721,3.126418619378698,"(2, 4, 3, 0, 1, 5)",349
316,False,1.0315719211658336,3.1267692127485773,"(2, 4, 0, 5, 1, 3)",350
228,False,1.0362407640331301,3.1270434754059266,"(1, 5, 3, 0, 2, 4)",351
315,False,1.0327290509528972,3.1274545317742226,"(2, 4, 0, 3, 5, 1)",352
229,False,1.0327290509528972,3.1274545317742226,"(1, 5, 3, 0, 4, 2)",353
218,False,1.0336850590495208,3.127494125216756,"(1, 5, 0, 3, 2, 4)",354
219,False,1.0367737145066906,3.127905181585052,"(1, 5, 0, 3, 4, 2)",355
325,False,1.0367737145066906,3.127905181585052,"(2, 4, 3, 0, 5, 1)",356
186,False,1.0337633698081192,3.129328923967796,"(1, 3, 5, 0, 2, 4)",357
187,False,1.0363656625694067,3.1297399803360917,"(1, 3, 5, 0, 4, 2)",358
317,False,1.0363656625694069,3.129739980336092,"(2, 4, 0, 5, 3, 1)",359
