,is_well_nested,ms,ee,perm,i
4,True,0.33186819602178613,1.9480881396699015,"(0, 1, 2, 5, 3, 4)",0
124,True,0.33186796623504333,1.9480904059778934,"(1, 0, 2, 5, 3, 4)",1
5,True,0.33187038237784716,1.9480917752588003,"(0, 1, 2, 5, 4, 3)",2
268,True,0.33188879485555134,1.9480936319884266,"(2, 1, 0, 5, 3, 4)",3
125,True,0.33186945620979047,1.9480940415667922,"(1, 0, 2, 5, 4, 3)",4
244,True,0.3318866196895618,1.9480946140773778,"(2, 0, 1, 5, 3, 4)",5
269,True,0.3318882492581054,1.9480972675773258,"(2, 1, 0, 5, 4, 3)",6
2,True,0.33188775401972037,1.9480979166837276,"(0, 1, 2, 4, 3, 5)",7
245,True,0.33188922182565145,1.9480982496662762,"(2, 0, 1, 5, 4, 3)",8
122,True,0.3318855574367085,1.948100182991719,"(1, 0, 2, 4, 3, 5)",9
0,True,0.3318875456823014,1.9481010488505526,"(0, 1, 2, 3, 4, 5)",10
120,True,0.33188761100832154,1.948103315158544,"(1, 0, 2, 3, 4, 5)",11
266,True,0.33190039779230124,1.9481034090022524,"(2, 1, 0, 4, 3, 5)",12
242,True,0.33190409316378233,1.9481043910912033,"(2, 0, 1, 4, 3, 5)",13
264,True,0.33190711408731566,1.9481065411690772,"(2, 1, 0, 3, 4, 5)",14
240,True,0.33190038079490014,1.9481075232580285,"(2, 0, 1, 3, 4, 5)",15
18,False,0.33189883686400573,1.9481833255427141,"(0, 1, 5, 2, 3, 4)",16
138,False,0.331900307444671,1.9481855918507056,"(1, 0, 5, 2, 3, 4)",17
19,False,0.33190014832183623,1.9481869611316123,"(0, 1, 5, 2, 4, 3)",18
139,False,0.33190019464748344,1.948189227439604,"(1, 0, 5, 2, 4, 3)",19
329,False,0.33192725702699993,1.9482327905699064,"(2, 4, 3, 5, 1, 0)",20
21,False,0.33192725702700027,1.9482327905699073,"(0, 1, 5, 3, 4, 2)",21
328,False,0.3319295084901345,1.9482350568778986,"(2, 4, 3, 5, 0, 1)",22
141,False,0.33192950849013464,1.948235056877899,"(1, 0, 5, 3, 4, 2)",23
353,False,0.331932496792848,1.9482367304824593,"(2, 5, 3, 4, 1, 0)",24
15,False,0.3319324967928483,1.9482367304824602,"(0, 1, 4, 3, 5, 2)",25
305,False,0.3319298657789268,1.9482382873494355,"(2, 3, 4, 5, 1, 0)",26
23,False,0.3319298657789272,1.9482382873494366,"(0, 1, 5, 4, 3, 2)",27
352,False,0.33192936710497767,1.9482389967904516,"(2, 5, 3, 4, 0, 1)",28
135,False,0.33192936710497783,1.948238996790452,"(1, 0, 4, 3, 5, 2)",29
359,False,0.33193062838633913,1.9482394026695997,"(2, 5, 4, 3, 1, 0)",30
9,False,0.3319306283863395,1.9482394026696008,"(0, 1, 3, 4, 5, 2)",31
342,False,0.33193954558869243,1.9482399597365414,"(2, 5, 1, 0, 3, 4)",32
336,False,0.33193498234603935,1.948240469703981,"(2, 5, 0, 1, 3, 4)",33
304,False,0.33192904458152694,1.9482405536574279,"(2, 3, 4, 5, 0, 1)",34
143,False,0.33192904458152717,1.9482405536574285,"(1, 0, 5, 4, 3, 2)",35
14,False,0.3319360020368338,1.948241273073307,"(0, 1, 4, 3, 2, 5)",36
358,False,0.33193561340722155,1.9482416689775912,"(2, 5, 4, 3, 0, 1)",37
129,False,0.3319356134072218,1.9482416689775919,"(1, 0, 3, 4, 5, 2)",38
134,False,0.3319323564138525,1.9482435393812982,"(1, 0, 4, 3, 2, 5)",39
343,False,0.3319362152873009,1.94824359532544,"(2, 5, 1, 0, 4, 3)",40
8,False,0.3319329735761155,1.948243945260447,"(0, 1, 3, 4, 2, 5)",41
337,False,0.33194079662452314,1.9482441052928794,"(2, 5, 0, 1, 4, 3)",42
128,False,0.33193823780848164,1.9482462115684378,"(1, 0, 3, 4, 2, 5)",43
1,False,0.331930316932278,1.9482552203617969,"(0, 1, 2, 3, 5, 4)",44
3,False,0.3319305227589501,1.9482557237838705,"(0, 1, 2, 4, 5, 3)",45
121,False,0.3319304899435984,1.9482574866697886,"(1, 0, 2, 3, 5, 4)",46
123,False,0.33192955568266813,1.9482579900918622,"(1, 0, 2, 4, 5, 3)",47
265,False,0.33194978004074055,1.9482607126803222,"(2, 1, 0, 3, 5, 4)",48
267,False,0.33194827280402706,1.9482612161023956,"(2, 1, 0, 4, 5, 3)",49
241,False,0.331947659848164,1.9482616947692728,"(2, 0, 1, 3, 5, 4)",50
243,False,0.3319485389789612,1.9482621981913464,"(2, 0, 1, 4, 5, 3)",51
28,False,0.33193568511471705,1.9482762387968686,"(0, 2, 1, 5, 3, 4)",52
148,False,0.3319367834419395,1.9482775230159093,"(1, 2, 0, 5, 3, 4)",53
29,False,0.33193873746604075,1.948279874385766,"(0, 2, 1, 5, 4, 3)",54
149,False,0.33193780338137674,1.948281158604808,"(1, 2, 0, 5, 4, 3)",55
26,False,0.33195359211303027,1.948286015810693,"(0, 2, 1, 4, 3, 5)",56
146,False,0.3319532662545109,1.9482873000297347,"(1, 2, 0, 4, 3, 5)",57
24,False,0.33195392046307837,1.9482891479775186,"(0, 2, 1, 3, 4, 5)",58
144,False,0.33195583049114785,1.9482904321965604,"(1, 2, 0, 3, 4, 5)",59
326,False,0.3319591621529604,1.9482924231141503,"(2, 4, 3, 1, 0, 5)",60
324,False,0.33196539248847995,1.9482935390782634,"(2, 4, 3, 0, 1, 5)",61
302,False,0.3319657381904476,1.948297919893679,"(2, 3, 4, 1, 0, 5)",62
300,False,0.33196063128542724,1.948299035857793,"(2, 3, 4, 0, 1, 5)",63
12,False,0.3319719660642561,1.948355932845497,"(0, 1, 4, 2, 3, 5)",64
132,False,0.33197201403183796,1.948358199153488,"(1, 0, 4, 2, 3, 5)",65
6,False,0.3319753263682853,1.948361737199462,"(0, 1, 3, 2, 4, 5)",66
126,False,0.3319740911987305,1.9483640035074532,"(1, 0, 3, 2, 4, 5)",67
282,False,0.33198260983868166,1.9483747522904802,"(2, 1, 5, 0, 3, 4)",68
258,False,0.3319817444091812,1.9483762443468706,"(2, 0, 5, 1, 3, 4)",69
283,False,0.33198323255913725,1.948378387879379,"(2, 1, 5, 0, 4, 3)",70
259,False,0.33198207296367394,1.9483798799357692,"(2, 0, 5, 1, 4, 3)",71
20,False,0.33197391064280535,1.9483915046719982,"(0, 1, 5, 3, 2, 4)",72
140,False,0.3319745221490962,1.9483937709799897,"(1, 0, 5, 3, 2, 4)",73
335,False,0.3319835961516858,1.9483982930460038,"(2, 4, 5, 3, 1, 0)",74
11,False,0.3319835961516862,1.9483982930460046,"(0, 1, 3, 5, 4, 2)",75
334,False,0.33198539807914185,1.9484005593539957,"(2, 4, 5, 3, 0, 1)",76
131,False,0.33198539807914207,1.9484005593539964,"(1, 0, 3, 5, 4, 2)",77
22,False,0.3319751801429796,1.9484006370404263,"(0, 1, 5, 4, 2, 3)",78
311,False,0.3319846006510166,1.948401117638393,"(2, 3, 5, 4, 1, 0)",79
17,False,0.331984600651017,1.9484011176383942,"(0, 1, 4, 5, 3, 2)",80
142,False,0.3319757071019098,1.9484029033484178,"(1, 0, 5, 4, 2, 3)",81
310,False,0.33198471227120097,1.9484033839463852,"(2, 3, 5, 4, 0, 1)",82
137,False,0.3319847122712011,1.9484033839463855,"(1, 0, 4, 5, 3, 2)",83
96,False,0.3319839146934032,1.9484200402156016,"(0, 5, 1, 2, 3, 4)",84
216,False,0.3319839292013133,1.9484234224877064,"(1, 5, 0, 2, 3, 4)",85
97,False,0.33198510249658963,1.9484236758045,"(0, 5, 1, 2, 4, 3)",86
217,False,0.3319846347732425,1.9484270580766052,"(1, 5, 0, 2, 4, 3)",87
25,False,0.3319962920314281,1.9484433194887627,"(0, 2, 1, 3, 5, 4)",88
27,False,0.33199749343007295,1.948443822910836,"(0, 2, 1, 4, 5, 3)",89
145,False,0.33199870727915404,1.9484446037078045,"(1, 2, 0, 3, 5, 4)",90
147,False,0.3319964746313567,1.948445107129878,"(1, 2, 0, 4, 5, 3)",91
327,False,0.3320119049328895,1.9484695052427938,"(2, 4, 3, 1, 5, 0)",92
99,False,0.3320119049328899,1.948469505242795,"(0, 5, 1, 3, 4, 2)",93
325,False,0.33201396953143963,1.9484728875148996,"(2, 4, 3, 0, 5, 1)",94
219,False,0.3320139695314398,1.9484728875149,"(1, 5, 0, 3, 4, 2)",95
303,False,0.3320130729440098,1.9484750020223234,"(2, 3, 4, 1, 5, 0)",96
101,False,0.3320130729440101,1.9484750020223243,"(0, 5, 1, 4, 3, 2)",97
301,False,0.33201482946085703,1.9484783842944284,"(2, 3, 4, 0, 5, 1)",98
221,False,0.3320148294608573,1.948478384294429,"(1, 5, 0, 4, 3, 2)",99
13,False,0.33201464516616386,1.9485137399456396,"(0, 1, 4, 2, 5, 3)",100
7,False,0.3320142337161994,1.9485159087107065,"(0, 1, 3, 2, 5, 4)",101
133,False,0.3320140163935346,1.948516006253631,"(1, 0, 4, 2, 5, 3)",102
127,False,0.3320162537794003,1.9485181750186973,"(1, 0, 3, 2, 5, 4)",103
276,False,0.33204583378172114,1.9485474951270547,"(2, 1, 4, 0, 3, 5)",104
252,False,0.33205441392618806,1.9485484946295715,"(2, 0, 4, 1, 3, 5)",105
270,False,0.3320566877084592,1.9485536113791107,"(2, 1, 3, 0, 4, 5)",106
246,False,0.33204798758498566,1.9485554749736664,"(2, 0, 3, 1, 4, 5)",107
10,False,0.3320280411919896,1.9485570071480953,"(0, 1, 3, 5, 2, 4)",108
42,False,0.3320290808133175,1.948557869066362,"(0, 2, 5, 1, 3, 4)",109
162,False,0.3320305929383598,1.948558643317963,"(1, 2, 5, 0, 3, 4)",110
130,False,0.3320278227659976,1.9485592734560866,"(1, 0, 3, 5, 2, 4)",111
43,False,0.3320306102553434,1.9485615046552605,"(0, 2, 5, 1, 4, 3)",112
163,False,0.33203130395861014,1.9485622789068615,"(1, 2, 5, 0, 4, 3)",113
16,False,0.3320292047148911,1.9485634673293832,"(0, 1, 4, 5, 2, 3)",114
136,False,0.33202853000621735,1.9485657336373747,"(1, 0, 4, 5, 2, 3)",115
318,False,0.3320593138506604,1.9485715929495202,"(2, 4, 1, 0, 3, 5)",116
312,False,0.3320601784349898,1.9485716103630863,"(2, 4, 0, 1, 3, 5)",117
294,False,0.33206206005099703,1.9485832059811052,"(2, 3, 1, 0, 4, 5)",118
288,False,0.3320642526926542,1.94858408748671,"(2, 3, 0, 1, 4, 5)",119
102,False,0.33204391979050524,1.9486064846122826,"(0, 5, 2, 1, 3, 4)",120
350,False,0.3320585954966374,1.9486091192262727,"(2, 5, 3, 1, 0, 4)",121
222,False,0.33204581131497135,1.948609356916948,"(1, 5, 2, 0, 3, 4)",122
103,False,0.33204525178738536,1.9486101202011812,"(0, 5, 2, 1, 4, 3)",123
223,False,0.33204528730448324,1.9486129925058466,"(1, 5, 2, 0, 4, 3)",124
348,False,0.33206099708044223,1.9486135481524114,"(2, 5, 3, 0, 1, 4)",125
278,False,0.33207423964642147,1.9486172255436751,"(2, 1, 4, 3, 0, 5)",126
254,False,0.33207357355900513,1.9486193410103052,"(2, 0, 4, 3, 1, 5)",127
272,False,0.3320741151344818,1.948620209628906,"(2, 1, 3, 4, 0, 5)",128
354,False,0.33206141596014654,1.9486205701572894,"(2, 5, 4, 0, 1, 3)",129
356,False,0.33206384547453055,1.9486215401673879,"(2, 5, 4, 1, 0, 3)",130
248,False,0.33207567153454837,1.948623189187575,"(2, 0, 3, 4, 1, 5)",131
98,False,0.3320576614689423,1.9486282193448858,"(0, 5, 1, 3, 2, 4)",132
218,False,0.33205588832093713,1.9486316016169907,"(1, 5, 0, 3, 2, 4)",133
351,False,0.332066057171242,1.9486320298436721,"(2, 5, 3, 1, 4, 0)",134
75,False,0.3320660571712425,1.9486320298436735,"(0, 4, 1, 3, 5, 2)",135
344,False,0.3320690677209231,1.948632223366557,"(2, 5, 1, 3, 0, 4)",136
74,False,0.33206733386426424,1.9486365724345196,"(0, 4, 1, 3, 2, 5)",137
338,False,0.3320631994977185,1.9486371622601346,"(2, 5, 0, 3, 1, 4)",138
100,False,0.33205846865809646,1.9486373517133138,"(0, 5, 1, 4, 2, 3)",139
349,False,0.33206102388980085,1.9486387250778023,"(2, 5, 3, 0, 4, 1)",140
195,False,0.332061023889801,1.948638725077803,"(1, 4, 0, 3, 5, 2)",141
220,False,0.3320582587838931,1.9486407339854184,"(1, 5, 0, 4, 2, 3)",142
357,False,0.3320621370166063,1.9486408151958883,"(2, 5, 4, 1, 3, 0)",143
51,False,0.3320621370166067,1.9486408151958896,"(0, 3, 1, 4, 5, 2)",144
320,False,0.3320750628149499,1.9486413233661406,"(2, 4, 1, 3, 0, 5)",145
340,False,0.3320705815156219,1.9486415120778733,"(2, 5, 0, 4, 1, 3)",146
346,False,0.332064900644547,1.948641972120532,"(2, 5, 1, 4, 0, 3)",147
355,False,0.3320696235302926,1.948642111493782,"(2, 5, 4, 0, 3, 1)",148
171,False,0.332069623530293,1.9486421114937829,"(1, 3, 0, 4, 5, 2)",149
314,False,0.33208195412943525,1.9486424567438196,"(2, 4, 0, 3, 1, 5)",150
194,False,0.3320613696584448,1.9486432676686491,"(1, 4, 0, 3, 2, 5)",151
50,False,0.3320654081356992,1.9486453577867358,"(0, 3, 1, 4, 2, 5)",152
170,False,0.33207047847965326,1.9486466540846288,"(1, 3, 0, 4, 2, 5)",153
296,False,0.33208468727556306,1.9486498042309006,"(2, 3, 1, 4, 0, 5)",154
290,False,0.33207595113778476,1.9486518017006185,"(2, 3, 0, 4, 1, 5)",155
345,False,0.3320724259482408,1.9486551339839564,"(2, 5, 1, 3, 4, 0)",156
85,False,0.3320724259482412,1.9486551339839577,"(0, 4, 3, 1, 5, 2)",157
84,False,0.33207355700070795,1.948659676574804,"(0, 4, 3, 1, 2, 5)",158
347,False,0.3320750340440334,1.948661247149032,"(2, 5, 1, 4, 3, 0)",159
61,False,0.33207503404403393,1.9486612471490337,"(0, 3, 4, 1, 5, 2)",160
339,False,0.33207448029255193,1.948662339185526,"(2, 5, 0, 3, 4, 1)",161
205,False,0.33207448029255204,1.9486623391855267,"(1, 4, 3, 0, 5, 2)",162
341,False,0.3320748210506896,1.9486630534143654,"(2, 5, 0, 4, 3, 1)",163
181,False,0.33207482105069,1.9486630534143665,"(1, 3, 4, 0, 5, 2)",164
60,False,0.3320773160597129,1.9486657897398802,"(0, 3, 4, 1, 2, 5)",165
204,False,0.33207640015703443,1.9486668817763733,"(1, 4, 3, 0, 2, 5)",166
180,False,0.3320752974366981,1.9486675960052129,"(1, 3, 4, 0, 2, 5)",167
277,False,0.33209537821413226,1.9487053022271976,"(2, 1, 4, 0, 5, 3)",168
253,False,0.3320971374796754,1.9487063017297144,"(2, 0, 4, 1, 5, 3)",169
271,False,0.3320975190992701,1.948707782890355,"(2, 1, 3, 0, 5, 4)",170
247,False,0.3320984063980981,1.9487096464849103,"(2, 0, 3, 1, 5, 4)",171
319,False,0.332101413530992,1.9487294000496629,"(2, 4, 1, 0, 5, 3)",172
313,False,0.332100906455021,1.948729417463229,"(2, 4, 0, 1, 5, 3)",173
36,False,0.33210402741320705,1.948730119349063,"(0, 2, 4, 1, 3, 5)",174
156,False,0.3321024254862712,1.9487313861545372,"(1, 2, 4, 0, 3, 5)",175
30,False,0.33210480152926186,1.948737099693156,"(0, 2, 3, 1, 4, 5)",176
295,False,0.33210250986353224,1.94873737749235,"(2, 3, 1, 0, 5, 4)",177
150,False,0.33210510155698125,1.9487375024065932,"(1, 2, 3, 0, 4, 5)",178
289,False,0.33210377514123013,1.9487382589979545,"(2, 3, 0, 1, 5, 4)",179
72,False,0.33210297784202536,1.9487512322067095,"(0, 4, 1, 2, 3, 5)",180
192,False,0.3321045254230171,1.9487579274408393,"(1, 4, 0, 2, 3, 5)",181
48,False,0.3321074477290167,1.9487631497257505,"(0, 3, 1, 2, 4, 5)",182
168,False,0.3321083475766966,1.9487644460236442,"(1, 3, 0, 2, 4, 5)",183
284,False,0.3321102899214877,1.948767015920496,"(2, 1, 5, 3, 0, 4)",184
260,False,0.33211093956631843,1.9487729369030244,"(2, 0, 5, 3, 1, 4)",185
308,False,0.33210863648148736,1.9487735063822065,"(2, 3, 5, 1, 0, 4)",186
286,False,0.3321132660368341,1.9487767646744714,"(2, 1, 5, 4, 0, 3)",187
262,False,0.33211267087113977,1.9487772867207631,"(2, 0, 5, 4, 1, 3)",188
306,False,0.3321094209305078,1.9487779353083448,"(2, 3, 5, 0, 1, 4)",189
330,False,0.33210993888101104,1.948779460533694,"(2, 4, 5, 0, 1, 3)",190
332,False,0.33211015961560053,1.948780430543792,"(2, 4, 5, 1, 0, 3)",191
88,False,0.3321101046697622,1.9487899265378947,"(0, 4, 3, 5, 1, 2)",192
285,False,0.33211010466976226,1.948789926537895,"(2, 1, 5, 3, 4, 0)",193
279,False,0.33211745820632543,1.9487943076723189,"(2, 1, 4, 3, 5, 0)",194
112,False,0.3321174582063258,1.9487943076723198,"(0, 5, 3, 4, 1, 2)",195
287,False,0.3321142164325739,1.9487960397029715,"(2, 1, 5, 4, 3, 0)",196
64,False,0.33211421643257416,1.9487960397029724,"(0, 3, 4, 5, 1, 2)",197
309,False,0.3321155866382146,1.9487964169996053,"(2, 3, 5, 1, 4, 0)",198
77,False,0.33211558663821505,1.9487964169996066,"(0, 4, 1, 5, 3, 2)",199
273,False,0.3321178730270508,1.94879729175755,"(2, 1, 3, 4, 5, 0)",200
118,False,0.3321178730270511,1.9487972917575507,"(0, 5, 4, 3, 1, 2)",201
261,False,0.3321126265156585,1.9487981138284158,"(2, 0, 5, 3, 4, 1)",202
208,False,0.33211262651565865,1.9487981138284163,"(1, 4, 3, 5, 0, 2)",203
255,False,0.3321181908292825,1.948798689446941,"(2, 0, 4, 3, 5, 1)",204
232,False,0.3321181908292827,1.9487986894469413,"(1, 5, 3, 4, 0, 2)",205
263,False,0.3321138054776649,1.948798828057256,"(2, 0, 5, 4, 3, 1)",206
184,False,0.33211380547766506,1.9487988280572563,"(1, 3, 4, 5, 0, 2)",207
333,False,0.3321189472329931,1.9487997055722925,"(2, 4, 5, 1, 3, 0)",208
53,False,0.33211894723299357,1.9487997055722937,"(0, 3, 1, 5, 4, 2)",209
38,False,0.33212040058941494,1.9488009657297969,"(0, 2, 4, 3, 1, 5)",210
331,False,0.33211802139620106,1.9488010018701867,"(2, 4, 5, 0, 3, 1)",211
173,False,0.3321180213962013,1.9488010018701871,"(1, 3, 0, 5, 4, 2)",212
158,False,0.33212170059968665,1.9488011165711574,"(1, 2, 4, 3, 0, 5)",213
249,False,0.3321202753329058,1.9488025376242106,"(2, 0, 3, 4, 5, 1)",214
238,False,0.33212027533290606,1.9488025376242113,"(1, 5, 4, 3, 0, 2)",215
307,False,0.332117086135966,1.948803112233736,"(2, 3, 5, 0, 4, 1)",216
197,False,0.33211708613596624,1.9488031122337366,"(1, 4, 0, 5, 3, 2)",217
152,False,0.3321223774703756,1.9488041006563885,"(1, 2, 3, 4, 0, 5)",218
32,False,0.33212187339065624,1.9488048139070664,"(0, 2, 3, 4, 1, 5)",219
321,False,0.3321292721644703,1.9488184054947844,"(2, 4, 1, 3, 5, 0)",220
109,False,0.3321292721644707,1.9488184054947855,"(0, 5, 3, 1, 4, 2)",221
315,False,0.33212978577243796,1.9488218051804558,"(2, 4, 0, 3, 5, 1)",222
229,False,0.3321297857724381,1.9488218051804562,"(1, 5, 3, 0, 4, 2)",223
297,False,0.3321309698862792,1.9488268863595446,"(2, 3, 1, 4, 5, 0)",224
115,False,0.33213096988627966,1.9488268863595457,"(0, 5, 4, 1, 3, 2)",225
291,False,0.3321327492684051,1.9488311501372544,"(2, 3, 0, 4, 5, 1)",226
235,False,0.33213274926840536,1.948831150137255,"(1, 5, 4, 0, 3, 2)",227
86,False,0.3321296300732711,1.9488451827277262,"(0, 4, 3, 2, 1, 5)",228
206,False,0.3321300875557057,1.9488512719651834,"(1, 4, 3, 2, 0, 5)",229
62,False,0.3321320338803501,1.9488512958928037,"(0, 3, 4, 2, 1, 5)",230
182,False,0.33213079432942344,1.9488519861940232,"(1, 3, 4, 2, 0, 5)",231
37,False,0.33214461628308506,1.948887926449204,"(0, 2, 4, 1, 5, 3)",232
157,False,0.3321435999867055,1.9488891932546801,"(1, 2, 4, 0, 5, 3)",233
31,False,0.33214410526123384,1.9488912712044006,"(0, 2, 3, 1, 5, 4)",234
151,False,0.33214625543231546,1.9488916739178377,"(1, 2, 3, 0, 5, 4)",235
73,False,0.33214350517576136,1.9489090393068509,"(0, 4, 1, 2, 5, 3)",236
193,False,0.3321440635209848,1.9489157345409824,"(1, 4, 0, 2, 5, 3)",237
49,False,0.3321461743374701,1.9489173212369952,"(0, 3, 1, 2, 5, 4)",238
169,False,0.33214613533094106,1.9489186175348883,"(1, 3, 0, 2, 5, 4)",239
274,False,0.3321649358535847,1.948932965828476,"(2, 1, 3, 5, 0, 4)",240
78,False,0.332164968300344,1.9489373195833084,"(0, 4, 2, 1, 3, 5)",241
250,False,0.3321612656912122,1.9489392583491691,"(2, 0, 3, 5, 1, 4)",242
280,False,0.33216133278151094,1.9489397304972198,"(2, 1, 4, 5, 0, 3)",243
256,False,0.33216703454552315,1.9489397599896383,"(2, 0, 4, 5, 1, 3)",244
198,False,0.3321617051291168,1.9489439974038723,"(1, 4, 2, 0, 3, 5)",245
54,False,0.3321638079630476,1.9489504130924793,"(0, 3, 2, 1, 4, 5)",246
174,False,0.3321692227724504,1.9489508278847683,"(1, 3, 2, 0, 4, 5)",247
164,False,0.3321563846004293,1.9489509069479782,"(1, 2, 5, 3, 0, 4)",248
44,False,0.33215710455342284,1.9489545616225143,"(0, 2, 5, 3, 1, 4)",249
94,False,0.3321681735903212,1.9489558764458752,"(0, 4, 5, 3, 1, 2)",250
275,False,0.3321681735903212,1.9489558764458752,"(2, 1, 3, 5, 4, 0)",251
52,False,0.3321581867379252,1.9489584196743845,"(0, 3, 1, 5, 2, 4)",252
76,False,0.33215870265408504,1.9489587666905963,"(0, 4, 1, 5, 2, 3)",253
46,False,0.33215834934608673,1.9489589114402532,"(0, 2, 5, 4, 1, 3)",254
281,False,0.3321690238207484,1.9489590055257204,"(2, 1, 4, 5, 3, 0)",255
70,False,0.33216902382074875,1.9489590055257213,"(0, 3, 5, 4, 1, 2)",256
172,False,0.3321596283480925,1.9489597159722774,"(1, 3, 0, 5, 2, 4)",257
166,False,0.3321592471805216,1.9489606557019536,"(1, 2, 5, 4, 0, 3)",258
257,False,0.33216960441756516,1.9489613013261307,"(2, 0, 4, 5, 3, 1)",259
190,False,0.3321696044175654,1.9489613013261313,"(1, 3, 5, 4, 0, 2)",260
298,False,0.3321735207072612,1.9489625604304701,"(2, 3, 1, 5, 0, 4)",261
316,False,0.3321738107493699,1.9489628757231527,"(2, 4, 0, 5, 1, 3)",262
322,False,0.33217190143083775,1.948963828319685,"(2, 4, 1, 5, 0, 3)",263
251,False,0.3321705916329101,1.948964435274561,"(2, 0, 3, 5, 4, 1)",264
214,False,0.3321705916329103,1.9489644352745616,"(1, 4, 5, 3, 0, 2)",265
196,False,0.33215901892341004,1.9489654619247259,"(1, 4, 0, 5, 2, 3)",266
292,False,0.3321731872784726,1.948967870862213,"(2, 3, 0, 5, 1, 4)",267
89,False,0.33215414313251507,1.9489738175653768,"(0, 4, 3, 5, 2, 1)",268
165,False,0.3321541431325154,1.948973817565378,"(1, 2, 5, 3, 4, 0)",269
108,False,0.33217003222961045,1.9489771195968761,"(0, 5, 3, 1, 2, 4)",270
159,False,0.33216130368366636,1.9489781986998014,"(1, 2, 4, 3, 5, 0)",271
113,False,0.3321613036836665,1.9489781986998016,"(0, 5, 3, 4, 2, 1)",272
45,False,0.3321547196552437,1.948979738547906,"(0, 2, 5, 3, 4, 1)",273
209,False,0.3321547196552439,1.9489797385479066,"(1, 4, 3, 5, 2, 0)",274
167,False,0.3321569851393484,1.9489799307304543,"(1, 2, 5, 4, 3, 0)",275
65,False,0.33215698513934855,1.9489799307304547,"(0, 3, 4, 5, 2, 1)",276
233,False,0.33216275340614165,1.9489803141664315,"(1, 5, 3, 4, 2, 0)",277
39,False,0.33216275340614193,1.9489803141664324,"(0, 2, 4, 3, 5, 1)",278
47,False,0.3321564546927007,1.9489804527767456,"(0, 2, 5, 4, 3, 1)",279
185,False,0.33215645469270094,1.9489804527767463,"(1, 3, 4, 5, 2, 0)",280
228,False,0.33217291394885173,1.9489805192825471,"(1, 5, 3, 0, 2, 4)",281
153,False,0.33216354072449905,1.9489811827850323,"(1, 2, 3, 4, 5, 0)",282
119,False,0.3321635407244994,1.9489811827850332,"(0, 5, 4, 3, 2, 1)",283
323,False,0.33217295880100306,1.948983103348186,"(2, 4, 1, 5, 3, 0)",284
67,False,0.3321729588010033,1.9489831033481866,"(0, 3, 5, 1, 4, 2)",285
33,False,0.3321631217587102,1.948984162343701,"(0, 2, 3, 4, 5, 1)",286
239,False,0.3321631217587103,1.9489841623437012,"(1, 5, 4, 3, 2, 0)",287
317,False,0.33217872571256235,1.9489844170596453,"(2, 4, 0, 5, 3, 1)",288
187,False,0.3321787257125626,1.9489844170596458,"(1, 3, 5, 0, 4, 2)",289
299,False,0.33217938079636955,1.9489854710478696,"(2, 3, 1, 5, 4, 0)",290
91,False,0.33217938079636966,1.9489854710478698,"(0, 4, 5, 1, 3, 2)",291
114,False,0.33217564995734156,1.948989236050535,"(0, 5, 4, 1, 2, 3)",292
293,False,0.3321753151183919,1.9489930477876047,"(2, 3, 0, 5, 4, 1)",293
211,False,0.3321753151183921,1.9489930477876054,"(1, 4, 5, 0, 3, 2)",294
234,False,0.33217445412096414,1.9489934998282445,"(1, 5, 4, 0, 2, 3)",295
224,False,0.3321707634667126,1.9490016205469636,"(1, 5, 2, 3, 0, 4)",296
104,False,0.3321706957478034,1.9490031771684362,"(0, 5, 2, 3, 1, 4)",297
106,False,0.33217449013059386,1.9490075269861749,"(0, 5, 2, 4, 1, 3)",298
80,False,0.332185184245676,1.9490081659640426,"(0, 4, 2, 3, 1, 5)",299
226,False,0.33217294318730745,1.949011369300938,"(1, 5, 2, 4, 0, 3)",300
200,False,0.3321842405282946,1.9490137278204929,"(1, 4, 2, 3, 0, 5)",301
176,False,0.3321879732978132,1.9490174261345634,"(1, 3, 2, 4, 0, 5)",302
56,False,0.3321850738853187,1.9490181273063882,"(0, 3, 2, 4, 1, 5)",303
87,False,0.33217025267369404,1.9490245311643621,"(0, 4, 3, 2, 5, 1)",304
225,False,0.33217025267369427,1.9490245311643628,"(1, 5, 2, 3, 4, 0)",305
207,False,0.33217149230333104,1.9490283540938271,"(1, 4, 3, 2, 5, 0)",306
105,False,0.3321714923033312,1.9490283540938274,"(0, 5, 2, 3, 4, 1)",307
183,False,0.3321719600694762,1.9490290683226672,"(1, 3, 4, 2, 5, 0)",308
107,False,0.33217196006947625,1.9490290683226674,"(0, 5, 2, 4, 3, 1)",309
227,False,0.3321727107578647,1.949030644329439,"(1, 5, 2, 4, 3, 0)",310
63,False,0.332172710757865,1.9490306443294396,"(0, 3, 4, 2, 5, 1)",311
79,False,0.33220631403422934,1.9490951266834502,"(0, 4, 2, 1, 5, 3)",312
199,False,0.3322070191941576,1.9491018045040152,"(1, 4, 2, 0, 5, 3)",313
55,False,0.33220988147595065,1.949104584603724,"(0, 3, 2, 1, 5, 4)",314
175,False,0.33220945974256666,1.9491049993960126,"(1, 3, 2, 0, 5, 4)",315
154,False,0.33221196282291665,1.9491168568559585,"(1, 2, 3, 5, 0, 4)",316
34,False,0.3322126660366218,1.9491208830686593,"(0, 2, 3, 5, 1, 4)",317
40,False,0.33221432407757323,1.9491213847091282,"(0, 2, 4, 5, 1, 3)",318
160,False,0.33221404693040824,1.9491236215247023,"(1, 2, 4, 5, 0, 3)",319
95,False,0.33221121935489284,1.9491397674733577,"(0, 4, 5, 3, 2, 1)",320
155,False,0.33221121935489295,1.949139767473358,"(1, 2, 3, 5, 4, 0)",321
66,False,0.332219642533571,1.9491418174502777,"(0, 3, 5, 1, 2, 4)",322
161,False,0.33221274267612655,1.949142896553203,"(1, 2, 4, 5, 3, 0)",323
71,False,0.3322127426761267,1.9491428965532034,"(0, 3, 5, 4, 2, 1)",324
191,False,0.3322114967083342,1.9491429260456212,"(1, 3, 5, 4, 2, 0)",325
41,False,0.3322114967083345,1.9491429260456221,"(0, 2, 4, 5, 3, 1)",326
186,False,0.3322212404218974,1.9491431311617367,"(1, 3, 5, 0, 2, 4)",327
35,False,0.33221269682588717,1.9491460599940507,"(0, 2, 3, 5, 4, 1)",328
215,False,0.33221269682588733,1.9491460599940513,"(1, 4, 5, 3, 2, 0)",329
90,False,0.33222174188013215,1.949147820738859,"(0, 4, 5, 1, 2, 3)",330
210,False,0.33222353568206037,1.949155397478595,"(1, 4, 5, 0, 2, 3)",331
230,False,0.33222743009402034,1.9491646037832782,"(1, 5, 3, 2, 0, 4)",332
110,False,0.3322267063833503,1.9491656330237452,"(0, 5, 3, 2, 1, 4)",333
116,False,0.3322293663867715,1.949172966926715,"(0, 5, 4, 2, 1, 3)",334
236,False,0.3322307786443448,1.949178200714523,"(1, 5, 4, 2, 0, 3)",335
81,False,0.33222574099433094,1.949187514400677,"(0, 4, 2, 3, 5, 1)",336
231,False,0.33222574099433116,1.9491875144006776,"(1, 5, 3, 2, 4, 0)",337
201,False,0.3322269114638552,1.9491908099491366,"(1, 4, 2, 3, 5, 0)",338
111,False,0.3322269114638553,1.9491908099491368,"(0, 5, 3, 2, 4, 1)",339
177,False,0.33222926510478834,1.9491945082632074,"(1, 3, 2, 4, 5, 0)",340
117,False,0.33222926510478845,1.9491945082632078,"(0, 5, 4, 2, 3, 1)",341
237,False,0.33222896776200583,1.9491974757430237,"(1, 5, 4, 2, 3, 0)",342
57,False,0.33222896776200594,1.949197475743024,"(0, 3, 2, 4, 5, 1)",343
188,False,0.33227321833997525,1.949327215662468,"(1, 3, 5, 2, 0, 4)",344
82,False,0.3322731150077612,1.9493285849433744,"(0, 4, 2, 5, 1, 3)",345
178,False,0.33227389443046296,1.949330182334133,"(1, 3, 2, 5, 0, 4)",346
68,False,0.33227046659225884,1.949330330877147,"(0, 3, 5, 2, 1, 4)",347
92,False,0.3322745684503585,1.9493315516150393,"(0, 4, 5, 2, 1, 3)",348
58,False,0.33227096090053876,1.949334196467983,"(0, 3, 2, 5, 1, 4)",349
202,False,0.33227130287502166,1.9493362327740373,"(1, 4, 2, 5, 0, 3)",350
212,False,0.3322728750328438,1.9493400983648732,"(1, 4, 5, 2, 0, 3)",351
189,False,0.33227574100317253,1.9493501262798674,"(1, 3, 5, 2, 4, 0)",352
83,False,0.3322757410031728,1.949350126279868,"(0, 4, 2, 5, 3, 1)",353
93,False,0.3322754664278678,1.949353092951532,"(0, 4, 5, 2, 3, 1)",354
179,False,0.33227546642786815,1.9493530929515328,"(1, 3, 2, 5, 4, 0)",355
203,False,0.3322757801250945,1.949355507802538,"(1, 4, 2, 5, 3, 0)",356
69,False,0.3322757801250947,1.9493555078025384,"(0, 3, 5, 2, 4, 1)",357
213,False,0.33227779423877485,1.9493593733933736,"(1, 4, 5, 2, 3, 0)",358
59,False,0.332277794238775,1.949359373393374,"(0, 3, 2, 5, 4, 1)",359
