,is_well_nested,ms,ee,perm,i
240,True,0.5981535524607005,2.4268072734907373,"(2, 0, 1, 3, 4, 5)",0
264,True,0.59966970790082,2.4270121103468902,"(2, 1, 0, 3, 4, 5)",1
0,True,0.5983804728681441,2.427685374071579,"(0, 1, 2, 3, 4, 5)",2
242,True,0.6019337628476362,2.429875395161922,"(2, 0, 1, 4, 3, 5)",3
120,True,0.5978559272952585,2.4299962611752557,"(1, 0, 2, 3, 4, 5)",4
266,True,0.602668198883665,2.430080232018075,"(2, 1, 0, 4, 3, 5)",5
2,True,0.599049650868479,2.4307534957427634,"(0, 1, 2, 4, 3, 5)",6
245,True,0.5956481024429775,2.4307840136265195,"(2, 0, 1, 5, 4, 3)",7
269,True,0.5973722907418174,2.430988850482673,"(2, 1, 0, 5, 4, 3)",8
5,True,0.5933086594012199,2.431662114207361,"(0, 1, 2, 5, 4, 3)",9
122,True,0.597508818690437,2.4330643828464398,"(1, 0, 2, 4, 3, 5)",10
244,True,0.5991705108216019,2.4332799636345688,"(2, 0, 1, 5, 3, 4)",11
268,True,0.6003235071965433,2.433484800490719,"(2, 1, 0, 5, 3, 4)",12
125,True,0.5914638565261944,2.4339730013110383,"(1, 0, 2, 5, 4, 3)",13
4,True,0.5955780225522741,2.4341580642154086,"(0, 1, 2, 5, 3, 4)",14
124,True,0.5943988476496849,2.4364689513190845,"(1, 0, 2, 5, 3, 4)",15
24,False,0.6141894225217086,2.4580655983528548,"(0, 2, 1, 3, 4, 5)",16
241,False,0.6115633171148848,2.4601766727824277,"(2, 0, 1, 3, 5, 4)",17
265,False,0.6122237284343406,2.4603815096385797,"(2, 1, 0, 3, 5, 4)",18
144,False,0.6117610168878745,2.460581322312682,"(1, 2, 0, 3, 4, 5)",19
243,False,0.6112218487146035,2.4607488444455647,"(2, 0, 1, 4, 5, 3)",20
267,False,0.6135894298221263,2.4609536813017177,"(2, 1, 0, 4, 5, 3)",21
1,False,0.6093010434105371,2.4610547733632693,"(0, 1, 2, 3, 5, 4)",22
26,False,0.6138653710802852,2.461133720024039,"(0, 2, 1, 4, 3, 5)",23
3,False,0.6097902539333553,2.4616269450264063,"(0, 1, 2, 4, 5, 3)",24
29,False,0.6088691420546286,2.462042338488637,"(0, 2, 1, 5, 4, 3)",25
121,False,0.6083178769760711,2.4633656604669456,"(1, 0, 2, 3, 5, 4)",26
146,False,0.6157296901260357,2.4636494439838676,"(1, 2, 0, 4, 3, 5)",27
123,False,0.6084612900719488,2.4639378321300835,"(1, 0, 2, 4, 5, 3)",28
28,False,0.6103991254043619,2.4645382884966835,"(0, 2, 1, 5, 3, 4)",29
149,False,0.6094602826957097,2.4645580624484666,"(1, 2, 0, 5, 4, 3)",30
148,False,0.6097357716840696,2.467054012456513,"(1, 2, 0, 5, 3, 4)",31
25,False,0.6253833784852079,2.4914349976445447,"(0, 2, 1, 3, 5, 4)",32
27,False,0.6244665145944451,2.492007169307682,"(0, 2, 1, 4, 5, 3)",33
19,False,0.618817952854428,2.492158433124037,"(0, 1, 5, 2, 4, 3)",34
145,False,0.623971645118795,2.4939507216043726,"(1, 2, 0, 3, 5, 4)",35
139,False,0.6186325706465369,2.494469320227715,"(1, 0, 5, 2, 4, 3)",36
147,False,0.6257452272998857,2.4945228932675114,"(1, 2, 0, 4, 5, 3)",37
18,False,0.6200251972021742,2.494654383132084,"(0, 1, 5, 2, 3, 4)",38
138,False,0.6197833418341665,2.496965270235761,"(1, 0, 5, 2, 3, 4)",39
6,False,0.6358988537978684,2.5157327842732533,"(0, 1, 3, 2, 4, 5)",40
126,False,0.6378829110469663,2.51804367137693,"(1, 0, 3, 2, 4, 5)",41
12,False,0.6385399468674045,2.5217606633606238,"(0, 1, 4, 2, 3, 5)",42
259,False,0.6366847550021051,2.5218700429832923,"(2, 0, 5, 1, 4, 3)",43
283,False,0.6350090827566331,2.52208161337018,"(2, 1, 5, 0, 4, 3)",44
8,False,0.634291849045423,2.5221033952834686,"(0, 1, 3, 4, 2, 5)",45
337,False,0.6359953510306944,2.522990775783198,"(2, 5, 0, 1, 4, 3)",46
343,False,0.6358755509792378,2.522997509313934,"(2, 5, 1, 0, 4, 3)",47
9,False,0.6322034545738278,2.524049822877859,"(0, 1, 3, 4, 5, 2)",48
359,False,0.6322034545738282,2.52404982287786,"(2, 5, 4, 3, 1, 0)",49
132,False,0.6373344338010218,2.5240715504643,"(1, 0, 4, 2, 3, 5)",50
258,False,0.6387295130756068,2.5243659929913407,"(2, 0, 5, 1, 3, 4)",51
128,False,0.6348031550600451,2.5244142823871454,"(1, 0, 3, 4, 2, 5)",52
282,False,0.6385380367882592,2.5245775633782275,"(2, 1, 5, 0, 3, 4)",53
14,False,0.636760231822666,2.525063152699654,"(0, 1, 4, 3, 2, 5)",54
336,False,0.6361935201547018,2.525486725791246,"(2, 5, 0, 1, 3, 4)",55
342,False,0.6361985087684947,2.5254934593219804,"(2, 5, 1, 0, 3, 4)",56
23,False,0.6323815002788178,2.526064759016613,"(0, 1, 5, 4, 3, 2)",57
305,False,0.6323815002788181,2.526064759016614,"(2, 3, 4, 5, 1, 0)",58
358,False,0.6322920838948967,2.526360709981536,"(2, 5, 4, 3, 0, 1)",59
129,False,0.6322920838948967,2.526360709981536,"(1, 0, 3, 4, 5, 2)",60
353,False,0.6346006301048827,2.5270095802940453,"(2, 5, 3, 4, 1, 0)",61
15,False,0.6346006301048828,2.5270095802940453,"(0, 1, 4, 3, 5, 2)",62
134,False,0.6364601389035307,2.5273740398033318,"(1, 0, 4, 3, 2, 5)",63
329,False,0.6344074852960649,2.52773457154487,"(2, 4, 3, 5, 1, 0)",64
21,False,0.6344074852960647,2.52773457154487,"(0, 1, 5, 3, 4, 2)",65
143,False,0.6326885513902666,2.52837564612029,"(1, 0, 5, 4, 3, 2)",66
304,False,0.632688551390267,2.528375646120291,"(2, 3, 4, 5, 0, 1)",67
352,False,0.6350876466987027,2.529320467397722,"(2, 5, 3, 4, 0, 1)",68
135,False,0.6350876466987027,2.529320467397722,"(1, 0, 4, 3, 5, 2)",69
141,False,0.6350349295356259,2.530045458648546,"(1, 0, 5, 3, 4, 2)",70
328,False,0.6350349295356263,2.5300454586485475,"(2, 4, 3, 5, 0, 1)",71
270,False,0.6537216613926922,2.5452979030399128,"(2, 1, 3, 0, 4, 5)",72
246,False,0.6545843108960234,2.5456335851704894,"(2, 0, 3, 1, 4, 5)",73
7,False,0.6466584437123419,2.5491021835649432,"(0, 1, 3, 2, 5, 4)",74
276,False,0.655481202079515,2.549959617651413,"(2, 1, 4, 0, 3, 5)",75
127,False,0.6471025781306726,2.55141307066862,"(1, 0, 3, 2, 5, 4)",76
252,False,0.6567055001204047,2.5517073375834416,"(2, 0, 4, 1, 3, 5)",77
13,False,0.6483352193342031,2.5526341126442667,"(0, 1, 4, 2, 5, 3)",78
43,False,0.6504516940346355,2.5531283678454093,"(0, 2, 5, 1, 4, 3)",79
97,False,0.6464079781955024,2.5539351364736413,"(0, 5, 1, 2, 4, 3)",80
302,False,0.6497783354042467,2.554636709909712,"(2, 3, 4, 1, 0, 5)",81
133,False,0.648064839671645,2.554944999747944,"(1, 0, 4, 2, 5, 3)",82
22,False,0.6451018656584289,2.554991780705866,"(0, 1, 5, 4, 2, 3)",83
11,False,0.6465951396563657,2.555285662829868,"(0, 1, 3, 5, 4, 2)",84
335,False,0.646595139656366,2.5552856628298684,"(2, 4, 5, 3, 1, 0)",85
42,False,0.6495038268908988,2.5556243178534555,"(0, 2, 5, 1, 3, 4)",86
163,False,0.6490209268020856,2.5556508253359724,"(1, 2, 5, 0, 4, 3)",87
326,False,0.6499545680321374,2.5563065224379677,"(2, 4, 3, 1, 0, 5)",88
96,False,0.64685031030002,2.5564310864816884,"(0, 5, 1, 2, 3, 4)",89
17,False,0.6462421275807126,2.5565756077177983,"(0, 1, 4, 5, 3, 2)",90
311,False,0.6462421275807129,2.5565756077177983,"(2, 3, 5, 4, 1, 0)",91
142,False,0.6452208032988364,2.5573026678095427,"(1, 0, 5, 4, 2, 3)",92
300,False,0.6512093304163327,2.557457567326744,"(2, 3, 4, 0, 1, 5)",93
131,False,0.6466471267650307,2.5575965499335447,"(1, 0, 3, 5, 4, 2)",94
334,False,0.6466471267650312,2.557596549933546,"(2, 4, 5, 3, 0, 1)",95
162,False,0.6507491653868582,2.558146775344019,"(1, 2, 5, 0, 3, 4)",96
137,False,0.6476258415792144,2.5588864948214747,"(1, 0, 4, 5, 3, 2)",97
310,False,0.647625841579215,2.5588864948214756,"(2, 3, 5, 4, 0, 1)",98
217,False,0.6473979320770813,2.5590668809943526,"(1, 5, 0, 2, 4, 3)",99
324,False,0.6503752294014293,2.559127379855,"(2, 4, 3, 0, 1, 5)",100
20,False,0.6475604893547346,2.5591575432421694,"(0, 1, 5, 3, 2, 4)",101
140,False,0.6477740278657557,2.5614684303458457,"(1, 0, 5, 3, 2, 4)",102
216,False,0.6498137227952584,2.561562831002399,"(1, 5, 0, 2, 3, 4)",103
294,False,0.6628595558693764,2.57577982640742,"(2, 3, 1, 0, 4, 5)",104
288,False,0.6635891351592544,2.576320345394149,"(2, 3, 0, 1, 4, 5)",105
30,False,0.6675426930338402,2.576891910032606,"(0, 2, 3, 1, 4, 5)",106
271,False,0.6661539182821291,2.5786673023316027,"(2, 1, 3, 0, 5, 4)",107
150,False,0.6653350424116802,2.5788671150057043,"(1, 2, 3, 0, 4, 5)",108
247,False,0.6674022162859302,2.5790029844621793,"(2, 0, 3, 1, 5, 4)",109
277,False,0.6660488261865919,2.5808330669350563,"(2, 1, 4, 0, 5, 3)",110
272,False,0.6678509014350492,2.5819442603185507,"(2, 1, 3, 4, 0, 5)",111
318,False,0.6689185338948428,2.582111353547175,"(2, 4, 1, 0, 3, 5)",112
253,False,0.66723589345987,2.5825807868670854,"(2, 0, 4, 1, 5, 3)",113
36,False,0.6699327280912627,2.5829656624455595,"(0, 2, 4, 1, 3, 5)",114
156,False,0.671630490003498,2.5835288296172054,"(1, 2, 4, 0, 3, 5)",115
278,False,0.6668766938364707,2.583537853258867,"(2, 1, 4, 3, 0, 5)",116
312,False,0.6694068218709838,2.5840639103353578,"(2, 4, 0, 1, 3, 5)",117
103,False,0.6593714696446432,2.5845248469137374,"(0, 5, 2, 1, 4, 3)",118
248,False,0.6678837002602755,2.5851007998661606,"(2, 0, 3, 4, 1, 5)",119
16,False,0.6591400959299519,2.585502629407051,"(0, 1, 4, 5, 2, 3)",120
10,False,0.6601853902335796,2.5867086345271675,"(0, 1, 3, 5, 2, 4)",121
102,False,0.6612882048396724,2.587020796921784,"(0, 5, 2, 1, 3, 4)",122
136,False,0.6576949009523411,2.587813516510727,"(1, 0, 4, 5, 2, 3)",123
101,False,0.66071620123533,2.5878414623662174,"(0, 5, 1, 4, 3, 2)",124
303,False,0.6607162012353305,2.5878414623662183,"(2, 3, 4, 1, 5, 0)",125
254,False,0.6701665724178674,2.58810643060793,"(2, 0, 4, 3, 1, 5)",126
130,False,0.6612871387064632,2.5890195216308447,"(1, 0, 3, 5, 2, 4)",127
99,False,0.6624812974896976,2.5895112748944737,"(0, 5, 1, 3, 4, 2)",128
327,False,0.662481297489698,2.589511274894475,"(2, 4, 3, 1, 5, 0)",129
223,False,0.6617047606732952,2.5896633249651835,"(1, 5, 2, 0, 4, 3)",130
222,False,0.6615090244674109,2.5921592749732305,"(1, 5, 2, 0, 3, 4)",131
301,False,0.6617655948886172,2.592973206886928,"(2, 3, 4, 0, 5, 1)",132
221,False,0.6617655948886174,2.5929732068869282,"(1, 5, 0, 4, 3, 2)",133
219,False,0.6642159634467709,2.5946430194151837,"(1, 5, 0, 3, 4, 2)",134
325,False,0.6642159634467711,2.5946430194151846,"(2, 4, 3, 0, 5, 1)",135
48,False,0.676269221645895,2.6057930218476564,"(0, 3, 1, 2, 4, 5)",136
295,False,0.6750559442121938,2.60914922569911,"(2, 3, 1, 0, 5, 4)",137
289,False,0.67580794744176,2.609689744685839,"(2, 3, 0, 1, 5, 4)",138
31,False,0.6778314056385344,2.6102613093242963,"(0, 2, 3, 1, 5, 4)",139
168,False,0.6763479165481188,2.610797540604028,"(1, 3, 0, 2, 4, 5)",140
356,False,0.6720195133425833,2.6117787572794,"(2, 5, 4, 1, 0, 3)",141
50,False,0.6752592610028743,2.612163632857872,"(0, 3, 1, 4, 2, 5)",142
151,False,0.6779020295394256,2.612236514297396,"(1, 2, 3, 0, 5, 4)",143
296,False,0.6767608932991548,2.612426183686058,"(2, 3, 1, 4, 0, 5)",144
319,False,0.6787535615143978,2.6129848028308182,"(2, 4, 1, 0, 5, 3)",145
37,False,0.680204637936004,2.6138391117292024,"(0, 2, 4, 1, 5, 3)",146
286,False,0.6775902347344983,2.6139082140214778,"(2, 1, 5, 4, 0, 3)",147
51,False,0.6737790223153528,2.6141100604522625,"(0, 3, 1, 4, 5, 2)",148
357,False,0.6737790223153534,2.614110060452264,"(2, 5, 4, 1, 3, 0)",149
157,False,0.6795001741648181,2.6144022789008483,"(1, 2, 4, 0, 5, 3)",150
354,False,0.6740902548855591,2.614472388932092,"(2, 5, 4, 0, 1, 3)",151
346,False,0.6738731775333906,2.6148241099652316,"(2, 5, 1, 4, 0, 3)",152
313,False,0.6800039731271014,2.6149373596190006,"(2, 4, 0, 1, 5, 3)",153
118,False,0.6774060755160094,2.6151490127750567,"(0, 5, 4, 3, 1, 2)",154
273,False,0.6774060755160097,2.615149012775057,"(2, 1, 3, 4, 5, 0)",155
60,False,0.6756532011935873,2.615208985543705,"(0, 3, 4, 1, 2, 5)",156
152,False,0.6793135276745456,2.6155134722843436,"(1, 2, 3, 4, 0, 5)",157
72,False,0.6772638946654784,2.6156132125595093,"(0, 4, 1, 2, 3, 5)",158
320,False,0.6797356216898274,2.6156895891546283,"(2, 4, 1, 3, 0, 5)",159
290,False,0.6756138418602141,2.6157875600898195,"(2, 3, 0, 4, 1, 5)",160
64,False,0.6755983233482507,2.6162395171943404,"(0, 3, 4, 5, 1, 2)",161
287,False,0.6755983233482512,2.6162395171943413,"(2, 1, 5, 4, 3, 0)",162
32,False,0.6813644217947991,2.616359124728277,"(0, 2, 3, 4, 1, 5)",163
262,False,0.6783991284701749,2.616390275287284,"(2, 0, 5, 4, 1, 3)",164
112,False,0.6779510934532078,2.616742605715373,"(0, 5, 3, 4, 1, 2)",165
279,False,0.6779510934532084,2.6167426057153738,"(2, 1, 4, 3, 5, 0)",166
100,False,0.6734262089971567,2.61676848405547,"(0, 5, 1, 4, 2, 3)",167
158,False,0.6795017718192892,2.617107065224659,"(1, 2, 4, 3, 0, 5)",168
347,False,0.6758458228731264,2.6171554131380956,"(2, 5, 1, 4, 3, 0)",169
61,False,0.6758458228731266,2.617155413138096,"(0, 3, 4, 1, 5, 2)",170
170,False,0.6754825586947142,2.6171681516142433,"(1, 3, 0, 4, 2, 5)",171
340,False,0.6722058478404785,2.6175110080871895,"(2, 5, 0, 4, 1, 3)",172
192,False,0.6801635293690782,2.6187983501297043,"(1, 4, 0, 2, 3, 5)",173
74,False,0.677086604341075,2.6189157018985405,"(0, 4, 1, 3, 2, 5)",174
84,False,0.6775245061398846,2.6190012971681873,"(0, 4, 3, 1, 2, 5)",175
355,False,0.6746121410983325,2.6191145792086328,"(2, 5, 4, 0, 3, 1)",176
171,False,0.674612141098333,2.619114579208634,"(1, 3, 0, 4, 5, 2)",177
38,False,0.6801613732221319,2.619364755470045,"(0, 2, 4, 3, 1, 5)",178
88,False,0.676925213274691,2.620031828818823,"(0, 4, 3, 5, 1, 2)",179
285,False,0.6769252132746915,2.620031828818824,"(2, 1, 5, 3, 4, 0)",180
284,False,0.6781241466831375,2.6201964756540073,"(2, 1, 5, 3, 0, 4)",181
180,False,0.6786065736423315,2.6202067707693413,"(1, 3, 4, 0, 2, 5)",182
314,False,0.6830757177111351,2.6204630033598444,"(2, 4, 0, 3, 1, 5)",183
249,False,0.6781242082129575,2.6206164394263443,"(2, 0, 3, 4, 5, 1)",184
238,False,0.678124208212958,2.620616439426345,"(1, 5, 4, 3, 0, 2)",185
260,False,0.6787502558919288,2.6208591557336374,"(2, 0, 5, 3, 1, 4)",186
351,False,0.6765233971955703,2.6208621294929304,"(2, 5, 3, 1, 4, 0)",187
75,False,0.6765233971955706,2.620862129492931,"(0, 4, 1, 3, 5, 2)",188
98,False,0.6762623654068308,2.6209342465917733,"(0, 5, 1, 3, 2, 4)",189
345,False,0.675496765285656,2.6209477247625776,"(2, 5, 1, 3, 4, 0)",190
85,False,0.6754967652856563,2.620947724762578,"(0, 4, 3, 1, 5, 2)",191
350,False,0.6766972032711909,2.6210267763281134,"(2, 5, 3, 1, 0, 4)",192
184,False,0.6766289562134753,2.6210324655638244,"(1, 3, 4, 5, 0, 2)",193
263,False,0.6766289562134756,2.6210324655638253,"(2, 0, 5, 4, 3, 1)",194
344,False,0.6767721991762227,2.6211123715977607,"(2, 5, 1, 3, 0, 4)",195
220,False,0.6720974197539069,2.6219002285761803,"(1, 5, 0, 4, 2, 3)",196
348,False,0.6766478267038655,2.62190102679463,"(2, 5, 3, 0, 1, 4)",197
338,False,0.6776468057091909,2.621979888533542,"(2, 5, 0, 3, 1, 4)",198
194,False,0.6769730217665602,2.6221008394687346,"(1, 4, 0, 3, 2, 5)",199
341,False,0.6758442763590131,2.6221531983637303,"(2, 5, 0, 4, 3, 1)",200
181,False,0.6758442763590139,2.622153198363732,"(1, 3, 4, 0, 5, 2)",201
204,False,0.6775365113567201,2.622179701207647,"(1, 4, 3, 0, 2, 5)",202
208,False,0.6774647917898062,2.6230053960021307,"(1, 4, 3, 5, 0, 2)",203
261,False,0.6774647917898067,2.623005396002132,"(2, 0, 5, 3, 4, 1)",204
255,False,0.6819030640481479,2.6236220701681137,"(2, 0, 4, 3, 5, 1)",205
232,False,0.681903064048148,2.6236220701681137,"(1, 5, 3, 4, 0, 2)",206
349,False,0.6764067209177966,2.6240472670631245,"(2, 5, 3, 0, 4, 1)",207
195,False,0.6764067209177973,2.6240472670631263,"(1, 4, 0, 3, 5, 2)",208
339,False,0.6768006713931138,2.6241261288020357,"(2, 5, 0, 3, 4, 1)",209
205,False,0.6768006713931145,2.624126128802037,"(1, 4, 3, 0, 5, 2)",210
218,False,0.6790676317145685,2.6260659911124833,"(1, 5, 0, 3, 2, 4)",211
54,False,0.6888746686809585,2.6365719233257345,"(0, 3, 2, 1, 4, 5)",212
49,False,0.6850564393418469,2.6391624211393463,"(0, 3, 1, 2, 5, 4)",213
174,False,0.6904432478390492,2.641035923095374,"(1, 3, 2, 0, 4, 5)",214
280,False,0.6908838308798798,2.6426948367673093,"(2, 1, 4, 5, 0, 3)",215
332,False,0.686288862500397,2.6430145972314083,"(2, 4, 5, 1, 0, 3)",216
169,False,0.6857481796038344,2.644166939895718,"(1, 3, 0, 2, 5, 4)",217
70,False,0.6895552477885621,2.645026139940172,"(0, 3, 5, 4, 1, 2)",218
281,False,0.6895552477885624,2.6450261399401724,"(2, 1, 4, 5, 3, 0)",219
53,False,0.6879858352237558,2.645345900404271,"(0, 3, 1, 5, 4, 2)",220
333,False,0.6879858352237562,2.645345900404272,"(2, 4, 5, 1, 3, 0)",221
115,False,0.6910874367621752,2.6456309361425645,"(0, 5, 4, 1, 3, 2)",222
297,False,0.6910874367621753,2.645630936142565,"(2, 3, 1, 4, 5, 0)",223
330,False,0.6863702449046826,2.645708228884102,"(2, 4, 5, 0, 1, 3)",224
78,False,0.6943158574597085,2.646437987363169,"(0, 4, 2, 1, 3, 5)",225
73,False,0.6881388945950736,2.646486661843152,"(0, 4, 1, 2, 5, 3)",226
256,False,0.6925018155727196,2.647136188352033,"(2, 0, 4, 5, 1, 3)",227
94,False,0.6920084484592064,2.6472248586243388,"(0, 4, 5, 3, 1, 2)",228
275,False,0.6920084484592071,2.6472248586243396,"(2, 1, 3, 5, 4, 0)",229
274,False,0.6925124521904509,2.6473895054595222,"(2, 1, 3, 5, 0, 4)",230
166,False,0.6877592815970976,2.64747742598727,"(1, 2, 5, 4, 0, 3)",231
46,False,0.6881140982387765,2.6476486001494,"(0, 2, 5, 4, 1, 3)",232
198,False,0.693645611876167,2.647670568145181,"(1, 4, 2, 0, 3, 5)",233
62,False,0.6891920245799761,2.6483055892291616,"(0, 3, 4, 2, 1, 5)",234
250,False,0.6927087541672279,2.648599438056616,"(2, 0, 3, 5, 1, 4)",235
119,False,0.6862888756134863,2.64871822474085,"(0, 5, 4, 3, 2, 1)",236
153,False,0.6862888756134867,2.6487182247408514,"(1, 2, 3, 4, 5, 0)",237
109,False,0.6905016547888004,2.648894341611136,"(0, 5, 3, 1, 4, 2)",238
321,False,0.6905016547888004,2.648894341611136,"(2, 4, 1, 3, 5, 0)",239
193,False,0.6895565600486736,2.6496717994133476,"(1, 4, 0, 2, 5, 3)",240
65,False,0.6835002655055291,2.649808729160134,"(0, 3, 4, 5, 2, 1)",241
167,False,0.6835002655055298,2.6498087291601355,"(1, 2, 5, 4, 3, 0)",242
113,False,0.6867205102556281,2.6503118176811657,"(0, 5, 3, 4, 2, 1)",243
159,False,0.6867205102556281,2.6503118176811657,"(1, 2, 4, 3, 5, 0)",244
173,False,0.6909019712841646,2.650350419160642,"(1, 3, 0, 5, 4, 2)",245
331,False,0.6909019712841645,2.650350419160642,"(2, 4, 5, 0, 3, 1)",246
77,False,0.6884190073375799,2.6504281569166834,"(0, 4, 1, 5, 3, 2)",247
309,False,0.6884190073375802,2.6504281569166843,"(2, 3, 5, 1, 4, 0)",248
182,False,0.6892358895839299,2.6504825170377644,"(1, 3, 4, 2, 0, 5)",249
308,False,0.6890748654532579,2.6505928037518673,"(2, 3, 5, 1, 0, 4)",250
251,False,0.6915901267184772,2.65074567832511,"(2, 0, 3, 5, 4, 1)",251
214,False,0.6915901267184776,2.650745678325111,"(1, 4, 5, 3, 0, 2)",252
235,False,0.6910484323212552,2.6513031996500036,"(1, 5, 4, 0, 3, 2)",253
291,False,0.6910484323212552,2.6513031996500036,"(2, 3, 0, 4, 5, 1)",254
306,False,0.6898833913158707,2.6514670542183842,"(2, 3, 5, 0, 1, 4)",255
190,False,0.6934576435662696,2.6517783786285722,"(1, 3, 5, 4, 0, 2)",256
257,False,0.6934576435662704,2.6517783786285736,"(2, 0, 4, 5, 3, 1)",257
33,False,0.6888521696591875,2.651874764288461,"(0, 2, 3, 4, 5, 1)",258
239,False,0.6888521696591877,2.6518747642884613,"(1, 5, 4, 3, 2, 0)",259
86,False,0.6898806497012885,2.652097900853643,"(0, 4, 3, 2, 1, 5)",260
44,False,0.6900533018456453,2.652117480595753,"(0, 2, 5, 3, 1, 4)",261
47,False,0.6835349318180529,2.652290790425941,"(0, 2, 5, 4, 3, 1)",262
185,False,0.6835349318180535,2.6522907904259423,"(1, 3, 4, 5, 2, 0)",263
206,False,0.6914264486930962,2.6524554474760698,"(1, 4, 3, 2, 0, 5)",264
165,False,0.6851771868773545,2.6536010407846162,"(1, 2, 5, 3, 4, 0)",265
89,False,0.6851771868773546,2.6536010407846167,"(0, 4, 3, 5, 2, 1)",266
197,False,0.6871635093704443,2.6536132944868784,"(1, 4, 0, 5, 3, 2)",267
307,False,0.6871635093704443,2.6536132944868784,"(2, 3, 5, 0, 4, 1)",268
164,False,0.690009569618028,2.6537656876197997,"(1, 2, 5, 3, 0, 4)",269
45,False,0.6857336472036325,2.6542637208642463,"(0, 2, 5, 3, 4, 1)",270
209,False,0.6857336472036328,2.6542637208642472,"(1, 4, 3, 5, 2, 0)",271
39,False,0.6880204123663214,2.6548803950302293,"(0, 2, 4, 3, 5, 1)",272
233,False,0.6880204123663217,2.65488039503023,"(1, 5, 3, 4, 2, 0)",273
315,False,0.6954921210330365,2.655978642920028,"(2, 4, 0, 3, 5, 1)",274
229,False,0.6954921210330365,2.655978642920028,"(1, 5, 3, 0, 4, 2)",275
55,False,0.7006964292123511,2.6699413226174245,"(0, 3, 2, 1, 5, 4)",276
175,False,0.7019447739292097,2.6744053223870665,"(1, 3, 2, 0, 5, 4)",277
114,False,0.7020355139165323,2.6745579578318166,"(0, 5, 4, 1, 2, 3)",278
322,False,0.7032884207672044,2.674846572663071,"(2, 4, 1, 5, 0, 3)",279
56,False,0.706796434870181,2.676039138021405,"(0, 3, 2, 4, 1, 5)",280
160,False,0.7054979554673709,2.6762640487331013,"(1, 2, 4, 5, 0, 3)",281
52,False,0.7004506240658317,2.676768872101571,"(0, 3, 1, 5, 2, 4)",282
323,False,0.7026085659435554,2.6771778758359344,"(2, 4, 1, 5, 3, 0)",283
67,False,0.7026085659435556,2.6771778758359353,"(0, 3, 5, 1, 4, 2)",284
79,False,0.7032062826817987,2.677311436646812,"(0, 4, 2, 1, 5, 3)",285
176,False,0.7024964425097535,2.677682280374014,"(1, 3, 2, 4, 0, 5)",286
91,False,0.7031614663848672,2.6777067819918456,"(0, 4, 5, 1, 3, 2)",287
299,False,0.7031614663848675,2.6777067819918465,"(2, 3, 1, 5, 4, 0)",288
298,False,0.7020745286957424,2.6778714288270296,"(2, 3, 1, 5, 0, 4)",289
40,False,0.7047683959400429,2.6783945132141485,"(0, 2, 4, 5, 1, 3)",290
199,False,0.7039686747554954,2.6785440174288255,"(1, 4, 2, 0, 5, 3)",291
161,False,0.6990543174164097,2.6785953519059653,"(1, 2, 4, 5, 3, 0)",292
71,False,0.6990543174164098,2.6785953519059653,"(0, 3, 5, 4, 2, 1)",293
106,False,0.7005647030534674,2.679045079217729,"(0, 5, 2, 4, 1, 3)",294
292,False,0.702359064241281,2.679286198280276,"(2, 3, 0, 5, 1, 4)",295
76,False,0.6987865387925336,2.6793551786059364,"(0, 4, 1, 5, 2, 3)",296
316,False,0.7024407503292729,2.679492761103947,"(2, 4, 0, 5, 1, 3)",297
34,False,0.7048993929650491,2.679857762918733,"(0, 2, 3, 5, 1, 4)",298
234,False,0.7037619153364467,2.680230221339256,"(1, 5, 4, 0, 2, 3)",299
108,False,0.7042586377089541,2.6803173133084357,"(0, 5, 3, 1, 2, 4)",300
155,False,0.6996613345295565,2.680794070590131,"(1, 2, 3, 5, 4, 0)",301
95,False,0.6996613345295567,2.6807940705901316,"(0, 4, 5, 3, 2, 1)",302
154,False,0.7036252685719862,2.680958717425315,"(1, 2, 3, 5, 0, 4)",303
200,False,0.7081798666680172,2.6812488037526356,"(1, 4, 2, 3, 0, 5)",304
293,False,0.7036899828222414,2.6814324385487693,"(2, 3, 0, 5, 4, 1)",305
211,False,0.7036899828222414,2.6814324385487693,"(1, 4, 5, 0, 3, 2)",306
226,False,0.7025241003270892,2.6814899256164817,"(1, 5, 2, 4, 0, 3)",307
172,False,0.7002495655970722,2.6817733908579418,"(1, 3, 0, 5, 2, 4)",308
35,False,0.6999980399576156,2.6820040031872265,"(0, 2, 3, 5, 4, 1)",309
215,False,0.6999980399576158,2.682004003187227,"(1, 4, 5, 3, 2, 0)",310
196,False,0.6985838222967401,2.6825403161761305,"(1, 4, 0, 5, 2, 3)",311
80,False,0.7051436121900382,2.6828370803876553,"(0, 4, 2, 3, 1, 5)",312
41,False,0.7005213755040816,2.6830367034906892,"(0, 2, 4, 5, 3, 1)",313
191,False,0.7005213755040818,2.68303670349069,"(1, 3, 5, 4, 2, 0)",314
104,False,0.701771071656341,2.6835139596640816,"(0, 5, 2, 3, 1, 4)",315
107,False,0.6971869335406259,2.6836872694942695,"(0, 5, 2, 4, 3, 1)",316
183,False,0.6971869335406263,2.683687269494271,"(1, 3, 4, 2, 5, 0)",317
63,False,0.6972857698272451,2.683821228789345,"(0, 3, 4, 2, 5, 1)",318
227,False,0.6972857698272457,2.6838212287893457,"(1, 5, 2, 4, 3, 0)",319
317,False,0.7054496172501005,2.684134951380488,"(2, 4, 0, 5, 3, 1)",320
187,False,0.7054496172501007,2.6841349513804884,"(1, 3, 5, 0, 4, 2)",321
105,False,0.6992126014020794,2.6856601999325753,"(0, 5, 2, 3, 4, 1)",322
207,False,0.6992126014020797,2.685660199932576,"(1, 4, 3, 2, 5, 0)",323
228,False,0.7068027779299468,2.6874016146173276,"(1, 5, 3, 0, 2, 4)",324
87,False,0.6994320368708986,2.687613540413827,"(0, 4, 3, 2, 5, 1)",325
225,False,0.6994320368708992,2.6876135404138277,"(1, 5, 2, 3, 4, 0)",326
224,False,0.7017555027598223,2.6877781872490107,"(1, 5, 2, 3, 0, 4)",327
116,False,0.7152387186295708,2.7062448425539793,"(0, 5, 4, 2, 1, 3)",328
90,False,0.7145406307556033,2.7066338036810977,"(0, 4, 5, 1, 2, 3)",329
66,False,0.7163839415230976,2.708600847533235,"(0, 3, 5, 1, 2, 4)",330
236,False,0.7161107441253526,2.709223474408726,"(1, 5, 4, 2, 0, 3)",331
210,False,0.7166683691434325,2.7103594602380223,"(1, 4, 5, 0, 2, 3)",332
117,False,0.7124858169017939,2.71088703283052,"(0, 5, 4, 2, 3, 1)",333
177,False,0.7124858169017945,2.710887032830521,"(1, 3, 2, 4, 5, 0)",334
57,False,0.7138586037140479,2.711554777581589,"(0, 3, 2, 4, 5, 1)",335
237,False,0.7138586037140481,2.7115547775815894,"(1, 5, 4, 2, 3, 0)",336
110,False,0.716846588997645,2.712307315940648,"(0, 5, 3, 2, 1, 4)",337
111,False,0.7137627123881575,2.7144535562091416,"(0, 5, 3, 2, 4, 1)",338
201,False,0.7137627123881577,2.714453556209142,"(1, 4, 2, 3, 5, 0)",339
186,False,0.719564483642508,2.715557923077788,"(1, 3, 5, 0, 2, 4)",340
81,False,0.7136985405348699,2.7183527199478394,"(0, 4, 2, 3, 5, 1)",341
231,False,0.7136985405348704,2.71835271994784,"(1, 5, 3, 2, 4, 0)",342
230,False,0.7192504706936884,2.718517366783023,"(1, 5, 3, 2, 0, 4)",343
92,False,0.7273704651002845,2.7383206884032614,"(0, 4, 5, 2, 1, 3)",344
212,False,0.7270024204762063,2.739352713307491,"(1, 4, 5, 2, 0, 3)",345
58,False,0.7288580794668867,2.739537776211861,"(0, 3, 2, 5, 1, 4)",346
202,False,0.7287738769543209,2.7404057872610785,"(1, 4, 2, 5, 0, 3)",347
68,False,0.7284728076153465,2.7405908501654466,"(0, 3, 5, 2, 1, 4)",348
59,False,0.7258490880034526,2.7416840164803546,"(0, 3, 2, 5, 4, 1)",349
213,False,0.725849088003453,2.7416840164803555,"(1, 4, 5, 2, 3, 0)",350
82,False,0.7273660150922723,2.7418668381317586,"(0, 4, 2, 5, 1, 3)",351
69,False,0.7278499375657314,2.7427370904339403,"(0, 3, 5, 2, 4, 1)",352
203,False,0.7278499375657319,2.7427370904339416,"(1, 4, 2, 5, 3, 0)",353
93,False,0.7250292960789916,2.7429628786798013,"(0, 4, 5, 2, 3, 1)",354
179,False,0.7250292960789921,2.7429628786798026,"(1, 3, 2, 5, 4, 0)",355
178,False,0.7267607271237208,2.743127525514986,"(1, 3, 2, 5, 0, 4)",356
83,False,0.7274283447268092,2.746509028408299,"(0, 4, 2, 5, 3, 1)",357
189,False,0.7274283447268094,2.7465090284083,"(1, 3, 5, 2, 4, 0)",358
188,False,0.7303655642523791,2.7466736752434833,"(1, 3, 5, 2, 0, 4)",359
