,is_well_nested,ms,ee,perm,i
120,True,0.37916322296738875,2.0475734198190034,"(1, 0, 2, 3, 4, 5)",0
122,True,0.37904314313273113,2.0476042059615356,"(1, 0, 2, 4, 3, 5)",1
240,True,0.38037028495406366,2.0477026935987093,"(2, 0, 1, 3, 4, 5)",2
242,True,0.3801331850398999,2.0477334797412423,"(2, 0, 1, 4, 3, 5)",3
0,True,0.3790671506768708,2.047771145568971,"(0, 1, 2, 3, 4, 5)",4
2,True,0.37894853622539104,2.0478019317115033,"(0, 1, 2, 4, 3, 5)",5
264,True,0.38014723595633326,2.0479036592022775,"(2, 1, 0, 3, 4, 5)",6
266,True,0.38007974574154857,2.0479344453448096,"(2, 1, 0, 4, 3, 5)",7
125,True,0.37800217718808615,2.0479563711942395,"(1, 0, 2, 5, 4, 3)",8
245,True,0.3794551526181283,2.0480856449739457,"(2, 0, 1, 5, 4, 3)",9
124,True,0.3778748747798504,2.0481328362727735,"(1, 0, 2, 5, 3, 4)",10
5,True,0.37787942404184155,2.0481540969442067,"(0, 1, 2, 5, 4, 3)",11
244,True,0.37935022325621015,2.04826211005248,"(2, 0, 1, 5, 3, 4)",12
269,True,0.3792330819701789,2.048286610577513,"(2, 1, 0, 5, 4, 3)",13
4,True,0.3778418980653431,2.0483305620227408,"(0, 1, 2, 5, 3, 4)",14
268,True,0.37920877936526387,2.0484630756560476,"(2, 1, 0, 5, 3, 4)",15
139,False,0.3810560002465079,2.056864218128384,"(1, 0, 5, 2, 4, 3)",16
138,False,0.38108561171919264,2.057040683206918,"(1, 0, 5, 2, 3, 4)",17
19,False,0.38112157201234564,2.0570619438783515,"(0, 1, 5, 2, 4, 3)",18
18,False,0.38125808116396354,2.0572384089568856,"(0, 1, 5, 2, 3, 4)",19
358,False,0.3834577186080138,2.0602418642952207,"(2, 5, 4, 3, 0, 1)",20
129,False,0.38345771860801414,2.0602418642952216,"(1, 0, 3, 4, 5, 2)",21
352,False,0.38333679128533826,2.060407273909838,"(2, 5, 3, 4, 0, 1)",22
135,False,0.3833367912853386,2.060407273909839,"(1, 0, 4, 3, 5, 2)",23
359,False,0.38357269943530115,2.0604395900451893,"(2, 5, 4, 3, 1, 0)",24
9,False,0.38357269943530153,2.0604395900451906,"(0, 1, 3, 4, 5, 2)",25
304,False,0.38339996628775286,2.0605637734656117,"(2, 3, 4, 5, 0, 1)",26
143,False,0.38339996628775325,2.0605637734656126,"(1, 0, 5, 4, 3, 2)",27
128,False,0.3837215297516087,2.060568858247046,"(1, 0, 3, 4, 2, 5)",28
15,False,0.38341548531788866,2.060604999659807,"(0, 1, 4, 3, 5, 2)",29
353,False,0.3834154853178888,2.060604999659807,"(2, 5, 3, 4, 1, 0)",30
328,False,0.3832880310720225,2.0606356018337055,"(2, 4, 3, 5, 0, 1)",31
141,False,0.3832880310720229,2.060635601833707,"(1, 0, 5, 3, 4, 2)",32
134,False,0.38383365273316383,2.0607342678616636,"(1, 0, 4, 3, 2, 5)",33
23,False,0.3835249359358751,2.060761499215581,"(0, 1, 5, 4, 3, 2)",34
305,False,0.3835249359358752,2.060761499215581,"(2, 3, 4, 5, 1, 0)",35
8,False,0.3838293784218124,2.0607665839970153,"(0, 1, 3, 4, 2, 5)",36
21,False,0.3834112024154446,2.0608333275836745,"(0, 1, 5, 3, 4, 2)",37
329,False,0.3834112024154448,2.060833327583675,"(2, 4, 3, 5, 1, 0)",38
14,False,0.38386231622911915,2.060931993611631,"(0, 1, 4, 3, 2, 5)",39
337,False,0.3840290281085039,2.061557632102323,"(2, 5, 0, 1, 4, 3)",40
343,False,0.38419977717736353,2.061675635261785,"(2, 5, 1, 0, 4, 3)",41
336,False,0.3841239095043335,2.0617340971808567,"(2, 5, 0, 1, 3, 4)",42
123,False,0.3837282344777889,2.061822983881817,"(1, 0, 2, 4, 5, 3)",43
342,False,0.3841585471665706,2.061852100340319,"(2, 5, 1, 0, 3, 4)",44
243,False,0.38535889399821105,2.061952257661524,"(2, 0, 1, 4, 5, 3)",45
121,False,0.3837773754866895,2.0619686628178187,"(1, 0, 2, 3, 5, 4)",46
3,False,0.38358608304955844,2.0620207096317853,"(0, 1, 2, 4, 5, 3)",47
241,False,0.3854396929604162,2.0620979365975254,"(2, 0, 1, 3, 5, 4)",48
267,False,0.38527479340155263,2.062153223265091,"(2, 1, 0, 4, 5, 3)",49
1,False,0.3836774019192081,2.0621663885677863,"(0, 1, 2, 3, 5, 4)",50
265,False,0.38530314253386155,2.0622989022010927,"(2, 1, 0, 3, 5, 4)",51
24,False,0.385384919698939,2.0624542671892927,"(0, 2, 1, 3, 4, 5)",52
144,False,0.38539372721386156,2.062457507042893,"(1, 2, 0, 3, 4, 5)",53
26,False,0.3852350986316701,2.0624850533318257,"(0, 2, 1, 4, 3, 5)",54
146,False,0.3852165922399337,2.0624882931854263,"(1, 2, 0, 4, 3, 5)",55
29,False,0.3840434143830564,2.062837218564529,"(0, 2, 1, 5, 4, 3)",56
149,False,0.38404892618578457,2.062840458418129,"(1, 2, 0, 5, 4, 3)",57
28,False,0.38402444682089526,2.0630136836430637,"(0, 2, 1, 5, 3, 4)",58
148,False,0.3840001530737799,2.063016923496663,"(1, 2, 0, 5, 3, 4)",59
300,False,0.3861833354190549,2.0656222362538372,"(2, 3, 4, 0, 1, 5)",60
324,False,0.386195399928698,2.0656940646219315,"(2, 4, 3, 0, 1, 5)",61
302,False,0.3862171320861941,2.065877999336025,"(2, 3, 4, 1, 0, 5)",62
326,False,0.38624264871456104,2.0659498277041206,"(2, 4, 3, 1, 0, 5)",63
126,False,0.38756226718154685,2.0702383870648515,"(1, 0, 3, 2, 4, 5)",64
132,False,0.38758545535794076,2.070434582822001,"(1, 0, 4, 2, 3, 5)",65
6,False,0.3876046809517777,2.07043611281482,"(0, 1, 3, 2, 4, 5)",66
12,False,0.3876138498286922,2.070632308571969,"(0, 1, 4, 2, 3, 5)",67
259,False,0.3882065807483701,2.0715239771496767,"(2, 0, 5, 1, 4, 3)",68
258,False,0.3882479888927408,2.071700442228211,"(2, 0, 5, 1, 3, 4)",69
283,False,0.38828955006161336,2.071842945912707,"(2, 1, 5, 0, 4, 3)",70
282,False,0.3884053651356073,2.0720194109912407,"(2, 1, 5, 0, 3, 4)",71
131,False,0.3888119614314136,2.07439272214541,"(1, 0, 3, 5, 4, 2)",72
334,False,0.3888119614314137,2.0743927221454106,"(2, 4, 5, 3, 0, 1)",73
137,False,0.3888506322679961,2.074486303391934,"(1, 0, 4, 5, 3, 2)",74
310,False,0.388850632267996,2.074486303391934,"(2, 3, 5, 4, 0, 1)",75
11,False,0.38889702653259806,2.074590447895378,"(0, 1, 3, 5, 4, 2)",76
335,False,0.3888970265325987,2.0745904478953796,"(2, 4, 5, 3, 1, 0)",77
17,False,0.3889280363941801,2.0746840291419018,"(0, 1, 4, 5, 3, 2)",78
311,False,0.38892803639418067,2.0746840291419035,"(2, 3, 5, 4, 1, 0)",79
142,False,0.388148644244168,2.0751095453377184,"(1, 0, 5, 4, 2, 3)",80
22,False,0.3882812762080865,2.075307271087686,"(0, 1, 5, 4, 2, 3)",81
140,False,0.3882328406111717,2.075357838784347,"(1, 0, 5, 3, 2, 4)",82
20,False,0.38834245786330107,2.075555564534315,"(0, 1, 5, 3, 2, 4)",83
217,False,0.38850544702946466,2.076149534805399,"(1, 5, 0, 2, 4, 3)",84
216,False,0.3885598194984885,2.076325999883933,"(1, 5, 0, 2, 3, 4)",85
97,False,0.3886314991260959,2.0766030236375568,"(0, 5, 1, 2, 4, 3)",86
27,False,0.3895076354668471,2.0767038312521073,"(0, 2, 1, 4, 5, 3)",87
147,False,0.3894537073573956,2.076707071105707,"(1, 2, 0, 4, 5, 3)",88
96,False,0.38869391483286325,2.076779488716091,"(0, 5, 1, 2, 3, 4)",89
25,False,0.3895722246025843,2.076849510188108,"(0, 2, 1, 3, 5, 4)",90
145,False,0.38956894779574247,2.0768527500417084,"(1, 2, 0, 3, 5, 4)",91
301,False,0.3911375093554519,2.079849090142627,"(2, 3, 4, 0, 5, 1)",92
221,False,0.39113750935545216,2.079849090142628,"(1, 5, 0, 4, 3, 2)",93
219,False,0.39129873961644773,2.079920918510722,"(1, 5, 0, 3, 4, 2)",94
325,False,0.39129873961644795,2.079920918510723,"(2, 4, 3, 0, 5, 1)",95
303,False,0.39138836403105515,2.080302578974785,"(2, 3, 4, 1, 5, 0)",96
101,False,0.3913883640310553,2.080302578974786,"(0, 5, 1, 4, 3, 2)",97
327,False,0.3913960791658538,2.0803744073428803,"(2, 4, 3, 1, 5, 0)",98
99,False,0.3913960791658537,2.0803744073428803,"(0, 5, 1, 3, 4, 2)",99
127,False,0.39160867550686795,2.084633630063667,"(1, 0, 3, 2, 5, 4)",100
133,False,0.39173549617216463,2.084653360742283,"(1, 0, 4, 2, 5, 3)",101
7,False,0.3918147893335118,2.0848313558136344,"(0, 1, 3, 2, 5, 4)",102
13,False,0.3917373372302746,2.0848510864922503,"(0, 1, 4, 2, 5, 3)",103
246,False,0.3933471116628491,2.084927594845708,"(2, 0, 3, 1, 4, 5)",104
252,False,0.39332232431973757,2.08505636441083,"(2, 0, 4, 1, 3, 5)",105
276,False,0.3933955150294949,2.085311470401593,"(2, 1, 4, 0, 3, 5)",106
270,False,0.39340694344517324,2.0853382704927177,"(2, 1, 3, 0, 4, 5)",107
43,False,0.3922305667523403,2.0862755507402597,"(0, 2, 5, 1, 4, 3)",108
163,False,0.39238065995588123,2.086396793753321,"(1, 2, 5, 0, 4, 3)",109
42,False,0.39244021570998383,2.0864520158187934,"(0, 2, 5, 1, 3, 4)",110
162,False,0.3924343352405628,2.0865732588318555,"(1, 2, 5, 0, 3, 4)",111
136,False,0.39309033606920263,2.0890320752640394,"(1, 0, 4, 5, 2, 3)",112
288,False,0.395723615109644,2.0890402792804506,"(2, 3, 0, 1, 4, 5)",113
130,False,0.3930302010812047,2.0891149590960505,"(1, 0, 3, 5, 2, 4)",114
16,False,0.39309055860013353,2.0892298010140076,"(0, 1, 4, 5, 2, 3)",115
312,False,0.39576509364453566,2.0892408772136672,"(2, 4, 0, 1, 3, 5)",116
294,False,0.39594723178727587,2.0892499893238923,"(2, 3, 1, 0, 4, 5)",117
318,False,0.39582711665467984,2.089295017600862,"(2, 4, 1, 0, 3, 5)",118
10,False,0.39309075276002703,2.0893126848460177,"(0, 1, 3, 5, 2, 4)",119
248,False,0.39603708293857887,2.0898266061319504,"(2, 0, 3, 4, 1, 5)",120
254,False,0.3961100919836972,2.08992458955454,"(2, 0, 4, 3, 1, 5)",121
278,False,0.3962923573210513,2.090435458627491,"(2, 1, 4, 3, 0, 5)",122
272,False,0.3961539745516757,2.090493044861148,"(2, 1, 3, 4, 0, 5)",123
223,False,0.39366588072955117,2.090798023206448,"(1, 5, 2, 0, 4, 3)",124
222,False,0.3937651193809464,2.0909744882849814,"(1, 5, 2, 0, 3, 4)",125
103,False,0.3938082213046648,2.0911335088791434,"(0, 5, 2, 1, 4, 3)",126
102,False,0.3938251548242607,2.091309973957677,"(0, 5, 2, 1, 3, 4)",127
354,False,0.3961124625842153,2.0934744777285905,"(2, 5, 4, 0, 1, 3)",128
355,False,0.3950262269184854,2.0934825536970987,"(2, 5, 4, 0, 3, 1)",129
171,False,0.39502622691848566,2.0934825536970996,"(1, 3, 0, 4, 5, 2)",130
356,False,0.396000840159023,2.09351325978146,"(2, 5, 4, 1, 0, 3)",131
357,False,0.3951474807008708,2.0937190614999386,"(2, 5, 4, 1, 3, 0)",132
51,False,0.3951474807008711,2.0937190614999395,"(0, 3, 1, 4, 5, 2)",133
349,False,0.39518844720191376,2.093724341988713,"(2, 5, 3, 0, 4, 1)",134
195,False,0.39518844720191404,2.0937243419887137,"(1, 4, 0, 3, 5, 2)",135
170,False,0.3951873266884476,2.0938095476489242,"(1, 3, 0, 4, 2, 5)",136
348,False,0.396139308701576,2.093892731098738,"(2, 5, 3, 0, 1, 4)",137
290,False,0.39612771275499115,2.0939392905666927,"(2, 3, 0, 4, 1, 5)",138
50,False,0.3950851880864899,2.0940460554517637,"(0, 3, 1, 4, 2, 5)",139
194,False,0.39511314478495574,2.094051335940538,"(1, 4, 0, 3, 2, 5)",140
314,False,0.3960669249567151,2.0941091023573764,"(2, 4, 0, 3, 1, 5)",141
340,False,0.39549576365630307,2.094247842658473,"(2, 5, 0, 4, 1, 3)",142
341,False,0.3962189232596285,2.094255918626981,"(2, 5, 0, 4, 3, 1)",143
181,False,0.39621892325962876,2.094255918626982,"(1, 3, 4, 0, 5, 2)",144
350,False,0.39629321410168966,2.094287626970561,"(2, 5, 3, 1, 0, 4)",145
351,False,0.395336413008702,2.094316963610505,"(2, 5, 3, 1, 4, 0)",146
75,False,0.39533641300870237,2.094316963610506,"(0, 4, 1, 3, 5, 2)",147
339,False,0.3963293654316104,2.0943322973039775,"(2, 5, 0, 3, 4, 1)",148
205,False,0.39632936543161074,2.0943322973039784,"(1, 4, 3, 0, 5, 2)",149
220,False,0.395430847667703,2.0943948620147346,"(1, 5, 0, 4, 2, 3)",150
346,False,0.3953801003782711,2.094404627870806,"(2, 5, 1, 4, 0, 3)",151
296,False,0.39610273475108915,2.0944047636923226,"(2, 3, 1, 4, 0, 5)",152
320,False,0.3961213699849392,2.0944190058267598,"(2, 4, 1, 3, 0, 5)",153
338,False,0.3953928083807234,2.0945006864140034,"(2, 5, 0, 3, 1, 4)",154
180,False,0.39630538758911354,2.0945829125788067,"(1, 3, 4, 0, 2, 5)",155
347,False,0.3963339236673058,2.0946104295892836,"(2, 5, 1, 4, 3, 0)",156
61,False,0.3963339236673059,2.0946104295892845,"(0, 3, 4, 1, 5, 2)",157
218,False,0.3953036606298641,2.0946431554613625,"(1, 5, 0, 3, 2, 4)",158
74,False,0.3953010379105928,2.09464395756233,"(0, 4, 1, 3, 2, 5)",159
204,False,0.3962962462075118,2.0946592912558035,"(1, 4, 3, 0, 2, 5)",160
100,False,0.39530351268543606,2.094848350846892,"(0, 5, 1, 4, 2, 3)",161
60,False,0.39642141844994183,2.0949374235411087,"(0, 3, 4, 1, 2, 5)",162
344,False,0.39559710054655145,2.0950135854452885,"(2, 5, 1, 3, 0, 4)",163
85,False,0.396572556831956,2.095042922085233,"(0, 4, 3, 1, 5, 2)",164
345,False,0.396572556831956,2.095042922085233,"(2, 5, 1, 3, 4, 0)",165
98,False,0.3954354833339407,2.0950966442935206,"(0, 5, 1, 3, 2, 4)",166
84,False,0.39655119521085735,2.0953699160370576,"(0, 4, 3, 1, 2, 5)",167
253,False,0.39883406387241405,2.0992751423311127,"(2, 0, 4, 1, 5, 3)",168
247,False,0.3988630184323239,2.099322837844524,"(2, 0, 3, 1, 5, 4)",169
277,False,0.39901134739373567,2.099530248321875,"(2, 1, 4, 0, 5, 3)",170
30,False,0.3987816632502208,2.0996791684362925,"(0, 2, 3, 1, 4, 5)",171
271,False,0.39901685560095157,2.099733513491533,"(2, 1, 3, 0, 5, 4)",172
36,False,0.3988488431220585,2.099807938001415,"(0, 2, 4, 1, 3, 5)",173
156,False,0.3989100927393018,2.099865318242209,"(1, 2, 4, 0, 3, 5)",174
150,False,0.39887064510138776,2.099892118333333,"(1, 2, 3, 0, 4, 5)",175
289,False,0.3998428904571142,2.1034355222792667,"(2, 3, 0, 1, 5, 4)",176
313,False,0.3998723195163021,2.103459655133949,"(2, 4, 0, 1, 5, 3)",177
168,False,0.3994623685386417,2.1034790764667295,"(1, 3, 0, 2, 4, 5)",178
319,False,0.3997942660949878,2.103513795521144,"(2, 4, 1, 0, 5, 3)",179
295,False,0.3998706334336939,2.103645232322708,"(2, 3, 1, 0, 5, 4)",180
48,False,0.39953826137978343,2.103715584269569,"(0, 3, 1, 2, 4, 5)",181
192,False,0.39941066323343916,2.1037516509008762,"(1, 4, 0, 2, 3, 5)",182
249,False,0.39985238155615843,2.10405346002074,"(2, 0, 3, 4, 5, 1)",183
238,False,0.3998523815561587,2.104053460020741,"(1, 5, 4, 3, 0, 2)",184
255,False,0.39970014053176495,2.10415144344333,"(2, 0, 4, 3, 5, 1)",185
232,False,0.3997001405317653,2.104151443443331,"(1, 5, 3, 4, 0, 2)",186
262,False,0.3998921202056224,2.1042141877058262,"(2, 0, 5, 4, 1, 3)",187
263,False,0.3993085702355905,2.1042222636743344,"(2, 0, 5, 4, 3, 1)",188
184,False,0.39930857023559085,2.1042222636743353,"(1, 3, 4, 5, 0, 2)",189
208,False,0.3991632682548942,2.1042986423513312,"(1, 4, 3, 5, 0, 2)",190
261,False,0.399163268254894,2.1042986423513312,"(2, 0, 5, 3, 4, 1)",191
72,False,0.3997052696089919,2.104344272522668,"(0, 4, 1, 2, 3, 5)",192
260,False,0.3999470383584053,2.1044670314613567,"(2, 0, 5, 3, 1, 4)",193
286,False,0.3999856638371468,2.104571938521726,"(2, 1, 5, 4, 0, 3)",194
32,False,0.40017900095797404,2.104578179722534,"(0, 2, 3, 4, 1, 5)",195
38,False,0.4002474711471813,2.104676163145124,"(0, 2, 4, 3, 1, 5)",196
287,False,0.39951629314514003,2.104777740240204,"(2, 1, 5, 4, 3, 0)",197
64,False,0.3995162931451403,2.104777740240205,"(0, 3, 4, 5, 1, 2)",198
279,False,0.3998844388305136,2.1048600382662497,"(2, 1, 4, 3, 5, 0)",199
112,False,0.3998844388305138,2.10486003826625,"(0, 5, 3, 4, 1, 2)",200
273,False,0.40007599135083466,2.1049176244999064,"(2, 1, 3, 4, 5, 0)",201
118,False,0.40007599135083494,2.1049176244999073,"(0, 5, 4, 3, 1, 2)",202
158,False,0.40032415811076455,2.104989306468106,"(1, 2, 4, 3, 0, 5)",203
152,False,0.40020931120727077,2.105046892701763,"(1, 2, 3, 4, 0, 5)",204
284,False,0.4002373649338119,2.10518089609621,"(2, 1, 5, 3, 0, 4)",205
285,False,0.3994896900648636,2.1052102327361535,"(2, 1, 5, 3, 4, 0)",206
88,False,0.3994896900648639,2.1052102327361544,"(0, 4, 3, 5, 1, 2)",207
330,False,0.4004268691209071,2.10762533557878,"(2, 4, 5, 0, 1, 3)",208
173,False,0.4008344788041496,2.1076334115472886,"(1, 3, 0, 5, 4, 2)",209
331,False,0.4008344788041498,2.107633411547289,"(2, 4, 5, 0, 3, 1)",210
332,False,0.4004922241686799,2.107664117631651,"(2, 4, 5, 1, 0, 3)",211
197,False,0.4009130002922458,2.1078033714708084,"(1, 4, 0, 5, 3, 2)",212
307,False,0.4009130002922459,2.107803371470809,"(2, 3, 5, 0, 4, 1)",213
53,False,0.4008041223482932,2.1078699193501285,"(0, 3, 1, 5, 4, 2)",214
333,False,0.40080412234829355,2.107869919350129,"(2, 4, 5, 1, 3, 0)",215
306,False,0.4005078463225895,2.107971760580834,"(2, 3, 5, 0, 1, 4)",216
235,False,0.40156359031790306,2.108166144455483,"(1, 5, 4, 0, 3, 2)",217
291,False,0.4015635903179031,2.108166144455483,"(2, 3, 0, 4, 5, 1)",218
229,False,0.40161345495387935,2.108335956246166,"(1, 5, 3, 0, 4, 2)",219
315,False,0.40161345495387946,2.1083359562461665,"(2, 4, 0, 3, 5, 1)",220
308,False,0.40070256662001447,2.108366656452657,"(2, 3, 5, 1, 0, 4)",221
77,False,0.40099155152947513,2.108395993092601,"(0, 4, 1, 5, 3, 2)",222
309,False,0.40099155152947535,2.1083959930926013,"(2, 3, 5, 1, 4, 0)",223
115,False,0.40167409750165006,2.108829343331081,"(0, 5, 4, 1, 3, 2)",224
297,False,0.4016740975016503,2.108829343331082,"(2, 3, 1, 4, 5, 0)",225
321,False,0.40173725326371823,2.108843585465519,"(2, 4, 1, 3, 5, 0)",226
109,False,0.40173725326371823,2.108843585465519,"(0, 5, 3, 1, 4, 2)",227
182,False,0.4011041989183332,2.1094072157650414,"(1, 3, 4, 2, 0, 5)",228
206,False,0.401155680541434,2.109483594442038,"(1, 4, 3, 2, 0, 5)",229
62,False,0.4011267794454029,2.109505963645156,"(0, 3, 4, 2, 1, 5)",230
86,False,0.40129335199551497,2.109938456141105,"(0, 4, 3, 2, 1, 5)",231
37,False,0.4027703377932024,2.1140267159216966,"(0, 2, 4, 1, 5, 3)",232
31,False,0.40282451249316137,2.114074411435107,"(0, 2, 3, 1, 5, 4)",233
157,False,0.40284689193419687,2.1140840961624905,"(1, 2, 4, 0, 5, 3)",234
151,False,0.40281514531297274,2.1142873613321482,"(1, 2, 3, 0, 5, 4)",235
169,False,0.4034040544052547,2.117874319465545,"(1, 3, 0, 2, 5, 4)",236
193,False,0.4033393973338918,2.1179704288211574,"(1, 4, 0, 2, 5, 3)",237
251,False,0.4046599639512277,2.1180852114225988,"(2, 0, 3, 5, 4, 1)",238
214,False,0.40465996395122794,2.118085211422599,"(1, 4, 5, 3, 0, 2)",239
256,False,0.40418558952744926,2.1180987401996836,"(2, 0, 4, 5, 1, 3)",240
257,False,0.4046559077559448,2.1181068161681917,"(2, 0, 4, 5, 3, 1)",241
190,False,0.404655907755945,2.1181068161681926,"(1, 3, 5, 4, 0, 2)",242
49,False,0.40343358454388356,2.1181108272683846,"(0, 3, 1, 2, 5, 4)",243
174,False,0.40421071787811597,2.118248720511321,"(1, 3, 2, 0, 4, 5)",244
250,False,0.40412931231667804,2.1182536005326247,"(2, 0, 3, 5, 1, 4)",245
54,False,0.40419424060970793,2.1182755182707202,"(0, 3, 2, 1, 4, 5)",246
198,False,0.404199902813676,2.118298299097194,"(1, 4, 2, 0, 3, 5)",247
280,False,0.40424910044912854,2.118392628243317,"(2, 1, 4, 5, 0, 3)",248
73,False,0.4036279196316882,2.1185630504429502,"(0, 4, 1, 2, 5, 3)",249
281,False,0.40485731504328765,2.1185984299617946,"(2, 1, 4, 5, 3, 0)",250
70,False,0.40485731504328804,2.1185984299617955,"(0, 3, 5, 4, 1, 2)",251
33,False,0.4034256103915373,2.1188050336113227,"(0, 2, 3, 4, 5, 1)",252
239,False,0.4034256103915378,2.118805033611324,"(1, 5, 4, 3, 2, 0)",253
78,False,0.4043380106687234,2.118836780331791,"(0, 4, 2, 1, 3, 5)",254
39,False,0.40336067883534404,2.118903017033914,"(0, 2, 4, 3, 5, 1)",255
233,False,0.4033606788353441,2.1189030170339143,"(1, 5, 3, 4, 2, 0)",256
46,False,0.40383847473006146,2.1189657612964092,"(0, 2, 5, 4, 1, 3)",257
47,False,0.4028629154878529,2.1189738372649174,"(0, 2, 5, 4, 3, 1)",258
185,False,0.4028629154878533,2.1189738372649183,"(1, 3, 4, 5, 2, 0)",259
45,False,0.4026659963421476,2.119050215941914,"(0, 2, 5, 3, 4, 1)",260
209,False,0.402665996342148,2.119050215941915,"(1, 4, 3, 5, 2, 0)",261
274,False,0.4044161507044116,2.1190591720514567,"(2, 1, 3, 5, 0, 4)",262
275,False,0.40498243794831945,2.1190885086914,"(2, 1, 3, 5, 4, 0)",263
94,False,0.4049824379483198,2.1190885086914015,"(0, 4, 5, 3, 1, 2)",264
166,False,0.40384881081857793,2.119125786362342,"(1, 2, 5, 4, 0, 3)",265
44,False,0.40383907184115003,2.11921860505194,"(0, 2, 5, 3, 1, 4)",266
167,False,0.4029874068151635,2.1193315880808195,"(1, 2, 5, 4, 3, 0)",267
65,False,0.4029874068151636,2.11933158808082,"(0, 3, 4, 5, 2, 1)",268
113,False,0.403467231610978,2.119413886106864,"(0, 5, 3, 4, 2, 1)",269
159,False,0.4034672316109784,2.119413886106865,"(1, 2, 4, 3, 5, 0)",270
119,False,0.40358413372754853,2.1194714723405217,"(0, 5, 4, 3, 2, 1)",271
153,False,0.40358413372754853,2.1194714723405217,"(1, 2, 3, 4, 5, 0)",272
164,False,0.4041297649518505,2.119734743936825,"(1, 2, 5, 3, 0, 4)",273
165,False,0.4029163929469185,2.1197640805767684,"(1, 2, 5, 3, 4, 0)",274
89,False,0.4029163929469185,2.1197640805767684,"(0, 4, 3, 5, 2, 1)",275
211,False,0.4053335623132069,2.122197895857341,"(1, 4, 5, 0, 3, 2)",276
293,False,0.40533356231320705,2.1221978958573415,"(2, 3, 0, 5, 4, 1)",277
316,False,0.4061479876685829,2.1222832530025206,"(2, 4, 0, 5, 1, 3)",278
187,False,0.40542612271165623,2.122291328971029,"(1, 3, 5, 0, 4, 2)",279
317,False,0.4054261227116563,2.122291328971029,"(2, 4, 0, 5, 3, 1)",280
196,False,0.40479361442672607,2.1223491433429142,"(1, 4, 0, 5, 2, 3)",281
172,False,0.4048062348806405,2.122355648497929,"(1, 3, 0, 5, 2, 4)",282
292,False,0.40606317710016726,2.1223662849673675,"(2, 3, 0, 5, 1, 4)",283
322,False,0.4060869234543053,2.1223761754425867,"(2, 4, 1, 5, 0, 3)",284
67,False,0.40548389983610555,2.1225819771610643,"(0, 3, 5, 1, 4, 2)",285
323,False,0.40548389983610555,2.1225819771610643,"(2, 4, 1, 5, 3, 0)",286
52,False,0.4048169040594919,2.122592156300769,"(0, 3, 1, 5, 2, 4)",287
234,False,0.4056088970272044,2.122711916327588,"(1, 5, 4, 0, 2, 3)",288
76,False,0.4049683516484499,2.1229417649647067,"(0, 4, 1, 5, 2, 3)",289
298,False,0.40633108569950427,2.122970890882632,"(2, 3, 1, 5, 0, 4)",290
91,False,0.40567166532552246,2.1230002275225752,"(0, 4, 5, 1, 3, 2)",291
299,False,0.40567166532552257,2.1230002275225752,"(2, 3, 1, 5, 4, 0)",292
228,False,0.4056636177151848,2.1230581931968064,"(1, 5, 3, 0, 2, 4)",293
56,False,0.40615929420869795,2.1231745295569615,"(0, 3, 2, 4, 1, 5)",294
114,False,0.40570938833464554,2.123375115203187,"(0, 5, 4, 1, 2, 3)",295
176,False,0.40628928254400837,2.1234034948797516,"(1, 3, 2, 4, 0, 5)",296
200,False,0.40615648885676703,2.1234222873230912,"(1, 4, 2, 3, 0, 5)",297
226,False,0.4052172952986961,2.123527015815468,"(1, 5, 2, 4, 0, 3)",298
108,False,0.4057953336048724,2.1235658224161593,"(0, 5, 3, 1, 2, 4)",299
80,False,0.40635703536465406,2.1237050054754993,"(0, 4, 2, 3, 1, 5)",300
227,False,0.40452927750005396,2.1237328175339454,"(1, 5, 2, 4, 3, 0)",301
63,False,0.4045292775000542,2.123732817533946,"(0, 3, 4, 2, 5, 1)",302
106,False,0.4051963120276581,2.1238237194352934,"(0, 5, 2, 4, 1, 3)",303
107,False,0.4045984907213555,2.123831795403801,"(0, 5, 2, 4, 3, 1)",304
183,False,0.4045984907213557,2.1238317954038015,"(1, 3, 4, 2, 5, 0)",305
105,False,0.404498057060611,2.123908174080798,"(0, 5, 2, 3, 4, 1)",306
207,False,0.4044980570606111,2.123908174080798,"(1, 4, 3, 2, 5, 0)",307
104,False,0.4051965516404305,2.1240765631908234,"(0, 5, 2, 3, 1, 4)",308
224,False,0.4053432513378439,2.124135973389951,"(1, 5, 2, 3, 0, 4)",309
225,False,0.4047268714434568,2.1241653100298943,"(1, 5, 2, 3, 4, 0)",310
87,False,0.40472687144345687,2.1241653100298947,"(0, 4, 3, 2, 5, 1)",311
199,False,0.4090780081691369,2.132517077017475,"(1, 4, 2, 0, 5, 3)",312
175,False,0.4091389782914429,2.1326439635101373,"(1, 3, 2, 0, 5, 4)",313
55,False,0.40909962750989864,2.1326707612695355,"(0, 3, 2, 1, 5, 4)",314
35,False,0.4082665992724218,2.132836785013183,"(0, 2, 3, 5, 4, 1)",315
215,False,0.4082665992724218,2.132836785013183,"(1, 4, 5, 3, 2, 0)",316
40,False,0.4090575674529882,2.132850313790267,"(0, 2, 4, 5, 1, 3)",317
191,False,0.40825447255840286,2.132858389758776,"(1, 3, 5, 4, 2, 0)",318
41,False,0.40825447255840297,2.1328583897587765,"(0, 2, 4, 5, 3, 1)",319
160,False,0.40911321951691687,2.1329464760839323,"(1, 2, 4, 5, 0, 3)",320
34,False,0.409009057615277,2.133005174123209,"(0, 2, 3, 5, 1, 4)",321
79,False,0.40925839195404196,2.133055558252073,"(0, 4, 2, 1, 5, 3)",322
71,False,0.4083469645671216,2.13315227780241,"(0, 3, 5, 4, 2, 1)",323
161,False,0.40834696456712183,2.1331522778024103,"(1, 2, 4, 5, 3, 0)",324
154,False,0.40929377198099504,2.1336130198920724,"(1, 2, 3, 5, 0, 4)",325
155,False,0.4085185939125285,2.1336423565320155,"(1, 2, 3, 5, 4, 0)",326
95,False,0.40851859391252854,2.1336423565320155,"(0, 4, 5, 3, 2, 1)",327
210,False,0.41031493409319164,2.136743667729447,"(1, 4, 5, 0, 2, 3)",328
186,False,0.4103532167138307,2.1370135659216687,"(1, 3, 5, 0, 2, 4)",329
236,False,0.41058728903249014,2.1371955817272736,"(1, 5, 4, 2, 0, 3)",330
66,False,0.41052434980975283,2.137304214111704,"(0, 3, 5, 1, 2, 4)",331
237,False,0.409777568971437,2.1374013834457513,"(1, 5, 4, 2, 3, 0)",332
57,False,0.409777568971437,2.1374013834457513,"(0, 3, 2, 4, 5, 1)",333
90,False,0.4105870579068363,2.137545999394681,"(0, 4, 5, 1, 2, 3)",334
116,False,0.41075242065871664,2.137819998550002,"(0, 5, 4, 2, 1, 3)",335
117,False,0.40980003201926135,2.1378280745185103,"(0, 5, 4, 2, 3, 1)",336
177,False,0.40980003201926135,2.1378280745185103,"(1, 3, 2, 4, 5, 0)",337
111,False,0.40985273228252733,2.1378468669618504,"(0, 5, 3, 2, 4, 1)",338
201,False,0.4098527322825272,2.1378468669618504,"(1, 4, 2, 3, 5, 0)",339
230,False,0.4107577112222959,2.137902522724346,"(1, 5, 3, 2, 0, 4)",340
81,False,0.4099162092955779,2.13793185936429,"(0, 4, 2, 3, 5, 1)",341
231,False,0.4099162092955779,2.13793185936429,"(1, 5, 3, 2, 4, 0)",342
110,False,0.41089562000941254,2.138015256071877,"(0, 5, 3, 2, 1, 4)",343
212,False,0.4144377707871671,2.1512273331291327,"(1, 4, 5, 2, 0, 3)",344
202,False,0.41447801445210086,2.1513794569389173,"(1, 4, 2, 5, 0, 3)",345
213,False,0.414369812100704,2.1514331348476103,"(1, 4, 5, 2, 3, 0)",346
59,False,0.41436981210070395,2.1514331348476103,"(0, 3, 2, 5, 4, 1)",347
203,False,0.4145429765069898,2.1515852586573954,"(1, 4, 2, 5, 3, 0)",348
69,False,0.4145429765069898,2.1515852586573954,"(0, 3, 5, 2, 4, 1)",349
58,False,0.414499133234649,2.1516015239576363,"(0, 3, 2, 5, 1, 4)",350
68,False,0.41461882740031664,2.1517536477674213,"(0, 3, 5, 2, 1, 4)",351
188,False,0.4145957293959925,2.1518578954492087,"(1, 3, 5, 2, 0, 4)",352
82,False,0.41469530051192915,2.1518791561206445,"(0, 4, 2, 5, 1, 3)",353
83,False,0.41461758922656566,2.1518872320891527,"(0, 4, 2, 5, 3, 1)",354
189,False,0.41461758922656566,2.1518872320891527,"(1, 3, 5, 2, 4, 0)",355
178,False,0.41468308181312613,2.151969622070061,"(1, 3, 2, 5, 0, 4)",356
92,False,0.41468048368885746,2.151990882741496,"(0, 4, 5, 2, 1, 3)",357
93,False,0.41473616551359893,2.1519989587100037,"(0, 4, 5, 2, 3, 1)",358
179,False,0.41473616551359904,2.151998958710004,"(1, 3, 2, 5, 4, 0)",359
