,is_well_nested,ms,ee,perm,i
26,False,1.248477823433634,3.3370075447891976,"(0, 2, 1, 4, 3, 5)",0
242,True,1.2507521896025073,3.3370726148495002,"(2, 0, 1, 4, 3, 5)",1
24,False,1.2481602725226395,3.338555339626601,"(0, 2, 1, 3, 4, 5)",2
240,True,1.2479376080160212,3.338620409686903,"(2, 0, 1, 3, 4, 5)",3
28,False,1.253449994342586,3.339458322312333,"(0, 2, 1, 5, 3, 4)",4
244,True,1.254790635477372,3.339523392372635,"(2, 0, 1, 5, 3, 4)",5
29,False,1.2450437590802854,3.3398989949203486,"(0, 2, 1, 5, 4, 3)",6
245,True,1.2517177225234124,3.339964064980652,"(2, 0, 1, 5, 4, 3)",7
27,False,1.2487161005607654,3.340348314725972,"(0, 2, 1, 4, 5, 3)",8
243,False,1.243282097872849,3.340413384786275,"(2, 0, 1, 4, 5, 3)",9
25,False,1.2511941007040828,3.341455436955358,"(0, 2, 1, 3, 5, 4)",10
241,False,1.252818011015424,3.3415205070156597,"(2, 0, 1, 3, 5, 4)",11
266,True,1.2475250897713923,3.342243430762009,"(2, 1, 0, 4, 3, 5)",12
2,True,1.2501259563219465,3.343101970280971,"(0, 1, 2, 4, 3, 5)",13
264,True,1.2530623096185274,3.3437912255994116,"(2, 1, 0, 3, 4, 5)",14
0,True,1.250221073404341,3.3446497651183726,"(0, 1, 2, 3, 4, 5)",15
268,True,1.257058395997032,3.3446942082851434,"(2, 1, 0, 5, 3, 4)",16
269,True,1.2518231713078447,3.34513488089316,"(2, 1, 0, 5, 4, 3)",17
4,True,1.2480534223033781,3.345552747804105,"(0, 1, 2, 5, 3, 4)",18
267,False,1.2512204346951794,3.3455842006987835,"(2, 1, 0, 4, 5, 3)",19
146,False,1.2568318419065374,3.3456997483386344,"(1, 2, 0, 4, 3, 5)",20
5,True,1.2565241335908501,3.345993420412121,"(0, 1, 2, 5, 4, 3)",21
3,False,1.249277437837855,3.346442740217744,"(0, 1, 2, 4, 5, 3)",22
122,True,1.2491659953033991,3.346623357917899,"(1, 0, 2, 4, 3, 5)",23
265,False,1.2525604373218813,3.346691322928169,"(2, 1, 0, 3, 5, 4)",24
144,False,1.2535013769121952,3.347247543176038,"(1, 2, 0, 3, 4, 5)",25
1,False,1.2516920046510849,3.3475498624471305,"(0, 1, 2, 3, 5, 4)",26
148,False,1.2568917914502238,3.3481505258617688,"(1, 2, 0, 5, 3, 4)",27
120,True,1.254687636021758,3.348171152755302,"(1, 0, 2, 3, 4, 5)",28
149,False,1.2516981751433989,3.3485911984697863,"(1, 2, 0, 5, 4, 3)",29
147,False,1.2547651111066425,3.349040518275409,"(1, 2, 0, 4, 5, 3)",30
124,True,1.2526598081381801,3.3490741354410334,"(1, 0, 2, 5, 3, 4)",31
125,True,1.2471155700730485,3.34951480804905,"(1, 0, 2, 5, 4, 3)",32
123,False,1.2513021305915273,3.349964127854673,"(1, 0, 2, 4, 5, 3)",33
145,False,1.254633022640034,3.3501476405047947,"(1, 2, 0, 3, 5, 4)",34
121,False,1.2567702985163565,3.351071250084059,"(1, 0, 2, 3, 5, 4)",35
30,False,1.2608457477928945,3.3570483968092177,"(0, 2, 3, 1, 4, 5)",36
246,False,1.2656047771280077,3.357113466869521,"(2, 0, 3, 1, 4, 5)",37
18,False,1.2568317835817642,3.3581463680826564,"(0, 1, 5, 2, 3, 4)",38
19,False,1.2551723814944655,3.358587040690674,"(0, 1, 5, 2, 4, 3)",39
270,False,1.2611055418512942,3.359165471229748,"(2, 1, 3, 0, 4, 5)",40
12,False,1.2631013245081524,3.359644763977025,"(0, 1, 4, 2, 3, 5)",41
31,False,1.2563457542246232,3.3599484941379743,"(0, 2, 3, 1, 5, 4)",42
247,False,1.2626166423395018,3.360013564198278,"(2, 0, 3, 1, 5, 4)",43
42,False,1.2656543518308438,3.3600907432233877,"(0, 2, 5, 1, 3, 4)",44
258,False,1.2577664283731642,3.360155813283691,"(2, 0, 5, 1, 3, 4)",45
43,False,1.2635751031620759,3.3605314158314057,"(0, 2, 5, 1, 4, 3)",46
259,False,1.2604084963478106,3.3605964858917075,"(2, 0, 5, 1, 4, 3)",47
138,False,1.263357437940288,3.361667755719584,"(1, 0, 5, 2, 3, 4)",48
36,False,1.2649073388906402,3.3618777305904732,"(0, 2, 4, 1, 3, 5)",49
252,False,1.2639373902784687,3.3619428006507768,"(2, 0, 4, 1, 3, 5)",50
271,False,1.2636212821058068,3.3620655685585037,"(2, 1, 3, 0, 5, 4)",51
139,False,1.2578396874069258,3.3621084283276015,"(1, 0, 5, 2, 4, 3)",52
150,False,1.2625143444951696,3.362621788806373,"(1, 2, 3, 0, 4, 5)",53
13,False,1.257055815731039,3.362985533913799,"(0, 1, 4, 2, 5, 3)",54
276,False,1.267009946450011,3.3630900545502955,"(2, 1, 4, 0, 3, 5)",55
132,False,1.2629586498544112,3.363166151613953,"(1, 0, 4, 2, 3, 5)",56
282,False,1.2668810315590662,3.3646205645047487,"(2, 1, 5, 0, 3, 4)",57
283,False,1.2617834828906964,3.3650612371127657,"(2, 1, 5, 0, 4, 3)",58
37,False,1.2647640383421945,3.3652185005272477,"(0, 2, 4, 1, 5, 3)",59
253,False,1.2696277113701657,3.365283570587552,"(2, 0, 4, 1, 5, 3)",60
151,False,1.2646512817607898,3.36552188613513,"(1, 2, 3, 0, 5, 4)",61
6,False,1.2717551449766646,3.3660656179802437,"(0, 1, 3, 2, 4, 5)",62
23,False,1.2568066174153336,3.366273388835277,"(0, 1, 5, 4, 3, 2)",63
305,False,1.2568066174153338,3.3662733888352774,"(2, 3, 4, 5, 1, 0)",64
277,False,1.267499698412102,3.366430824487069,"(2, 1, 4, 0, 5, 3)",65
133,False,1.2583214215292473,3.3665069215507266,"(1, 0, 4, 2, 5, 3)",66
156,False,1.2636917759314426,3.3665463721269213,"(1, 2, 4, 0, 3, 5)",67
118,False,1.262160733582651,3.367958124289049,"(0, 5, 4, 3, 1, 2)",68
273,False,1.2621607335826512,3.3679581242890495,"(2, 1, 3, 4, 5, 0)",69
162,False,1.271099757397567,3.3680768820813753,"(1, 2, 5, 0, 3, 4)",70
163,False,1.2636814935636793,3.3685175546893915,"(1, 2, 5, 0, 4, 3)",71
329,False,1.2566821261240333,3.3687450916683614,"(2, 4, 3, 5, 1, 0)",72
21,False,1.2566821261240333,3.3687450916683614,"(0, 1, 5, 3, 4, 2)",73
7,False,1.2693212178181799,3.3689657153090007,"(0, 1, 3, 2, 5, 4)",74
126,False,1.2770180318077733,3.369587005617172,"(1, 0, 3, 2, 4, 5)",75
143,False,1.2566063719623939,3.3697947764722045,"(1, 0, 5, 4, 3, 2)",76
304,False,1.256606371962394,3.3697947764722054,"(2, 3, 4, 5, 0, 1)",77
157,False,1.262290019322588,3.3698871420636953,"(1, 2, 4, 0, 5, 3)",78
272,False,1.2652188157599,3.3700155392152356,"(2, 1, 3, 4, 0, 5)",79
275,False,1.2597580031624935,3.3702160075216883,"(2, 1, 3, 5, 4, 0)",80
94,False,1.259758003162494,3.370216007521689,"(0, 4, 5, 3, 1, 2)",81
311,False,1.2537845636953224,3.370222562252779,"(2, 3, 5, 4, 1, 0)",82
17,False,1.2537845636953227,3.370222562252779,"(0, 1, 4, 5, 3, 2)",83
15,False,1.2603120824853276,3.370618354047065,"(0, 1, 4, 3, 5, 2)",84
353,False,1.2603120824853276,3.370618354047065,"(2, 5, 3, 4, 1, 0)",85
153,False,1.2566751922549224,3.3714144418656744,"(1, 2, 3, 4, 5, 0)",86
119,False,1.2566751922549229,3.3714144418656753,"(0, 5, 4, 3, 2, 1)",87
22,False,1.2621474554225398,3.371606503637935,"(0, 1, 5, 4, 2, 3)",88
141,False,1.2649576413257495,3.3722664793052894,"(1, 0, 5, 3, 4, 2)",89
328,False,1.2649576413257497,3.3722664793052903,"(2, 4, 3, 5, 0, 1)",90
127,False,1.2686467614405803,3.372487102945929,"(1, 0, 3, 2, 5, 4)",91
14,False,1.2670837893376026,3.3726106989129496,"(0, 1, 4, 3, 2, 5)",92
96,False,1.2638285540063616,3.372709050837795,"(0, 5, 1, 2, 3, 4)",93
97,False,1.2602416000828118,3.3731497234458114,"(0, 5, 1, 2, 4, 3)",94
112,False,1.2629076227736482,3.3734305024469995,"(0, 5, 3, 4, 1, 2)",95
279,False,1.2629076227736484,3.373430502447,"(2, 1, 4, 3, 5, 0)",96
152,False,1.2674127261761647,3.3734718567918605,"(1, 2, 3, 4, 0, 5)",97
20,False,1.2666982850482122,3.3736375338630022,"(0, 1, 5, 3, 2, 4)",98
155,False,1.261955399765248,3.3736723250983145,"(1, 2, 3, 5, 4, 0)",99
95,False,1.261955399765248,3.3736723250983145,"(0, 4, 5, 3, 2, 1)",100
137,False,1.2609148260636842,3.3737439498897066,"(1, 0, 4, 5, 3, 2)",101
310,False,1.2609148260636847,3.3737439498897075,"(2, 3, 5, 4, 0, 1)",102
32,False,1.2697246718744986,3.373767620409969,"(0, 2, 3, 4, 1, 5)",103
248,False,1.2698134977038944,3.373832690470273,"(2, 0, 3, 4, 1, 5)",104
352,False,1.2587559468542495,3.3741397416839947,"(2, 5, 3, 4, 0, 1)",105
135,False,1.2587559468542495,3.3741397416839947,"(1, 0, 4, 3, 5, 2)",106
285,False,1.2661456366926078,3.374768118110959,"(2, 1, 5, 3, 4, 0)",107
88,False,1.2661456366926085,3.3747681181109592,"(0, 4, 3, 5, 1, 2)",108
294,False,1.2668875227298197,3.374824043882897,"(2, 3, 1, 0, 4, 5)",109
142,False,1.2632854873272479,3.375127891274863,"(1, 0, 5, 4, 2, 3)",110
274,False,1.2690627205976228,3.3751735197766317,"(2, 1, 3, 5, 0, 4)",111
33,False,1.2649682587546176,3.375231593120712,"(0, 2, 3, 4, 5, 1)",112
239,False,1.2649682587546174,3.375231593120712,"(1, 5, 4, 3, 2, 0)",113
238,False,1.2670766381201626,3.3752966631810146,"(1, 5, 4, 3, 0, 2)",114
249,False,1.267076638120163,3.375296663181015,"(2, 0, 3, 4, 5, 1)",115
278,False,1.2681691184259196,3.375487917373187,"(2, 1, 4, 3, 0, 5)",116
359,False,1.2631241808849192,3.3754914132128806,"(2, 5, 4, 3, 1, 0)",117
9,False,1.2631241808849192,3.375491413212881,"(0, 1, 3, 4, 5, 2)",118
16,False,1.2641962914706601,3.375555677055437,"(0, 1, 4, 5, 2, 3)",119
134,False,1.2654837402313268,3.3761320865498767,"(1, 0, 4, 3, 2, 5)",120
72,False,1.2627563854254589,3.376465329964803,"(0, 4, 1, 2, 3, 5)",121
159,False,1.2680577109169096,3.3768868200236257,"(1, 2, 4, 3, 5, 0)",122
113,False,1.26805771091691,3.3768868200236257,"(0, 5, 3, 4, 2, 1)",123
140,False,1.2731986802929471,3.37715892149993,"(1, 0, 5, 3, 2, 4)",124
8,False,1.2664074226333037,3.377483758078765,"(0, 1, 3, 4, 2, 5)",125
335,False,1.267265868685677,3.377567324251679,"(2, 4, 5, 3, 1, 0)",126
11,False,1.267265868685677,3.377567324251679,"(0, 1, 3, 5, 4, 2)",127
295,False,1.2714117236104934,3.3777241412116545,"(2, 3, 1, 0, 5, 4)",128
288,False,1.266098000598553,3.3779428554351782,"(2, 3, 0, 1, 4, 5)",129
89,False,1.2650945372692084,3.378224435687584,"(0, 4, 3, 5, 2, 1)",130
165,False,1.2650945372692084,3.378224435687585,"(1, 2, 5, 3, 4, 0)",131
185,False,1.2641733335285257,3.3782424496435812,"(1, 3, 4, 5, 2, 0)",132
47,False,1.2641733335285261,3.3782424496435817,"(0, 2, 5, 4, 3, 1)",133
184,False,1.26662905247015,3.378307519703884,"(1, 3, 4, 5, 0, 2)",134
263,False,1.2666290524701502,3.3783075197038843,"(2, 0, 5, 4, 3, 1)",135
287,False,1.2655855402571556,3.3785443630494054,"(2, 1, 5, 4, 3, 0)",136
64,False,1.265585540257156,3.378544363049406,"(0, 3, 4, 5, 1, 2)",137
154,False,1.2706038214783424,3.378629837353258,"(1, 2, 3, 5, 0, 4)",138
158,False,1.271203097321725,3.378944234949812,"(1, 2, 4, 3, 0, 5)",139
129,False,1.2712369603305382,3.379012800849809,"(1, 0, 3, 4, 5, 2)",140
358,False,1.2712369603305385,3.37901280084981,"(2, 5, 4, 3, 0, 1)",141
136,False,1.2679343703826051,3.379077064692365,"(1, 0, 4, 5, 2, 3)",142
35,False,1.259915220154547,3.3792113058887647,"(0, 2, 3, 5, 4, 1)",143
215,False,1.259915220154547,3.3792113058887647,"(1, 4, 5, 3, 2, 0)",144
251,False,1.266801295177873,3.3792763759490674,"(2, 0, 3, 5, 4, 1)",145
214,False,1.266801295177873,3.3792763759490674,"(1, 4, 5, 3, 0, 2)",146
281,False,1.2651104040976198,3.379464630618086,"(2, 1, 4, 5, 3, 0)",147
70,False,1.26511040409762,3.379464630618087,"(0, 3, 5, 4, 1, 2)",148
284,False,1.267845837881977,3.3797256303659022,"(2, 1, 5, 3, 0, 4)",149
73,False,1.2684344287827973,3.3798060999015767,"(0, 4, 1, 2, 5, 3)",150
46,False,1.268684924739654,3.3801192468696133,"(0, 2, 5, 4, 1, 3)",151
38,False,1.26746318025463,3.380144749028629,"(0, 2, 4, 3, 1, 5)",152
262,False,1.2704689938113478,3.380184316929916,"(2, 0, 5, 4, 1, 3)",153
254,False,1.2730503656098742,3.3802098190889316,"(2, 0, 4, 3, 1, 5)",154
34,False,1.2721651315294973,3.3806474305067793,"(0, 2, 3, 5, 1, 4)",155
342,False,1.2699157701011576,3.3806749289521854,"(2, 5, 1, 0, 3, 4)",156
250,False,1.2728255663476493,3.380712500567082,"(2, 0, 3, 5, 1, 4)",157
102,False,1.2730081755669795,3.380747851470299,"(0, 5, 2, 1, 3, 4)",158
101,False,1.2612093146886088,3.380836071590415,"(0, 5, 1, 4, 3, 2)",159
303,False,1.2612093146886094,3.3808360715904158,"(2, 3, 4, 1, 5, 0)",160
289,False,1.2722538427161734,3.380842952763936,"(2, 3, 0, 1, 5, 4)",161
128,False,1.2700758950660465,3.3810051457156924,"(1, 0, 3, 4, 2, 5)",162
131,False,1.2703684133163244,3.3810887118886077,"(1, 0, 3, 5, 4, 2)",163
334,False,1.2703684133163244,3.3810887118886086,"(2, 4, 5, 3, 0, 1)",164
343,False,1.2684271699609555,3.381115601560203,"(2, 5, 1, 0, 4, 3)",165
103,False,1.269237334373457,3.3811885240783157,"(0, 5, 2, 1, 4, 3)",166
318,False,1.2735534395232087,3.3812203300365296,"(2, 4, 1, 0, 3, 5)",167
209,False,1.2712912351027217,3.381350669617203,"(1, 4, 3, 5, 2, 0)",168
45,False,1.2712912351027217,3.381350669617203,"(0, 2, 5, 3, 4, 1)",169
336,False,1.2731753759844466,3.381380993643635,"(2, 5, 0, 1, 3, 4)",170
208,False,1.2694158890137395,3.3814157396775055,"(1, 4, 3, 5, 0, 2)",171
261,False,1.2694158890137395,3.3814157396775055,"(2, 0, 5, 3, 4, 1)",172
39,False,1.2665990399508755,3.381608721739371,"(0, 2, 4, 3, 5, 1)",173
233,False,1.2665990399508757,3.3816087217393713,"(1, 5, 3, 4, 2, 0)",174
232,False,1.2724034397676687,3.3816737917996735,"(1, 5, 3, 4, 0, 2)",175
255,False,1.2724034397676691,3.381673791799674,"(2, 0, 4, 3, 5, 1)",176
337,False,1.264687770035044,3.381821666251652,"(2, 5, 0, 1, 4, 3)",177
167,False,1.2737751915113737,3.3820006806260317,"(1, 2, 5, 4, 3, 0)",178
65,False,1.2737751915113737,3.3820006806260317,"(0, 3, 4, 5, 2, 1)",179
216,False,1.271193424359507,3.3820995940899876,"(1, 5, 0, 2, 3, 4)",180
10,False,1.273586529865088,3.3824597664463205,"(0, 1, 3, 5, 2, 4)",181
191,False,1.2710309043921848,3.3824802145338007,"(1, 3, 5, 4, 2, 0)",182
41,False,1.2710309043921852,3.3824802145338015,"(0, 2, 4, 5, 3, 1)",183
217,False,1.2620373284041833,3.3825402666980047,"(1, 5, 0, 2, 4, 3)",184
257,False,1.267079149381965,3.382545284594104,"(2, 0, 4, 5, 3, 1)",185
190,False,1.267079149381965,3.382545284594104,"(1, 3, 5, 4, 0, 2)",186
44,False,1.2737644982929701,3.3827867942352174,"(0, 2, 5, 3, 1, 4)",187
260,False,1.2684318161726689,3.3828518642955205,"(2, 0, 5, 3, 1, 4)",188
302,False,1.2641368147244822,3.382893486516602,"(2, 3, 4, 1, 0, 5)",189
161,False,1.270022338064705,3.3829209481947125,"(1, 2, 4, 5, 3, 0)",190
71,False,1.2700223380647053,3.3829209481947133,"(0, 3, 5, 4, 2, 1)",191
164,False,1.2703883905360511,3.383181947942528,"(1, 2, 5, 3, 0, 4)",192
99,False,1.2631182068401205,3.3833077744235,"(0, 5, 1, 3, 4, 2)",193
327,False,1.2631182068401205,3.3833077744235,"(2, 4, 3, 1, 5, 0)",194
115,False,1.2634314734688206,3.3836166969421995,"(0, 5, 4, 1, 3, 2)",195
297,False,1.2634314734688208,3.3836166969422,"(2, 3, 1, 4, 5, 0)",196
54,False,1.2636558622772147,3.383739633227216,"(0, 3, 2, 1, 4, 5)",197
286,False,1.2724811106097431,3.3839425479123664,"(2, 1, 5, 4, 0, 3)",198
40,False,1.274502867268836,3.3843570117598336,"(0, 2, 4, 5, 1, 3)",199
256,False,1.2683728803162384,3.3844220818201367,"(2, 0, 4, 5, 1, 3)",200
319,False,1.2678922927846379,3.384561099973304,"(2, 4, 1, 0, 5, 3)",201
78,False,1.2728447242504615,3.384792722070025,"(0, 4, 2, 1, 3, 5)",202
174,False,1.269402794644185,3.384848729550471,"(1, 3, 2, 0, 4, 5)",203
280,False,1.2696989763661763,3.3848628154810467,"(2, 1, 4, 5, 0, 3)",204
312,False,1.2730824512134167,3.3852438920495196,"(2, 4, 0, 1, 3, 5)",205
326,False,1.2702768717106836,3.385365189349686,"(2, 4, 3, 1, 0, 5)",206
296,False,1.2656115125367329,3.3856741118683846,"(2, 3, 1, 4, 0, 5)",207
299,False,1.2607361286890397,3.3858745801748387,"(2, 3, 1, 5, 4, 0)",208
91,False,1.2607361286890404,3.385874580174839,"(0, 4, 5, 1, 3, 2)",209
130,False,1.2744567710952321,3.3859811540832476,"(1, 0, 3, 5, 2, 4)",210
100,False,1.262377072620156,3.386169186393073,"(0, 5, 1, 4, 2, 3)",211
55,False,1.2679306913964083,3.386639730555973,"(0, 3, 2, 1, 5, 4)",212
48,False,1.2710119470548036,3.3866624289064684,"(0, 3, 1, 2, 4, 5)",213
309,False,1.2676435297106512,3.387043128240557,"(2, 3, 5, 1, 4, 0)",214
77,False,1.2676435297106519,3.3870431282405575,"(0, 4, 1, 5, 3, 2)",215
166,False,1.2712670424719112,3.3873988654889917,"(1, 2, 5, 4, 0, 3)",216
75,False,1.2664154576370996,3.387438920034843,"(0, 4, 1, 3, 5, 2)",217
351,False,1.2664154576370996,3.3874389200348434,"(2, 5, 3, 1, 4, 0)",218
192,False,1.2733530497688903,3.3875777027524085,"(1, 4, 0, 2, 3, 5)",219
175,False,1.2757619884388631,3.387748826879228,"(1, 3, 2, 0, 5, 4)",220
79,False,1.272489763403065,3.3881334920067987,"(0, 4, 2, 1, 5, 3)",221
98,False,1.2692196182963602,3.38820021661814,"(0, 5, 1, 3, 2, 4)",222
160,False,1.2757821992473304,3.3883191330576725,"(1, 2, 4, 5, 0, 3)",223
313,False,1.2728215909048928,3.388584661986293,"(2, 4, 0, 1, 5, 3)",224
300,False,1.2705170245776498,3.388762642131866,"(2, 3, 4, 0, 1, 5)",225
114,False,1.2624809850614662,3.3889498117448564,"(0, 5, 4, 1, 2, 3)",226
74,False,1.2698332369886245,3.389431264900727,"(0, 4, 1, 3, 2, 5)",227
222,False,1.2778864689847904,3.389432330031042,"(1, 5, 2, 0, 3, 4)",228
49,False,1.280858614274672,3.3895625262352254,"(0, 3, 1, 2, 5, 4)",229
223,False,1.2723036298600348,3.3898730026390584,"(1, 5, 2, 0, 4, 3)",230
221,False,1.2654016257052496,3.3902266148426072,"(1, 5, 0, 4, 3, 2)",231
301,False,1.2654016257052503,3.390226614842608,"(2, 3, 4, 0, 5, 1)",232
85,False,1.2717839416808097,3.390822482558395,"(0, 4, 3, 1, 5, 2)",233
345,False,1.2717839416808097,3.3908224825583955,"(2, 5, 1, 3, 4, 0)",234
298,False,1.269964784627908,3.3908320924297817,"(2, 3, 1, 5, 0, 4)",235
168,False,1.2764040427348304,3.3908903367820047,"(1, 3, 0, 2, 4, 5)",236
193,False,1.2741961616172912,3.390918472689183,"(1, 4, 0, 2, 5, 3)",237
90,False,1.2668266812791822,3.3912076949774965,"(0, 4, 5, 1, 2, 3)",238
324,False,1.2694290389487664,3.3912343449649502,"(2, 4, 3, 0, 1, 5)",239
321,False,1.2708133534553452,3.3915607779332344,"(2, 4, 1, 3, 5, 0)",240
109,False,1.2708133534553452,3.3915607779332344,"(0, 5, 3, 1, 4, 2)",241
198,False,1.2758358675065347,3.391881532844641,"(1, 4, 2, 0, 3, 5)",242
308,False,1.2715956044078631,3.392000640495502,"(2, 3, 5, 1, 0, 4)",243
76,False,1.2681699503286368,3.3923762430432145,"(0, 4, 1, 5, 2, 3)",244
350,False,1.274374249792198,3.392396432289787,"(2, 5, 3, 1, 0, 4)",245
325,False,1.2744562777154818,3.392698317675692,"(2, 4, 3, 0, 5, 1)",246
219,False,1.2744562777154815,3.392698317675692,"(1, 5, 0, 3, 4, 2)",247
84,False,1.2765250316404757,3.392814827424279,"(0, 4, 3, 1, 2, 5)",248
320,False,1.2767508179665146,3.393618192859422,"(2, 4, 1, 3, 0, 5)",249
177,False,1.2735157983041394,3.3936413826097724,"(1, 3, 2, 4, 5, 0)",250
117,False,1.2735157983041396,3.393641382609773,"(0, 5, 4, 2, 3, 1)",251
169,False,1.2755276405225355,3.3937904341107625,"(1, 3, 0, 2, 5, 4)",252
61,False,1.2730808159050884,3.3945987274968425,"(0, 3, 4, 1, 5, 2)",253
347,False,1.2730808159050884,3.3945987274968425,"(2, 5, 1, 4, 3, 0)",254
290,False,1.2769099682583338,3.394662079035931,"(2, 3, 0, 4, 1, 5)",255
199,False,1.277319452121605,3.3952223027814155,"(1, 4, 2, 0, 5, 3)",256
116,False,1.2738746806903896,3.395518179835805,"(0, 5, 4, 2, 1, 3)",257
220,False,1.269364829337238,3.3955597296452655,"(1, 5, 0, 4, 2, 3)",258
176,False,1.2775272489536456,3.3956987975359585,"(1, 3, 2, 4, 0, 5)",259
344,False,1.2767619880493966,3.3957799948133394,"(2, 5, 1, 3, 0, 4)",260
179,False,1.2762401072558265,3.3958992658424116,"(1, 3, 2, 5, 4, 0)",261
93,False,1.2762401072558265,3.395899265842412,"(0, 4, 5, 2, 3, 1)",262
357,False,1.2740213176129696,3.396088224139106,"(2, 5, 4, 1, 3, 0)",263
51,False,1.2740213176129698,3.396088224139106,"(0, 3, 1, 4, 5, 2)",264
291,False,1.2773408607463737,3.396126051746673,"(2, 3, 0, 4, 5, 1)",265
235,False,1.277340860746374,3.3961260517466734,"(1, 5, 4, 0, 3, 2)",266
108,False,1.2764804335574618,3.396453220127875,"(0, 5, 3, 1, 2, 4)",267
60,False,1.2762263657215198,3.3965910723627255,"(0, 3, 4, 1, 2, 5)",268
218,False,1.2775077369964292,3.397590759870333,"(1, 5, 0, 3, 2, 4)",269
67,False,1.2750363704907928,3.397594906104321,"(0, 3, 5, 1, 4, 2)",270
323,False,1.2750363704907925,3.397594906104322,"(2, 4, 1, 5, 3, 0)",271
92,False,1.2769936660660315,3.397776063068444,"(0, 4, 5, 2, 1, 3)",272
50,False,1.277198360202707,3.39808056900499,"(0, 3, 1, 4, 2, 5)",273
86,False,1.2779212358723488,3.39811591092651,"(0, 4, 3, 2, 1, 5)",274
307,False,1.2750339838263447,3.3981555010281626,"(2, 3, 5, 0, 4, 1)",275
197,False,1.2750339838263451,3.398155501028163,"(1, 4, 0, 5, 3, 2)",276
53,False,1.2735844236926266,3.398164135177904,"(0, 3, 1, 5, 4, 2)",277
333,False,1.2735844236926268,3.398164135177905,"(2, 4, 5, 1, 3, 0)",278
195,False,1.2776483438013417,3.398551292822449,"(1, 4, 0, 3, 5, 2)",279
349,False,1.277648343801342,3.3985512928224493,"(2, 5, 3, 0, 4, 1)",280
183,False,1.2716596244274976,3.398899557890493,"(1, 3, 4, 2, 5, 0)",281
107,False,1.2716596244274982,3.3988995578904935,"(0, 5, 2, 4, 3, 1)",282
341,False,1.2716748707017185,3.399532700063829,"(2, 5, 0, 4, 3, 1)",283
181,False,1.2716748707017178,3.399532700063829,"(1, 3, 4, 0, 5, 2)",284
87,False,1.2740157604219862,3.3995798836372515,"(0, 4, 3, 2, 5, 1)",285
225,False,1.274015760421986,3.399579883637252,"(1, 5, 2, 3, 4, 0)",286
306,False,1.277136386135944,3.3995916256461776,"(2, 3, 5, 0, 1, 4)",287
348,False,1.2804582462551954,3.3999874174404643,"(2, 5, 3, 0, 1, 4)",288
346,False,1.2724272706011213,3.3999969123598026,"(2, 5, 1, 4, 0, 3)",289
293,False,1.2769150192125043,3.400105764514726,"(2, 3, 0, 5, 4, 1)",290
211,False,1.2769150192125047,3.4001057645147266,"(1, 4, 5, 0, 3, 2)",291
171,False,1.2746441267601276,3.400316132014643,"(1, 3, 0, 4, 5, 2)",292
355,False,1.2746441267601283,3.4003161320146438,"(2, 5, 4, 0, 3, 1)",293
56,False,1.271524511001045,3.400458856827968,"(0, 3, 2, 4, 1, 5)",294
194,False,1.280624565907241,3.4005436376883322,"(1, 4, 0, 3, 2, 5)",295
106,False,1.2780996796588466,3.400776355116525,"(0, 5, 2, 4, 1, 3)",296
178,False,1.2751539124824298,3.4008567780973555,"(1, 3, 2, 5, 0, 4)",297
182,False,1.272231991337304,3.400956972816679,"(1, 3, 4, 2, 0, 5)",298
340,False,1.2726649932191318,3.401409497289861,"(2, 5, 0, 4, 1, 3)",299
234,False,1.2747308113777618,3.4014591665493317,"(1, 5, 4, 0, 2, 3)",300
356,False,1.2757371342599275,3.401486409002067,"(2, 5, 4, 1, 0, 3)",301
180,False,1.2793891020538142,3.401525044929712,"(1, 3, 4, 0, 2, 5)",302
292,False,1.2767129612739545,3.4015418891327407,"(2, 3, 0, 5, 1, 4)",303
62,False,1.2729106849775933,3.4018921558649566,"(0, 3, 4, 2, 1, 5)",304
237,False,1.2768684128794408,3.401922829538709,"(1, 5, 4, 2, 3, 0)",305
57,False,1.2768684128794416,3.4019228295387105,"(0, 3, 2, 4, 5, 1)",306
105,False,1.2755645897459815,3.402007777864114,"(0, 5, 2, 3, 4, 1)",307
207,False,1.2755645897459817,3.4020077778641142,"(1, 4, 3, 2, 5, 0)",308
354,False,1.2795764132629537,3.4021929292406754,"(2, 5, 4, 0, 1, 3)",309
201,False,1.2793216168863624,3.402221980741346,"(1, 4, 2, 3, 5, 0)",310
111,False,1.2793216168863624,3.402221980741346,"(0, 5, 3, 2, 4, 1)",311
170,False,1.2786124213444652,3.4023084768805267,"(1, 3, 0, 4, 2, 5)",312
173,False,1.2773150027171787,3.4023920430534416,"(1, 3, 0, 5, 4, 2)",313
331,False,1.277315002717179,3.4023920430534416,"(2, 4, 5, 0, 3, 1)",314
66,False,1.2772838537375162,3.402487348298962,"(0, 3, 5, 1, 2, 4)",315
339,False,1.2763042025496043,3.4026409200374506,"(2, 5, 0, 3, 4, 1)",316
205,False,1.2763042025496043,3.402640920037451,"(1, 4, 3, 0, 5, 2)",317
322,False,1.2787313628910773,3.402993090967282,"(2, 4, 1, 5, 0, 3)",318
52,False,1.2793202171750815,3.4030565773725456,"(0, 3, 1, 5, 2, 4)",319
80,False,1.2813178988421474,3.40305974050818,"(0, 4, 2, 3, 1, 5)",320
227,False,1.2735527311533545,3.403356128575698,"(1, 5, 2, 4, 3, 0)",321
63,False,1.273552731153355,3.403356128575699,"(0, 3, 4, 2, 5, 1)",322
104,False,1.2787446364243216,3.4034439024821297,"(0, 5, 2, 3, 1, 4)",323
196,False,1.2739804976154026,3.4034886158308204,"(1, 4, 0, 5, 2, 3)",324
314,False,1.2821084550884203,3.4035109104876753,"(2, 4, 0, 3, 1, 5)",325
332,False,1.2791535091063588,3.403562320040865,"(2, 4, 5, 1, 0, 3)",326
110,False,1.2771464240934514,3.4036581053593604,"(0, 5, 3, 2, 1, 4)",327
206,False,1.2822332161253576,3.4040651927903003,"(1, 4, 3, 2, 0, 5)",328
338,False,1.2794174222147618,3.404077044655466,"(2, 5, 0, 3, 1, 4)",329
330,False,1.2811856111217548,3.404268840279473,"(2, 4, 5, 0, 1, 3)",330
200,False,1.2808119179916082,3.404279395667533,"(1, 4, 2, 3, 0, 5)",331
231,False,1.2808251119657823,3.4045237132189223,"(1, 5, 3, 2, 4, 0)",332
81,False,1.280825111965783,3.4045237132189228,"(0, 4, 2, 3, 5, 1)",333
224,False,1.2778039335265035,3.4045373958921954,"(1, 5, 2, 3, 0, 4)",334
204,False,1.283920125129643,3.4046332649033344,"(1, 4, 3, 0, 2, 5)",335
229,False,1.2751553846932753,3.404974883198417,"(1, 5, 3, 0, 4, 2)",336
315,False,1.2751553846932757,3.4049748831984177,"(2, 4, 0, 3, 5, 1)",337
189,False,1.2780351833896226,3.4053952060133525,"(1, 3, 5, 2, 4, 0)",338
83,False,1.2780351833896229,3.4053952060133534,"(0, 4, 2, 5, 3, 1)",339
210,False,1.2806696898350465,3.4054388793173844,"(1, 4, 5, 0, 2, 3)",340
187,False,1.2799756098545545,3.4058463759928475,"(1, 3, 5, 0, 4, 2)",341
317,False,1.2799756098545547,3.405846375992848,"(2, 4, 0, 5, 3, 1)",342
213,False,1.2811441547429516,3.4059025423067633,"(1, 4, 5, 2, 3, 0)",343
59,False,1.2811441547429516,3.4059025423067633,"(0, 3, 2, 5, 4, 1)",344
82,False,1.27980305256136,3.4072720032393846,"(0, 4, 2, 5, 1, 3)",345
172,False,1.2820310653790927,3.4072844852480815,"(1, 3, 0, 5, 2, 4)",346
236,False,1.2787934213567178,3.4073210144016706,"(1, 5, 4, 2, 0, 3)",347
58,False,1.2730361317060894,3.4073386669247774,"(0, 3, 2, 5, 1, 4)",348
316,False,1.2794555257597955,3.407723173218879,"(2, 4, 0, 5, 1, 3)",349
203,False,1.2771786864640828,3.4082561089124317,"(1, 4, 2, 5, 3, 0)",350
69,False,1.2771786864640828,3.4082561089124317,"(0, 3, 5, 2, 4, 1)",351
226,False,1.279520635445961,3.408754313438659,"(1, 5, 2, 4, 0, 3)",352
230,False,1.2826949501019682,3.4094812254738653,"(1, 5, 3, 2, 0, 4)",353
68,False,1.2788502839111708,3.409692233530447,"(0, 3, 5, 2, 1, 4)",354
228,False,1.2855995591709928,3.4098673253930576,"(1, 5, 3, 0, 2, 4)",355
188,False,1.2789243803959802,3.410352718268296,"(1, 3, 5, 2, 0, 4)",356
186,False,1.28147259592002,3.410738818187488,"(1, 3, 5, 0, 2, 4)",357
212,False,1.2783265652152656,3.4113007271697224,"(1, 4, 5, 2, 0, 3)",358
202,False,1.278962077722687,3.4136542937753935,"(1, 4, 2, 5, 0, 3)",359
