,is_well_nested,ms,ee,perm,i
266,True,0.6051627841626297,2.2936390750792404,"(2, 1, 0, 4, 3, 5)",0
242,True,0.6158984620928786,2.293802505257028,"(2, 0, 1, 4, 3, 5)",1
264,True,0.6157639579989139,2.2938909367489795,"(2, 1, 0, 3, 4, 5)",2
240,True,0.6063748476064332,2.2940543669267672,"(2, 0, 1, 3, 4, 5)",3
2,True,0.5979092590315827,2.2962226885747,"(0, 1, 2, 4, 3, 5)",4
0,True,0.5966327022940876,2.2964745502444397,"(0, 1, 2, 3, 4, 5)",5
122,True,0.5947182109966072,2.296582014573233,"(1, 0, 2, 4, 3, 5)",6
120,True,0.6004192360917309,2.2968338762429736,"(1, 0, 2, 3, 4, 5)",7
268,True,0.5994709963108891,2.296880099552146,"(2, 1, 0, 5, 3, 4)",8
244,True,0.5954860771890697,2.2970435297299323,"(2, 0, 1, 5, 3, 4)",9
269,True,0.5960717121854702,2.297138459950658,"(2, 1, 0, 5, 4, 3)",10
245,True,0.6003933886896153,2.2973018901284457,"(2, 0, 1, 5, 4, 3)",11
4,True,0.5819172838056818,2.2994637130476043,"(0, 1, 2, 5, 3, 4)",12
5,True,0.5849553335136916,2.2997220734461177,"(0, 1, 2, 5, 4, 3)",13
124,True,0.5842464622411274,2.2998230390461387,"(1, 0, 2, 5, 3, 4)",14
125,True,0.5827754839534653,2.3000813994446516,"(1, 0, 2, 5, 4, 3)",15
18,False,0.5876273427168615,2.3181297980658027,"(0, 1, 5, 2, 3, 4)",16
19,False,0.5894083615333203,2.318388158464316,"(0, 1, 5, 2, 4, 3)",17
138,False,0.5900190296136847,2.318489124064337,"(1, 0, 5, 2, 3, 4)",18
139,False,0.5877317806015633,2.3187474844628495,"(1, 0, 5, 2, 4, 3)",19
14,False,0.6109502879298613,2.323372591080221,"(0, 1, 4, 3, 2, 5)",20
353,False,0.6082272437054018,2.32357965287523,"(2, 5, 3, 4, 1, 0)",21
15,False,0.6082272437054027,2.3235796528752317,"(0, 1, 4, 3, 5, 2)",22
8,False,0.6049442947636756,2.323706833067658,"(0, 1, 3, 4, 2, 5)",23
134,False,0.6055943589025746,2.3237319170787547,"(1, 0, 4, 3, 2, 5)",24
359,False,0.6041194102280971,2.3239138948626676,"(2, 5, 4, 3, 1, 0)",25
9,False,0.6041194102280978,2.323913894862669,"(0, 1, 3, 4, 5, 2)",26
352,False,0.6025152991824686,2.3239389788737634,"(2, 5, 3, 4, 0, 1)",27
135,False,0.6025152991824695,2.323938978873765,"(1, 0, 4, 3, 5, 2)",28
342,False,0.6104383531106383,2.3240076047687754,"(2, 5, 1, 0, 3, 4)",29
128,False,0.6102514144200798,2.3240661590661924,"(1, 0, 3, 4, 2, 5)",30
343,False,0.6049073510014259,2.324265965167289,"(2, 5, 1, 0, 4, 3)",31
358,False,0.6098114505565924,2.3242732208612007,"(2, 5, 4, 3, 0, 1)",32
129,False,0.6098114505565932,2.3242732208612025,"(1, 0, 3, 4, 5, 2)",33
336,False,0.6061669251867652,2.3242862940979174,"(2, 5, 0, 1, 3, 4)",34
337,False,0.6112876160877753,2.324544654496431,"(2, 5, 0, 1, 4, 3)",35
329,False,0.6007699419067448,2.3250292608998,"(2, 4, 3, 5, 1, 0)",36
21,False,0.6007699419067457,2.325029260899802,"(0, 1, 5, 3, 4, 2)",37
305,False,0.6065691773347385,2.325241722610912,"(2, 3, 4, 5, 1, 0)",38
23,False,0.6065691773347391,2.3252417226109134,"(0, 1, 5, 4, 3, 2)",39
328,False,0.6050635192516413,2.3253885868983337,"(2, 4, 3, 5, 0, 1)",40
141,False,0.6050635192516424,2.3253885868983364,"(1, 0, 5, 3, 4, 2)",41
304,False,0.6032279617901111,2.325601048609445,"(2, 3, 4, 5, 0, 1)",42
143,False,0.6032279617901121,2.325601048609447,"(1, 0, 5, 4, 3, 2)",43
326,False,0.6158743195694293,2.3317768038201003,"(2, 4, 3, 1, 0, 5)",44
302,False,0.6261293513090872,2.3319892655312118,"(2, 3, 4, 1, 0, 5)",45
324,False,0.6247992186988462,2.3319999382672867,"(2, 4, 3, 0, 1, 5)",46
300,False,0.6159766306952222,2.3322123999783986,"(2, 3, 4, 0, 1, 5)",47
265,False,0.6647803677861588,2.418127480553165,"(2, 1, 0, 3, 5, 4)",48
267,False,0.665577071055987,2.418133979281939,"(2, 1, 0, 4, 5, 3)",49
241,False,0.6655687150196777,2.4182909107309536,"(2, 0, 1, 3, 5, 4)",50
243,False,0.6655916923883342,2.4182974094597274,"(2, 0, 1, 4, 5, 3)",51
26,False,0.6636762911091848,2.419561325137339,"(0, 2, 1, 4, 3, 5)",52
146,False,0.6620769923381017,2.4197572209580853,"(1, 2, 0, 4, 3, 5)",53
24,False,0.6645492741269557,2.4198131868070787,"(0, 2, 1, 3, 4, 5)",54
144,False,0.6653571275982533,2.420009082627825,"(1, 2, 0, 3, 4, 5)",55
1,False,0.6454205819478543,2.4207110940486256,"(0, 1, 2, 3, 5, 4)",56
3,False,0.644954312854188,2.4207175927774,"(0, 1, 2, 4, 5, 3)",57
121,False,0.645319774398429,2.4210704200471596,"(1, 0, 2, 3, 5, 4)",58
123,False,0.6453519429928424,2.421076918775934,"(1, 0, 2, 4, 5, 3)",59
28,False,0.6429501555130203,2.4228023496102438,"(0, 2, 1, 5, 3, 4)",60
148,False,0.6433338405324208,2.42299824543099,"(1, 2, 0, 5, 3, 4)",61
29,False,0.6443280186425561,2.423060710008757,"(0, 2, 1, 5, 4, 3)",62
149,False,0.6441084228909326,2.4232566058295038,"(1, 2, 0, 5, 4, 3)",63
12,False,0.6572946448480658,2.4361009193002188,"(0, 1, 4, 2, 3, 5)",64
132,False,0.6575818846970187,2.436460245298752,"(1, 0, 4, 2, 3, 5)",65
6,False,0.6583411072805846,2.4366870229573947,"(0, 1, 3, 2, 4, 5)",66
126,False,0.6577178721339977,2.437046348955928,"(1, 0, 3, 2, 4, 5)",67
282,False,0.6589011957535783,2.4389657050016167,"(2, 1, 5, 0, 3, 4)",68
283,False,0.6585754488218639,2.4392240654001296,"(2, 1, 5, 0, 4, 3)",69
258,False,0.6580369036465427,2.4394078245085473,"(2, 0, 5, 1, 3, 4)",70
259,False,0.6597451584045234,2.43966618490706,"(2, 0, 5, 1, 4, 3)",71
311,False,0.6586181717214176,2.4464538683182324,"(2, 3, 5, 4, 1, 0)",72
17,False,0.6586181717214187,2.4464538683182346,"(0, 1, 4, 5, 3, 2)",73
335,False,0.6597144109566646,2.4465756485945573,"(2, 4, 5, 3, 1, 0)",74
11,False,0.6597144109566654,2.4465756485945587,"(0, 1, 3, 5, 4, 2)",75
310,False,0.6596626404015485,2.4468131943167655,"(2, 3, 5, 4, 0, 1)",76
137,False,0.6596626404015495,2.4468131943167672,"(1, 0, 4, 5, 3, 2)",77
334,False,0.6585564195620918,2.446934974593091,"(2, 4, 5, 3, 0, 1)",78
131,False,0.6585564195620928,2.446934974593092,"(1, 0, 3, 5, 4, 2)",79
20,False,0.6523637737614251,2.449058742908978,"(0, 1, 5, 3, 2, 4)",80
140,False,0.6533680314724614,2.4494180689075113,"(1, 0, 5, 3, 2, 4)",81
22,False,0.6533901936065513,2.4495295650186026,"(0, 1, 5, 4, 2, 3)",82
142,False,0.6528322180412054,2.449888891017137,"(1, 0, 5, 4, 2, 3)",83
96,False,0.6533661091814069,2.4508432226614216,"(0, 5, 1, 2, 3, 4)",84
97,False,0.653271830289033,2.451101583059935,"(0, 5, 1, 2, 4, 3)",85
216,False,0.653305825834493,2.451425683107143,"(1, 5, 0, 2, 3, 4)",86
217,False,0.653614607982186,2.451684043505656,"(1, 5, 0, 2, 4, 3)",87
99,False,0.6747725897203143,2.45774268549542,"(0, 5, 1, 3, 4, 2)",88
327,False,0.6747725897203141,2.45774268549542,"(2, 4, 3, 1, 5, 0)",89
303,False,0.6764004558408497,2.4579551472065324,"(2, 3, 4, 1, 5, 0)",90
101,False,0.6764004558408498,2.4579551472065324,"(0, 5, 1, 4, 3, 2)",91
325,False,0.6763550330474786,2.458325145941141,"(2, 4, 3, 0, 5, 1)",92
219,False,0.6763550330474791,2.4583251459411417,"(1, 5, 0, 3, 4, 2)",93
301,False,0.6750584386591948,2.4585376076522527,"(2, 3, 4, 0, 5, 1)",94
221,False,0.6750584386591952,2.458537607652253,"(1, 5, 0, 4, 3, 2)",95
25,False,0.707198332491619,2.544049730611265,"(0, 2, 1, 3, 5, 4)",96
27,False,0.7094710174319817,2.544056229340039,"(0, 2, 1, 4, 5, 3)",97
145,False,0.7101417853577949,2.5442456264320112,"(1, 2, 0, 3, 5, 4)",98
147,False,0.7068594918040908,2.5442521251607846,"(1, 2, 0, 4, 5, 3)",99
276,False,0.722282133012098,2.556505113491215,"(2, 1, 4, 0, 3, 5)",100
252,False,0.7302986584620583,2.556949559485169,"(2, 0, 4, 1, 3, 5)",101
270,False,0.7310089961234822,2.557028913526135,"(2, 1, 3, 0, 4, 5)",102
246,False,0.7227909065990716,2.5574591881894237,"(2, 0, 3, 1, 4, 5)",103
13,False,0.6974201726310392,2.5605958235029185,"(0, 1, 4, 2, 5, 3)",104
7,False,0.6980499394026746,2.560923566761581,"(0, 1, 3, 2, 5, 4)",105
133,False,0.6972997640945526,2.560955149501452,"(1, 0, 4, 2, 5, 3)",106
127,False,0.698384297676961,2.5612828927601146,"(1, 0, 3, 2, 5, 4)",107
318,False,0.7307326325656262,2.564208766990265,"(2, 4, 1, 0, 3, 5)",108
312,False,0.7310898683644347,2.564489782806431,"(2, 4, 0, 1, 3, 5)",109
294,False,0.7320948744919656,2.564945028736297,"(2, 3, 1, 0, 4, 5)",110
162,False,0.7000865771368898,2.565083850880462,"(1, 2, 5, 0, 3, 4)",111
42,False,0.7000618291074236,2.5651666443888574,"(0, 2, 5, 1, 3, 4)",112
288,False,0.7317835037184532,2.5652118732217972,"(2, 3, 0, 1, 4, 5)",113
163,False,0.6997252580306749,2.5653422112789754,"(1, 2, 5, 0, 4, 3)",114
43,False,0.6997932474849775,2.5654250047873712,"(0, 2, 5, 1, 4, 3)",115
278,False,0.7342440197131316,2.5682731037148288,"(2, 1, 4, 3, 0, 5)",116
272,False,0.7324667494027093,2.568545042080009,"(2, 1, 3, 4, 0, 5)",117
254,False,0.7330701093712837,2.5689406841559697,"(2, 0, 4, 3, 1, 5)",118
248,False,0.733799202216309,2.5691984511904846,"(2, 0, 3, 4, 1, 5)",119
10,False,0.7007940386119155,2.570605130603735,"(0, 1, 3, 5, 2, 4)",120
16,False,0.7002341320031993,2.5707417107259234,"(0, 1, 4, 5, 2, 3)",121
130,False,0.7000213440699641,2.570964456602269,"(1, 0, 3, 5, 2, 4)",122
136,False,0.7007110334629546,2.571101036724457,"(1, 0, 4, 5, 2, 3)",123
102,False,0.7014640279808366,2.5745414324218374,"(0, 5, 2, 1, 3, 4)",124
103,False,0.7036574536346497,2.5747997928203508,"(0, 5, 2, 1, 4, 3)",125
222,False,0.7025211623952947,2.5748452035384157,"(1, 5, 2, 0, 3, 4)",126
223,False,0.7022795260181229,2.5751035639369295,"(1, 5, 2, 0, 4, 3)",127
320,False,0.7282718433443923,2.575976757213876,"(2, 4, 1, 3, 0, 5)",128
296,False,0.7372540865527468,2.5764611572901677,"(2, 3, 1, 4, 0, 5)",129
314,False,0.7366597647676909,2.57648090747723,"(2, 4, 0, 3, 1, 5)",130
350,False,0.7221512704711402,2.5764948500994067,"(2, 5, 3, 1, 0, 4)",131
348,False,0.7217474587350163,2.576777829083958,"(2, 5, 3, 0, 1, 4)",132
290,False,0.728977035975481,2.5769511362228554,"(2, 3, 0, 4, 1, 5)",133
356,False,0.7229375875366759,2.577326521593726,"(2, 5, 4, 1, 0, 3)",134
354,False,0.7230806840490349,2.5776622253820323,"(2, 5, 4, 0, 1, 3)",135
74,False,0.7249805256584752,2.57801712617553,"(0, 4, 1, 3, 2, 5)",136
351,False,0.7244474750692873,2.57822418797054,"(2, 5, 3, 1, 4, 0)",137
75,False,0.7244474750692874,2.57822418797054,"(0, 4, 1, 3, 5, 2)",138
50,False,0.7199228792280589,2.5785904372713357,"(0, 3, 1, 4, 2, 5)",139
194,False,0.7199752546946254,2.578659431158615,"(1, 4, 0, 3, 2, 5)",140
344,False,0.7254101873254185,2.5787022248233584,"(2, 5, 1, 3, 0, 4)",141
357,False,0.7186025696131564,2.578797499066346,"(2, 5, 4, 1, 3, 0)",142
51,False,0.7186025696131568,2.5787974990663467,"(0, 3, 1, 4, 5, 2)",143
349,False,0.7198890518901385,2.578866492953625,"(2, 5, 3, 0, 4, 1)",144
195,False,0.7198890518901391,2.578866492953626,"(1, 4, 0, 3, 5, 2)",145
346,False,0.719459727904776,2.5791996543302407,"(2, 5, 1, 4, 0, 3)",146
338,False,0.7197151809600091,2.5792638931370515,"(2, 5, 0, 3, 1, 4)",147
170,False,0.7261061962435817,2.5792854670581766,"(1, 3, 0, 4, 2, 5)",148
355,False,0.7249806837494346,2.5794925288531863,"(2, 5, 4, 0, 3, 1)",149
171,False,0.7249806837494353,2.579492528853187,"(1, 3, 0, 4, 5, 2)",150
340,False,0.7267987872580138,2.5798140474476896,"(2, 5, 0, 4, 1, 3)",151
84,False,0.7240798226656595,2.5802245008994844,"(0, 4, 3, 1, 2, 5)",152
345,False,0.7237308192276911,2.5804315626944945,"(2, 5, 1, 3, 4, 0)",153
85,False,0.7237308192276913,2.580431562694495,"(0, 4, 3, 1, 5, 2)",154
60,False,0.725256250161967,2.580463570007853,"(0, 3, 4, 1, 2, 5)",155
347,False,0.7241459646754974,2.5806706318028634,"(2, 5, 1, 4, 3, 0)",156
61,False,0.7241459646754979,2.5806706318028643,"(0, 3, 4, 1, 5, 2)",157
204,False,0.7246337528092812,2.5811454952117114,"(1, 4, 3, 0, 2, 5)",158
339,False,0.7248860444718594,2.581352557006721,"(2, 5, 0, 3, 4, 1)",159
205,False,0.7248860444718599,2.581352557006722,"(1, 4, 3, 0, 5, 2)",160
180,False,0.7248252248475229,2.581437289123836,"(1, 3, 4, 0, 2, 5)",161
341,False,0.7238713237483568,2.581644350918846,"(2, 5, 0, 4, 3, 1)",162
181,False,0.7238713237483574,2.5816443509188467,"(1, 3, 4, 0, 5, 2)",163
98,False,0.7197536984794399,2.5817721675045964,"(0, 5, 1, 3, 2, 4)",164
100,False,0.7231987098811385,2.582242989614221,"(0, 5, 1, 4, 2, 3)",165
218,False,0.7226751722524101,2.582354627950317,"(1, 5, 0, 3, 2, 4)",166
220,False,0.7203252268875703,2.582825450059942,"(1, 5, 0, 4, 2, 3)",167
277,False,0.7824863379080889,2.6810000176939153,"(2, 1, 4, 0, 5, 3)",168
271,False,0.7820778310320788,2.681265457330321,"(2, 1, 3, 0, 5, 4)",169
253,False,0.7822051308874964,2.681444463687869,"(2, 0, 4, 1, 5, 3)",170
247,False,0.7830783094677897,2.6816957319936097,"(2, 0, 3, 1, 5, 4)",171
156,False,0.7836958865749584,2.6826232593700614,"(1, 2, 4, 0, 3, 5)",172
36,False,0.784365674710081,2.6827083793654807,"(0, 2, 4, 1, 3, 5)",173
150,False,0.7827064459482929,2.6831470594049804,"(1, 2, 3, 0, 4, 5)",174
30,False,0.7828323096775083,2.683218008069735,"(0, 2, 3, 1, 4, 5)",175
319,False,0.777671702284601,2.688703671192965,"(2, 4, 1, 0, 5, 3)",176
313,False,0.7759958937748545,2.6889846870091305,"(2, 4, 0, 1, 5, 3)",177
295,False,0.7774683652806627,2.689181572540484,"(2, 3, 1, 0, 5, 4)",178
289,False,0.7777629038323829,2.6894484170259836,"(2, 3, 0, 1, 5, 4)",179
72,False,0.7741349885851937,2.6907454543955276,"(0, 4, 1, 2, 3, 5)",180
192,False,0.7739552001135324,2.6913877593786126,"(1, 4, 0, 2, 3, 5)",181
48,False,0.7749088926255082,2.691570627161073,"(0, 3, 1, 2, 4, 5)",182
168,False,0.7756610173025915,2.6922656569479133,"(1, 3, 0, 2, 4, 5)",183
284,False,0.7756892514001953,2.693660325056201,"(2, 1, 5, 3, 0, 4)",184
286,False,0.7759947534135488,2.6941577545630833,"(2, 1, 5, 4, 0, 3)",185
279,False,0.7764764161424015,2.6942389853901494,"(2, 1, 4, 3, 5, 0)",186
112,False,0.7764764161424019,2.6942389853901503,"(0, 5, 3, 4, 1, 2)",187
260,False,0.7762025171926838,2.694385423547682,"(2, 0, 5, 3, 1, 4)",188
158,False,0.7791143821012594,2.694391249593674,"(1, 2, 4, 3, 0, 5)",189
273,False,0.7783806824869097,2.6945109237553297,"(2, 1, 3, 4, 5, 0)",190
118,False,0.7783806824869102,2.6945109237553306,"(0, 5, 4, 3, 1, 2)",191
152,False,0.7799853767230868,2.694663187958854,"(1, 2, 3, 4, 0, 5)",192
38,False,0.7795476944390469,2.6946995040362807,"(0, 2, 4, 3, 1, 5)",193
262,False,0.7758016127663493,2.6949355778583204,"(2, 0, 5, 4, 1, 3)",194
32,False,0.7800582790198741,2.694957271070796,"(0, 2, 3, 4, 1, 5)",195
255,False,0.7761026709138518,2.6952658918298242,"(2, 0, 4, 3, 5, 1)",196
232,False,0.7761026709138524,2.695265891829825,"(1, 5, 3, 4, 0, 2)",197
88,False,0.7637039805834563,2.6953896629273357,"(0, 4, 3, 5, 1, 2)",198
285,False,0.7637039805834566,2.6953896629273366,"(2, 1, 5, 3, 4, 0)",199
238,False,0.77893591958813,2.695523658864339,"(1, 5, 4, 3, 0, 2)",200
249,False,0.7789359195881301,2.6955236588643396,"(2, 0, 3, 4, 5, 1)",201
64,False,0.7661115264760068,2.6956287320357046,"(0, 3, 4, 5, 1, 2)",202
287,False,0.7661115264760069,2.695628732035705,"(2, 1, 5, 4, 3, 0)",203
208,False,0.7645259052450046,2.696474087417351,"(1, 4, 3, 5, 0, 2)",204
261,False,0.7645259052450046,2.6964740874173514,"(2, 0, 5, 3, 4, 1)",205
184,False,0.7665292236310383,2.6967658813294753,"(1, 3, 4, 5, 0, 2)",206
263,False,0.7665292236310381,2.6967658813294753,"(2, 0, 5, 4, 3, 1)",207
308,False,0.7666469913729691,2.699369065542409,"(2, 3, 5, 1, 0, 4)",208
306,False,0.767985693880358,2.6996520445269603,"(2, 3, 5, 0, 1, 4)",209
332,False,0.7683625918416087,2.6999882753256164,"(2, 4, 5, 1, 0, 3)",210
330,False,0.7681248447450411,2.700323979113923,"(2, 4, 5, 0, 1, 3)",211
309,False,0.776725948949123,2.7010984034135426,"(2, 3, 5, 1, 4, 0)",212
77,False,0.7767259489491234,2.7010984034135435,"(0, 4, 1, 5, 3, 2)",213
333,False,0.7778222874649604,2.7014592527982364,"(2, 4, 5, 1, 3, 0)",214
53,False,0.7778222874649608,2.7014592527982373,"(0, 3, 1, 5, 4, 2)",215
307,False,0.7776065316800566,2.701740708396627,"(2, 3, 5, 0, 4, 1)",216
197,False,0.7776065316800571,2.701740708396628,"(1, 4, 0, 5, 3, 2)",217
321,False,0.7886715178527933,2.7019426388891974,"(2, 4, 1, 3, 5, 0)",218
109,False,0.7886715178527942,2.7019426388891987,"(0, 5, 3, 1, 4, 2)",219
331,False,0.7767924655193301,2.702154282585077,"(2, 4, 5, 0, 3, 1)",220
173,False,0.7767924655193308,2.7021542825850777,"(1, 3, 0, 5, 4, 2)",221
297,False,0.7876292433304779,2.702427038965489,"(2, 3, 1, 4, 5, 0)",222
115,False,0.7876292433304786,2.7024270389654905,"(0, 5, 4, 1, 3, 2)",223
315,False,0.7882218652548943,2.7028061151510854,"(2, 4, 0, 3, 5, 1)",224
229,False,0.7882218652548947,2.702806115151086,"(1, 5, 3, 0, 4, 2)",225
291,False,0.7887174034557054,2.703276343896711,"(2, 3, 0, 4, 5, 1)",226
235,False,0.788717403455706,2.703276343896712,"(1, 5, 4, 0, 3, 2)",227
86,False,0.7704286228173489,2.7049439537902806,"(0, 4, 3, 2, 1, 5)",228
62,False,0.7696485804551139,2.7051830228986495,"(0, 3, 4, 2, 1, 5)",229
206,False,0.7707068403628816,2.7056418136553217,"(1, 4, 3, 2, 0, 5)",230
182,False,0.769743535679665,2.705933607567445,"(1, 3, 4, 2, 0, 5)",231
157,False,0.8268756330727607,2.8071181635727607,"(1, 2, 4, 0, 5, 3)",232
37,False,0.830381544571418,2.8072032835681804,"(0, 2, 4, 1, 5, 3)",233
151,False,0.8302810063733393,2.8073836032091672,"(1, 2, 3, 0, 5, 4)",234
31,False,0.826909584846818,2.807454551873922,"(0, 2, 3, 1, 5, 4)",235
78,False,0.8353854476832188,2.814014277898151,"(0, 4, 2, 1, 3, 5)",236
198,False,0.8301704388905163,2.8143755670650696,"(1, 4, 2, 0, 3, 5)",237
274,False,0.83568465177303,2.814712696383885,"(2, 1, 3, 5, 0, 4)",238
54,False,0.8303665521527734,2.814762975710775,"(0, 3, 2, 1, 4, 5)",239
280,False,0.8303575226708162,2.814938187525587,"(2, 1, 4, 5, 0, 3)",240
174,False,0.836018405503447,2.815191161012114,"(1, 3, 2, 0, 4, 5)",241
73,False,0.8124501129411935,2.8152403585982273,"(0, 4, 1, 2, 5, 3)",242
250,False,0.8305888494655798,2.815425950031725,"(2, 0, 3, 5, 1, 4)",243
256,False,0.8363356472999777,2.815718337307848,"(2, 0, 4, 5, 1, 3)",244
49,False,0.8132431043815597,2.8158071709652592,"(0, 3, 1, 2, 5, 4)",245
193,False,0.8125755281617982,2.8158826635813123,"(1, 4, 0, 2, 5, 3)",246
70,False,0.8319053552715145,2.8164091649982086,"(0, 3, 5, 4, 1, 2)",247
281,False,0.8319053552715145,2.816409164998209,"(2, 1, 4, 5, 3, 0)",248
94,False,0.8322455805068286,2.816442034255019,"(0, 4, 5, 3, 1, 2)",249
275,False,0.8322455805068291,2.81644203425502,"(2, 1, 3, 5, 4, 0)",250
169,False,0.8138495124066588,2.8165022007521,"(1, 3, 0, 2, 5, 4)",251
251,False,0.8324492579601106,2.8175146139013933,"(2, 0, 3, 5, 4, 1)",252
214,False,0.8324492579601109,2.817514613901394,"(1, 4, 5, 3, 0, 2)",253
190,False,0.8329062227537188,2.817548640779003,"(1, 3, 5, 4, 0, 2)",254
257,False,0.8329062227537187,2.817548640779003,"(2, 0, 4, 5, 3, 1)",255
164,False,0.8144757166083887,2.819778470935046,"(1, 2, 5, 3, 0, 4)",256
44,False,0.8144047278764197,2.8201442434279937,"(0, 2, 5, 3, 1, 4)",257
166,False,0.8150324635672059,2.8202759004419287,"(1, 2, 5, 4, 0, 3)",258
113,False,0.8037684760456776,2.820357131268994,"(0, 5, 3, 4, 2, 1)",259
159,False,0.8037684760456784,2.8203571312689952,"(1, 2, 4, 3, 5, 0)",260
119,False,0.8069633422990654,2.820629069634174,"(0, 5, 4, 3, 2, 1)",261
153,False,0.8069633422990664,2.820629069634175,"(1, 2, 3, 4, 5, 0)",262
46,False,0.8155168771217569,2.8206943977386314,"(0, 2, 5, 4, 1, 3)",263
233,False,0.8042811326471776,2.8210247117101344,"(1, 5, 3, 4, 2, 0)",264
39,False,0.8042811326471779,2.8210247117101352,"(0, 2, 4, 3, 5, 1)",265
239,False,0.8069681894145027,2.8212824787446498,"(1, 5, 4, 3, 2, 0)",266
33,False,0.8069681894145029,2.8212824787446507,"(0, 2, 3, 4, 5, 1)",267
89,False,0.7962326248760782,2.82150780880618,"(0, 4, 3, 5, 2, 1)",268
165,False,0.7962326248760792,2.8215078088061816,"(1, 2, 5, 3, 4, 0)",269
65,False,0.7983748825086293,2.8217468779145496,"(0, 3, 4, 5, 2, 1)",270
167,False,0.7983748825086301,2.821746877914551,"(1, 2, 5, 4, 3, 0)",271
209,False,0.7966981979221192,2.8222329072976624,"(1, 4, 3, 5, 2, 0)",272
45,False,0.7966981979221195,2.822232907297663,"(0, 2, 5, 3, 4, 1)",273
185,False,0.7989265994403549,2.8225247012097867,"(1, 3, 4, 5, 2, 0)",274
47,False,0.7989265994403552,2.822524701209787,"(0, 2, 5, 4, 3, 1)",275
298,False,0.8355031214618832,2.822628811594044,"(2, 3, 1, 5, 0, 4)",276
322,False,0.8370284514525567,2.822641841024635,"(2, 4, 1, 5, 0, 3)",277
292,False,0.8369950169377447,2.823178635064097,"(2, 3, 0, 5, 1, 4)",278
316,False,0.8360761552709528,2.8232585606291076,"(2, 4, 0, 5, 1, 3)",279
323,False,0.8329610838961483,2.824112818497257,"(2, 4, 1, 5, 3, 0)",280
67,False,0.8329610838961485,2.824112818497257,"(0, 3, 5, 1, 4, 2)",281
299,False,0.8383370977850498,2.8243581494651795,"(2, 3, 1, 5, 4, 0)",282
91,False,0.8383370977850501,2.8243581494651804,"(0, 4, 5, 1, 3, 2)",283
317,False,0.8388258231935257,2.8250888641002634,"(2, 4, 0, 5, 3, 1)",284
187,False,0.8388258231935263,2.8250888641002643,"(1, 3, 5, 0, 4, 2)",285
293,False,0.8334484439867514,2.8252672989337655,"(2, 3, 0, 5, 4, 1)",286
211,False,0.833448443986752,2.8252672989337664,"(1, 4, 5, 0, 3, 2)",287
76,False,0.8164787376783145,2.825386245821232,"(0, 4, 1, 5, 2, 3)",288
52,False,0.8171709695627581,2.825488734807413,"(0, 3, 1, 5, 2, 4)",289
108,False,0.832830591791728,2.825972120898375,"(0, 5, 3, 1, 2, 4)",290
80,False,0.8364583980327376,2.8260054025689505,"(0, 4, 2, 3, 1, 5)",291
196,False,0.8174920783404255,2.8260285508043177,"(1, 4, 0, 5, 2, 3)",292
200,False,0.835505005777309,2.826143557288683,"(1, 4, 2, 3, 0, 5)",293
172,False,0.817030575491752,2.8261837645942536,"(1, 3, 0, 5, 2, 4)",294
56,False,0.8364347483454021,2.8265022387118344,"(0, 3, 2, 4, 1, 5)",295
176,False,0.8369688151131898,2.826707289565987,"(1, 3, 2, 4, 0, 5)",296
114,False,0.8365232496144561,2.8267148813731806,"(0, 5, 4, 1, 2, 3)",297
228,False,0.8366243168588541,2.826835597160261,"(1, 5, 3, 0, 2, 4)",298
234,False,0.8336133148526926,2.827564186304401,"(1, 5, 4, 0, 2, 3)",299
104,False,0.817154770289834,2.8295190314609733,"(0, 5, 2, 3, 1, 4)",300
224,False,0.8174261252244372,2.8295398235930005,"(1, 5, 2, 3, 0, 4)",301
226,False,0.8179198916287234,2.8300372530998827,"(1, 5, 2, 4, 0, 3)",302
106,False,0.8185381915014878,2.8300691857716105,"(0, 5, 2, 4, 1, 3)",303
87,False,0.8024764671145225,2.8312691614641357,"(0, 4, 3, 2, 5, 1)",304
225,False,0.8024764671145228,2.8312691614641357,"(1, 5, 2, 3, 4, 0)",305
227,False,0.8023130281847202,2.8315082305725046,"(1, 5, 2, 4, 3, 0)",306
63,False,0.80231302818472,2.8315082305725046,"(0, 3, 4, 2, 5, 1)",307
105,False,0.802817313854757,2.8316076953306424,"(0, 5, 2, 3, 4, 1)",308
207,False,0.8028173138547575,2.8316076953306433,"(1, 4, 3, 2, 5, 0)",309
107,False,0.802583553602801,2.8318994892427667,"(0, 5, 2, 4, 3, 1)",310
183,False,0.8025835536028014,2.8318994892427676,"(1, 3, 4, 2, 5, 0)",311
79,False,0.8823078417383774,2.93850918210085,"(0, 4, 2, 1, 5, 3)",312
199,False,0.8829421822479377,2.9388704712677693,"(1, 4, 2, 0, 5, 3)",313
55,False,0.8827206125255935,2.9389995195149607,"(0, 3, 2, 1, 5, 4)",314
175,False,0.8820854044615619,2.9394277048163002,"(1, 3, 2, 0, 5, 4)",315
154,False,0.8833954718682602,2.9408308422627303,"(1, 2, 3, 5, 0, 4)",316
160,False,0.8833724131264363,2.9410563334044326,"(1, 2, 4, 5, 0, 3)",317
34,False,0.8830504830884862,2.9411847699120366,"(0, 2, 3, 5, 1, 4)",318
40,False,0.8847600030623445,2.9414771571881597,"(0, 2, 4, 5, 1, 3)",319
71,False,0.8650750936622039,2.9425273108770527,"(0, 3, 5, 4, 2, 1)",320
161,False,0.8650750936622048,2.942527310877054,"(1, 2, 4, 5, 3, 0)",321
95,False,0.8648792276878284,2.942560180133864,"(0, 4, 5, 3, 2, 1)",322
155,False,0.8648792276878291,2.942560180133865,"(1, 2, 3, 5, 4, 0)",323
215,False,0.8651947819606381,2.9432734337817053,"(1, 4, 5, 3, 2, 0)",324
35,False,0.8651947819606383,2.9432734337817057,"(0, 2, 3, 5, 4, 1)",325
191,False,0.8657192908514197,2.943307460659314,"(1, 3, 5, 4, 2, 0)",326
41,False,0.8657192908514201,2.943307460659315,"(0, 2, 4, 5, 3, 1)",327
66,False,0.8862625895193809,2.9481423005064338,"(0, 3, 5, 1, 2, 4)",328
90,False,0.8855963010652843,2.9486459918728696,"(0, 4, 5, 1, 2, 3)",329
186,False,0.8868873032627969,2.9491183461094406,"(1, 3, 5, 0, 2, 4)",330
210,False,0.8861309003266897,2.949555141341457,"(1, 4, 5, 0, 2, 3)",331
110,False,0.8864173402311213,2.950020775094336,"(0, 5, 3, 2, 1, 4)",332
230,False,0.886806780799678,2.95060127237167,"(1, 5, 3, 2, 0, 4)",333
116,False,0.8867487367812743,2.9508428677701524,"(0, 5, 4, 2, 1, 3)",334
236,False,0.8871138551372851,2.951356468913068,"(1, 5, 4, 2, 0, 3)",335
111,False,0.8691511050211023,2.952109438964004,"(0, 5, 3, 2, 4, 1)",336
201,False,0.8691511050211025,2.9521094389640044,"(1, 4, 2, 3, 5, 0)",337
81,False,0.8694992215529993,2.952330610242805,"(0, 4, 2, 3, 5, 1)",338
231,False,0.8694992215529995,2.9523306102428055,"(1, 5, 3, 2, 4, 0)",339
117,False,0.8699957885685445,2.9526731712413086,"(0, 5, 4, 2, 3, 1)",340
177,False,0.869995788568545,2.952673171241309,"(1, 3, 2, 4, 5, 0)",341
237,False,0.8694546223128959,2.9528274463856903,"(1, 5, 4, 2, 3, 0)",342
57,False,0.8694546223128957,2.9528274463856903,"(0, 3, 2, 4, 5, 1)",343
68,False,0.9322654472712048,3.072190954702394,"(0, 3, 5, 2, 1, 4)",344
58,False,0.9322205040625051,3.072729737553075,"(0, 3, 2, 5, 1, 4)",345
92,False,0.9375507916223672,3.0727739782698427,"(0, 4, 5, 2, 1, 3)",346
82,False,0.9374286279118068,3.072783055720829,"(0, 4, 2, 5, 1, 3)",347
202,False,0.9323058880863438,3.0728086410994417,"(1, 4, 2, 5, 0, 3)",348
178,False,0.9375024545690511,3.072874943869864,"(1, 3, 2, 5, 0, 4)",349
188,False,0.9376038593907534,3.0728840213208497,"(1, 3, 5, 2, 0, 4)",350
212,False,0.9329786127247055,3.073347423950123,"(1, 4, 5, 2, 0, 3)",351
203,False,0.9280857848581808,3.074279618572063,"(1, 4, 2, 5, 3, 0)",352
69,False,0.9280857848581806,3.074279618572063,"(0, 3, 5, 2, 4, 1)",353
93,False,0.9286324335004711,3.074604281740999,"(0, 4, 5, 2, 3, 1)",354
179,False,0.9286324335004713,3.0746042817409993,"(1, 3, 2, 5, 4, 0)",355
83,False,0.929105249559385,3.074613359191985,"(0, 4, 2, 5, 3, 1)",356
189,False,0.9291052495593852,3.0746133591919853,"(1, 3, 5, 2, 4, 0)",357
59,False,0.9285512643693931,3.074818401422744,"(0, 3, 2, 5, 4, 1)",358
213,False,0.9285512643693936,3.074818401422745,"(1, 4, 5, 2, 3, 0)",359
