,is_well_nested,ms,ee,perm,i
264,True,0.5906516703063001,2.348508516625534,"(2, 1, 0, 3, 4, 5)",0
0,True,0.5805114090487584,2.3497867949859055,"(0, 1, 2, 3, 4, 5)",1
240,True,0.5899382499006802,2.3500504821154222,"(2, 0, 1, 3, 4, 5)",2
266,True,0.5857630749603573,2.350054269883974,"(2, 1, 0, 4, 3, 5)",3
2,True,0.5785685133386564,2.3513325482443452,"(0, 1, 2, 4, 3, 5)",4
242,True,0.5907033916428506,2.3515962353738624,"(2, 0, 1, 4, 3, 5)",5
120,True,0.584819937694207,2.3517340456942373,"(1, 0, 2, 3, 4, 5)",6
269,True,0.579496940772611,2.3521485588932203,"(2, 1, 0, 5, 4, 3)",7
268,True,0.5800968113333542,2.3531311087379967,"(2, 1, 0, 5, 3, 4)",8
122,True,0.5820779714784794,2.353279798952676,"(1, 0, 2, 4, 3, 5)",9
5,True,0.5738037294425666,2.3534268372535925,"(0, 1, 2, 5, 4, 3)",10
245,True,0.586038858660957,2.3536905243831088,"(2, 0, 1, 5, 4, 3)",11
4,True,0.5713117683019766,2.354409387098367,"(0, 1, 2, 5, 3, 4)",12
244,True,0.5823168776163989,2.354673074227884,"(2, 0, 1, 5, 3, 4)",13
125,True,0.5761415041893972,2.3553740879619234,"(1, 0, 2, 5, 4, 3)",14
124,True,0.5744399279549988,2.3563566378066985,"(1, 0, 2, 5, 3, 4)",15
24,False,0.6053338686302355,2.3991598618420156,"(0, 2, 1, 3, 4, 5)",16
144,False,0.6083102150064241,2.3995651470604598,"(1, 2, 0, 3, 4, 5)",17
26,False,0.6049023458311552,2.400705615100455,"(0, 2, 1, 4, 3, 5)",18
265,False,0.6056060217825263,2.4007391020375968,"(2, 1, 0, 3, 5, 4)",19
146,False,0.605903687030025,2.401110900318899,"(1, 2, 0, 4, 3, 5)",20
267,False,0.6045982121660262,2.401302305451261,"(2, 1, 0, 4, 5, 3)",21
1,False,0.5960948040659331,2.402017380397967,"(0, 1, 2, 3, 5, 4)",22
241,False,0.6066374341186047,2.4022810675274844,"(2, 0, 1, 3, 5, 4)",23
3,False,0.5968480697658716,2.4025805838116323,"(0, 1, 2, 4, 5, 3)",24
29,False,0.6009019138229222,2.4027999041097017,"(0, 2, 1, 5, 4, 3)",25
243,False,0.6054089819053143,2.4028442709411486,"(2, 0, 1, 4, 5, 3)",26
149,False,0.6004131539753745,2.403205189328146,"(1, 2, 0, 5, 4, 3)",27
28,False,0.5975091102563223,2.403782453954477,"(0, 2, 1, 5, 3, 4)",28
121,False,0.5981701054626309,2.4039646311062985,"(1, 0, 2, 3, 5, 4)",29
148,False,0.5982725606207632,2.4041877391729214,"(1, 2, 0, 5, 3, 4)",30
123,False,0.5987336521841529,2.404527834519963,"(1, 0, 2, 4, 5, 3)",31
19,False,0.6027687514461899,2.430083370569062,"(0, 1, 5, 2, 4, 3)",32
18,False,0.6034425423505136,2.4310659204138374,"(0, 1, 5, 2, 3, 4)",33
139,False,0.6031442026108793,2.4320306212773937,"(1, 0, 5, 2, 4, 3)",34
138,False,0.6042550333385118,2.4330131711221696,"(1, 0, 5, 2, 3, 4)",35
25,False,0.6240913786902565,2.4513904472540773,"(0, 2, 1, 3, 5, 4)",36
145,False,0.6255744041112385,2.4517957324725224,"(1, 2, 0, 3, 5, 4)",37
27,False,0.6256112926722037,2.4519536506677415,"(0, 2, 1, 4, 5, 3)",38
147,False,0.6244622614012741,2.452358935886186,"(1, 2, 0, 4, 5, 3)",39
343,False,0.6250988054726198,2.46766598123653,"(2, 5, 1, 0, 4, 3)",40
8,False,0.6254160115834768,2.4682509521816183,"(0, 1, 3, 4, 2, 5)",41
342,False,0.6274293195721551,2.468648531081305,"(2, 5, 1, 0, 3, 4)",42
337,False,0.6275605080518967,2.469106967725783,"(2, 5, 0, 1, 4, 3)",43
14,False,0.6277863093515452,2.469543034428244,"(0, 1, 4, 3, 2, 5)",44
336,False,0.6258502046598455,2.470089517570558,"(2, 5, 0, 1, 3, 4)",45
128,False,0.6276201776152677,2.4701982028899505,"(1, 0, 3, 4, 2, 5)",46
134,False,0.6263478810687563,2.471490285136576,"(1, 0, 4, 3, 2, 5)",47
359,False,0.626118435254834,2.4725545345227333,"(2, 5, 4, 3, 1, 0)",48
9,False,0.6261184352548347,2.472554534522734,"(0, 1, 3, 4, 5, 2)",49
305,False,0.6259379740714583,2.473491152463673,"(2, 3, 4, 5, 1, 0)",50
23,False,0.6259379740714592,2.4734911524636747,"(0, 1, 5, 4, 3, 2)",51
353,False,0.6234059371434674,2.473846616769359,"(2, 5, 3, 4, 1, 0)",52
15,False,0.6234059371434679,2.47384661676936,"(0, 1, 4, 3, 5, 2)",53
358,False,0.6288078025484807,2.4745017852310656,"(2, 5, 4, 3, 0, 1)",54
129,False,0.6288078025484809,2.474501785231066,"(1, 0, 3, 4, 5, 2)",55
329,False,0.6207549045403923,2.4745987971100014,"(2, 4, 3, 5, 1, 0)",56
21,False,0.6207549045403933,2.474598797110003,"(0, 1, 5, 3, 4, 2)",57
6,False,0.6308551995316242,2.475094492151416,"(0, 1, 3, 2, 4, 5)",58
304,False,0.6239821335290937,2.4754384031720047,"(2, 3, 4, 5, 0, 1)",59
143,False,0.6239821335290944,2.475438403172006,"(1, 0, 5, 4, 3, 2)",60
135,False,0.6232238613425166,2.475793867477691,"(1, 0, 4, 3, 5, 2)",61
352,False,0.6232238613425164,2.475793867477691,"(2, 5, 3, 4, 0, 1)",62
328,False,0.6224025402650935,2.476546047818333,"(2, 4, 3, 5, 0, 1)",63
141,False,0.622402540265094,2.476546047818334,"(1, 0, 5, 3, 4, 2)",64
126,False,0.6335377346573446,2.4770417428597478,"(1, 0, 3, 2, 4, 5)",65
283,False,0.6301428582250724,2.4771622034102423,"(2, 1, 5, 0, 4, 3)",66
12,False,0.630842411881506,2.4779323276564815,"(0, 1, 4, 2, 3, 5)",67
282,False,0.6328009330952882,2.478144753255018,"(2, 1, 5, 0, 3, 4)",68
132,False,0.6357865034314762,2.4798795783648133,"(1, 0, 4, 2, 3, 5)",69
259,False,0.6335828074690044,2.4801451553893834,"(2, 0, 5, 1, 4, 3)",70
258,False,0.6356897984480765,2.481127705234159,"(2, 0, 5, 1, 3, 4)",71
302,False,0.6453499973069449,2.5068282247496523,"(2, 3, 4, 1, 0, 5)",72
326,False,0.643552396823733,2.50793586939598,"(2, 4, 3, 1, 0, 5)",73
300,False,0.643565590069788,2.5085453319279587,"(2, 3, 4, 0, 1, 5)",74
324,False,0.646954686535531,2.5096529765742868,"(2, 4, 3, 0, 1, 5)",75
97,False,0.6390950251881026,2.5168334049227488,"(0, 5, 1, 2, 4, 3)",76
96,False,0.640621278711373,2.5178159547675243,"(0, 5, 1, 2, 3, 4)",77
22,False,0.641050548838258,2.5204356056898454,"(0, 1, 5, 4, 2, 3)",78
217,False,0.6420032843776379,2.5204977628093874,"(1, 5, 0, 2, 4, 3)",79
216,False,0.6426147686669392,2.521480312654162,"(1, 5, 0, 2, 3, 4)",80
270,False,0.6664264151447767,2.5218692476148785,"(2, 1, 3, 0, 4, 5)",81
142,False,0.6410277194726093,2.5223828563981767,"(1, 0, 5, 4, 2, 3)",82
20,False,0.6430316279434448,2.522525800180949,"(0, 1, 5, 3, 2, 4)",83
335,False,0.643600557130171,2.5232499609600416,"(2, 4, 5, 3, 1, 0)",84
11,False,0.643600557130172,2.523249960960043,"(0, 1, 3, 5, 4, 2)",85
311,False,0.6434251575631144,2.523434398560339,"(2, 3, 5, 4, 1, 0)",86
17,False,0.6434251575631152,2.5234343985603407,"(0, 1, 4, 5, 3, 2)",87
140,False,0.6436486284351207,2.5244730508892803,"(1, 0, 5, 3, 2, 4)",88
276,False,0.6637406416499211,2.52483241521144,"(2, 1, 4, 0, 3, 5)",89
246,False,0.6633931861711727,2.5250528598985205,"(2, 0, 3, 1, 4, 5)",90
334,False,0.6450706313787729,2.525197211668374,"(2, 4, 5, 3, 0, 1)",91
131,False,0.6450706313787735,2.5251972116683747,"(1, 0, 3, 5, 4, 2)",92
310,False,0.6449170270697824,2.525381649268671,"(2, 3, 5, 4, 0, 1)",93
137,False,0.6449170270697832,2.5253816492686725,"(1, 0, 4, 5, 3, 2)",94
7,False,0.6498043769311913,2.527325077563478,"(0, 1, 3, 2, 5, 4)",95
252,False,0.6693687064712415,2.5279099010474533,"(2, 0, 4, 1, 3, 5)",96
163,False,0.6490000955331707,2.528218833845168,"(1, 2, 5, 0, 4, 3)",97
13,False,0.6515508860351236,2.5291803632237677,"(0, 1, 4, 2, 5, 3)",98
162,False,0.6483132213690838,2.5292013836899425,"(1, 2, 5, 0, 3, 4)",99
43,False,0.650592223907534,2.529254535115976,"(0, 2, 5, 1, 4, 3)",100
127,False,0.6495977357514331,2.5292723282718095,"(1, 0, 3, 2, 5, 4)",101
42,False,0.6505759067254311,2.5302370849607514,"(0, 2, 5, 1, 3, 4)",102
133,False,0.6502471413227779,2.5311276139320995,"(1, 0, 4, 2, 5, 3)",103
303,False,0.661603470700608,2.5602411868173593,"(2, 3, 4, 1, 5, 0)",104
101,False,0.6616034707006089,2.560241186817361,"(0, 5, 1, 4, 3, 2)",105
327,False,0.662642607216795,2.561348831463688,"(2, 4, 3, 1, 5, 0)",106
99,False,0.6626426072167962,2.56134883146369,"(0, 5, 1, 3, 4, 2)",107
294,False,0.6759398523852275,2.561960807232145,"(2, 3, 1, 0, 4, 5)",108
272,False,0.674607399310713,2.5634408628062584,"(2, 1, 3, 4, 0, 5)",109
288,False,0.6729137293649923,2.563602454025899,"(2, 3, 0, 1, 4, 5)",110
301,False,0.6618081000151514,2.563905544703998,"(2, 3, 4, 0, 5, 1)",111
221,False,0.6618081000151522,2.5639055447039993,"(1, 5, 0, 4, 3, 2)",112
278,False,0.6744712228285311,2.5648582771443804,"(2, 1, 4, 3, 0, 5)",113
325,False,0.6636998510017803,2.565013189350326,"(2, 4, 3, 0, 5, 1)",114
219,False,0.6636998510017811,2.565013189350327,"(1, 5, 0, 3, 4, 2)",115
318,False,0.6778266216002155,2.566031619475036,"(2, 4, 1, 0, 3, 5)",116
103,False,0.6616412630711199,2.5666315026135527,"(0, 5, 2, 1, 4, 3)",117
312,False,0.677251387121493,2.56756713982116,"(2, 4, 0, 1, 3, 5)",118
102,False,0.662571877664735,2.5676140524583286,"(0, 5, 2, 1, 3, 4)",119
248,False,0.6768586653463756,2.568341582268207,"(2, 0, 3, 4, 1, 5)",120
223,False,0.6613426194205958,2.5688548740109387,"(1, 5, 2, 0, 4, 3)",121
254,False,0.6766721141387099,2.569652870158699,"(2, 0, 4, 3, 1, 5)",122
222,False,0.6638581690823407,2.569837423855714,"(1, 5, 2, 0, 3, 4)",123
16,False,0.6610561116211137,2.5703788517865114,"(0, 1, 4, 5, 2, 3)",124
10,False,0.6640109192935817,2.5711769640309896,"(0, 1, 3, 5, 2, 4)",125
136,False,0.6657493532259225,2.5723261024948427,"(1, 0, 4, 5, 2, 3)",126
150,False,0.6831186163030416,2.572925878049804,"(1, 2, 3, 0, 4, 5)",127
130,False,0.6659053885002686,2.573124214739321,"(1, 0, 3, 5, 2, 4)",128
271,False,0.6832492617251125,2.5740998330269407,"(2, 1, 3, 0, 5, 4)",129
30,False,0.6797437581692262,2.574162239625113,"(0, 2, 3, 1, 4, 5)",130
156,False,0.6831312199220727,2.575889045646365,"(1, 2, 4, 0, 3, 5)",131
277,False,0.6834623120558336,2.576080450778726,"(2, 1, 4, 0, 5, 3)",132
36,False,0.6818743386132542,2.577019280774044,"(0, 2, 4, 1, 3, 5)",133
247,False,0.6823972726313513,2.577283445310582,"(2, 0, 3, 1, 5, 4)",134
253,False,0.6810377115205167,2.5791579366147395,"(2, 0, 4, 1, 5, 3)",135
296,False,0.6938795478464834,2.6035324224235263,"(2, 3, 1, 4, 0, 5)",136
60,False,0.6812792443925142,2.6044211347052495,"(0, 3, 4, 1, 2, 5)",137
50,False,0.6856918373558316,2.6047151873537375,"(0, 3, 1, 4, 2, 5)",138
84,False,0.6823810177607861,2.6055279666548126,"(0, 4, 3, 1, 2, 5)",139
320,False,0.6911209494893913,2.6060574814079764,"(2, 4, 1, 3, 0, 5)",140
346,False,0.6845781488787485,2.6065597905459437,"(2, 5, 1, 4, 0, 3)",141
356,False,0.6826190205133662,2.6068538431944326,"(2, 5, 4, 1, 0, 3)",142
290,False,0.693024154819283,2.6068911763955867,"(2, 3, 0, 4, 1, 5)",143
74,False,0.6862156915706663,2.6071141015499264,"(0, 4, 1, 3, 2, 5)",144
100,False,0.6823332517466794,2.607185640043532,"(0, 5, 1, 4, 2, 3)",145
170,False,0.6917503826310334,2.6083417324345564,"(1, 3, 0, 4, 2, 5)",146
354,False,0.6853188235038996,2.6085331375669196,"(2, 5, 4, 0, 1, 3)",147
344,False,0.68879108212845,2.608649172340283,"(2, 5, 1, 3, 0, 4)",148
347,False,0.6827365218866979,2.608724717046364,"(2, 5, 1, 4, 3, 0)",149
61,False,0.6827365218866984,2.608724717046365,"(0, 3, 4, 1, 5, 2)",150
357,False,0.6843777662571268,2.6090187696948526,"(2, 5, 4, 1, 3, 0)",151
51,False,0.6843777662571272,2.609018769694853,"(0, 3, 1, 4, 5, 2)",152
98,False,0.6828021106636711,2.6092758345346354,"(0, 5, 1, 3, 2, 4)",153
314,False,0.6975095403426678,2.6093101089324073,"(2, 4, 0, 3, 1, 5)",154
180,False,0.6854877565278112,2.6094886662753214,"(1, 3, 4, 0, 2, 5)",155
340,False,0.6916251316323127,2.6096800714076838,"(2, 5, 0, 4, 1, 3)",156
345,False,0.6823748897022738,2.609831548995928,"(2, 5, 1, 3, 4, 0)",157
85,False,0.6823748897022742,2.6098315489959285,"(0, 4, 3, 1, 5, 2)",158
350,False,0.685500724884222,2.6102353072353974,"(2, 5, 3, 1, 0, 4)",159
204,False,0.6863203931138839,2.6106395421246704,"(1, 4, 3, 0, 2, 5)",160
194,False,0.6884864687988763,2.6107846905305316,"(1, 4, 0, 3, 2, 5)",161
220,False,0.6844066421406045,2.61084999793017,"(1, 5, 0, 4, 2, 3)",162
351,False,0.688348046939567,2.611417683891042,"(2, 5, 3, 1, 4, 0)",163
75,False,0.6883480469395674,2.6114176838910423,"(0, 4, 1, 3, 5, 2)",164
48,False,0.6901558710861598,2.611558727323535,"(0, 3, 1, 2, 4, 5)",165
338,False,0.6887457505869137,2.6118134971018083,"(2, 5, 0, 3, 1, 4)",166
348,False,0.687808003628047,2.6119586455076695,"(2, 5, 3, 0, 1, 4)",167
355,False,0.6881635046172141,2.6126453147756714,"(2, 5, 4, 0, 3, 1)",168
171,False,0.6881635046172145,2.6126453147756723,"(1, 3, 0, 4, 5, 2)",169
218,False,0.6861593660044212,2.612940192421274,"(1, 5, 0, 3, 2, 4)",170
341,False,0.6852490788277668,2.6137922486164364,"(2, 5, 0, 4, 3, 1)",171
181,False,0.6852490788277671,2.613792248616437,"(1, 3, 4, 0, 5, 2)",172
295,False,0.691352580134545,2.6141913926442077,"(2, 3, 1, 0, 5, 4)",173
152,False,0.6934074255574133,2.614497493241184,"(1, 2, 3, 4, 0, 5)",174
205,False,0.6841711635768772,2.6149431244657855,"(1, 4, 3, 0, 5, 2)",175
339,False,0.684171163576877,2.6149431244657855,"(2, 5, 0, 3, 4, 1)",176
349,False,0.6863035017366887,2.615088272871647,"(2, 5, 3, 0, 4, 1)",177
195,False,0.686303501736689,2.6150882728716476,"(1, 4, 0, 3, 5, 2)",178
168,False,0.6906608252280436,2.6151852724043536,"(1, 3, 0, 2, 4, 5)",179
72,False,0.6930475810569301,2.6155033947781647,"(0, 4, 1, 2, 3, 5)",180
289,False,0.6935035279146647,2.615833039437961,"(2, 3, 0, 1, 5, 4)",181
158,False,0.6921433805994744,2.6159149075793056,"(1, 2, 4, 3, 0, 5)",182
286,False,0.6913685174955352,2.6160560127196564,"(2, 1, 5, 4, 0, 3)",183
273,False,0.6924860664002512,2.616853824873966,"(2, 1, 3, 4, 5, 0)",184
118,False,0.6924860664002522,2.6168538248739677,"(0, 5, 4, 3, 1, 2)",185
319,False,0.6947155752028887,2.617279655042322,"(2, 4, 1, 0, 5, 3)",186
32,False,0.6949615469126631,2.617450961994799,"(0, 2, 3, 4, 1, 5)",187
284,False,0.6905659174978919,2.6181453945139954,"(2, 1, 5, 3, 0, 4)",188
287,False,0.6894658343416951,2.6182209392200764,"(2, 1, 5, 4, 3, 0)",189
64,False,0.6894658343416962,2.6182209392200786,"(0, 3, 4, 5, 1, 2)",190
279,False,0.6881906931548727,2.6182712392120875,"(2, 1, 4, 3, 5, 0)",191
112,False,0.6881906931548738,2.6182712392120893,"(0, 5, 3, 4, 1, 2)",192
38,False,0.6954602629055056,2.6187622498852914,"(0, 2, 4, 3, 1, 5)",193
313,False,0.6957703603211995,2.6188151753884465,"(2, 4, 0, 1, 5, 3)",194
192,False,0.6921867137795065,2.619173983758768,"(1, 4, 0, 2, 3, 5)",195
285,False,0.6844008387285904,2.6193277711696403,"(2, 1, 5, 3, 4, 0)",196
88,False,0.6844008387285914,2.619327771169642,"(0, 4, 3, 5, 1, 2)",197
262,False,0.6933846790789344,2.620718259071284,"(2, 0, 5, 4, 1, 3)",198
260,False,0.6939528576133261,2.622851684765408,"(2, 0, 5, 3, 1, 4)",199
249,False,0.6965538628243801,2.623701795044247,"(2, 0, 3, 4, 5, 1)",200
238,False,0.6965538628243805,2.6237017950442474,"(1, 5, 4, 3, 0, 2)",201
263,False,0.692517869651253,2.624830436280037,"(2, 0, 5, 4, 3, 1)",202
184,False,0.6925178696512532,2.624830436280037,"(1, 3, 4, 5, 0, 2)",203
255,False,0.692232108180928,2.625013082934739,"(2, 0, 4, 3, 5, 1)",204
232,False,0.6922321081809283,2.6250130829347396,"(1, 5, 3, 4, 0, 2)",205
151,False,0.7018294371113225,2.625156463461866,"(1, 2, 3, 0, 5, 4)",206
208,False,0.6878327631593515,2.625981312129386,"(1, 4, 3, 5, 0, 2)",207
261,False,0.6878327631593513,2.625981312129386,"(2, 0, 5, 3, 4, 1)",208
31,False,0.700711815253137,2.626392825037174,"(0, 2, 3, 1, 5, 4)",209
157,False,0.7022784982839707,2.627137081213651,"(1, 2, 4, 0, 5, 3)",210
37,False,0.7030435002607085,2.6282673163413306,"(0, 2, 4, 1, 5, 3)",211
62,False,0.7008341684459247,2.654553397044733,"(0, 3, 4, 2, 1, 5)",212
86,False,0.7021578208565321,2.6556602289942965,"(0, 4, 3, 2, 1, 5)",213
297,False,0.7069643682780004,2.656945384491233,"(2, 3, 1, 4, 5, 0)",214
115,False,0.7069643682780014,2.6569453844912347,"(0, 5, 4, 1, 3, 2)",215
332,False,0.7049249018631951,2.6575492696317404,"(2, 4, 5, 1, 0, 3)",216
182,False,0.7056163727637459,2.657903821436499,"(1, 3, 4, 2, 0, 5)",217
206,False,0.7056730411565427,2.659054697285848,"(1, 4, 3, 2, 0, 5)",218
330,False,0.703039566047731,2.6592285640042275,"(2, 4, 5, 0, 1, 3)",219
321,False,0.7094539096206304,2.6594704434756826,"(2, 4, 1, 3, 5, 0)",220
109,False,0.7094539096206312,2.659470443475684,"(0, 5, 3, 1, 4, 2)",221
333,False,0.7057639454401482,2.659714196132161,"(2, 4, 5, 1, 3, 0)",222
53,False,0.7057639454401493,2.6597141961321626,"(0, 3, 1, 5, 4, 2)",223
308,False,0.7073346199026473,2.6598230890263768,"(2, 3, 5, 1, 0, 4)",224
309,False,0.703535129458798,2.6610054656820217,"(2, 3, 5, 1, 4, 0)",225
77,False,0.7035351294587991,2.6610054656820235,"(0, 4, 1, 5, 3, 2)",226
54,False,0.7145436334111889,2.661253407941123,"(0, 3, 2, 1, 4, 5)",227
306,False,0.7055826601176285,2.661546427298649,"(2, 3, 5, 0, 1, 4)",228
291,False,0.7112819137956583,2.662251389171626,"(2, 3, 0, 4, 5, 1)",229
235,False,0.711281913795659,2.6622513891716273,"(1, 5, 4, 0, 3, 2)",230
174,False,0.7186269322005118,2.6632383062281875,"(1, 3, 2, 0, 4, 5)",231
331,False,0.7085539039318915,2.6633407412129797,"(2, 4, 5, 0, 3, 1)",232
173,False,0.7085539039318923,2.663340741212981,"(1, 3, 0, 5, 4, 2)",233
49,False,0.7059229354300766,2.663789312735597,"(0, 3, 1, 2, 5, 4)",234
315,False,0.7110994359708209,2.664670321708446,"(2, 4, 0, 3, 5, 1)",235
229,False,0.7110994359708214,2.664670321708447,"(1, 5, 3, 0, 4, 2)",236
307,False,0.7089708710624728,2.664676054662626,"(2, 3, 5, 0, 4, 1)",237
197,False,0.7089708710624735,2.6646760546626274,"(1, 4, 0, 5, 3, 2)",238
78,False,0.7197172964903987,2.665217281039618,"(0, 4, 2, 1, 3, 5)",239
280,False,0.7167359114038907,2.6658205135301,"(2, 1, 4, 5, 0, 3)",240
274,False,0.7196208676552283,2.6664924809863177,"(2, 1, 3, 5, 0, 4)",241
73,False,0.7075459790742938,2.666751430345451,"(0, 4, 1, 2, 5, 3)",242
166,False,0.7072197150033297,2.6671126431545815,"(1, 2, 5, 4, 0, 3)",243
198,False,0.7181297290007713,2.6673523496740983,"(1, 4, 2, 0, 3, 5)",244
169,False,0.7077415574327076,2.6674158578164158,"(1, 3, 0, 2, 5, 4)",245
275,False,0.7116994275119728,2.667674857641963,"(2, 1, 3, 5, 4, 0)",246
94,False,0.7116994275119738,2.667674857641965,"(0, 4, 5, 3, 1, 2)",247
119,False,0.7069184973550994,2.667910455308892,"(0, 5, 4, 3, 2, 1)",248
153,False,0.706918497355099,2.667910455308892,"(1, 2, 3, 4, 5, 0)",249
281,False,0.712076586751341,2.667985440030521,"(2, 1, 4, 5, 3, 0)",250
70,False,0.7120765867513419,2.6679854400305225,"(0, 3, 5, 4, 1, 2)",251
164,False,0.708394242377183,2.6692020249489206,"(1, 2, 5, 3, 0, 4)",252
167,False,0.7022513133387129,2.669277569655002,"(1, 2, 5, 4, 3, 0)",253
65,False,0.7022513133387133,2.6692775696550024,"(0, 3, 4, 5, 2, 1)",254
159,False,0.7015766674198023,2.6693278696470126,"(1, 2, 4, 3, 5, 0)",255
113,False,0.7015766674198026,2.669327869647013,"(0, 5, 3, 4, 2, 1)",256
46,False,0.7091124901555771,2.669827638797876,"(0, 2, 5, 4, 1, 3)",257
89,False,0.6981658716110154,2.670384401604566,"(0, 4, 3, 5, 2, 1)",258
165,False,0.6981658716110152,2.670384401604566,"(1, 2, 5, 3, 4, 0)",259
193,False,0.709774072766753,2.670422019326055,"(1, 4, 0, 2, 5, 3)",260
256,False,0.7219220988666618,2.6705772937386,"(2, 0, 4, 5, 1, 3)",261
250,False,0.7193623626426955,2.6713994315422323,"(2, 0, 3, 5, 1, 4)",262
44,False,0.7106572245908164,2.671961064492,"(0, 2, 5, 3, 1, 4)",263
239,False,0.7097585619574779,2.6728111747708385,"(1, 5, 4, 3, 2, 0)",264
33,False,0.7097585619574782,2.6728111747708394,"(0, 2, 3, 4, 5, 1)",265
185,False,0.7056978541308018,2.673939816006629,"(1, 3, 4, 5, 2, 0)",266
47,False,0.7056978541308021,2.673939816006629,"(0, 2, 5, 4, 3, 1)",267
233,False,0.7052204404613918,2.6741224626613307,"(1, 5, 3, 4, 2, 0)",268
39,False,0.7052204404613922,2.6741224626613316,"(0, 2, 4, 3, 5, 1)",269
214,False,0.7151822394229123,2.67452905890621,"(1, 4, 5, 3, 0, 2)",270
251,False,0.715182239422912,2.67452905890621,"(2, 0, 3, 5, 4, 1)",271
257,False,0.7144317444758441,2.6746894709473525,"(2, 0, 4, 5, 3, 1)",272
190,False,0.7144317444758445,2.674689470947353,"(1, 3, 5, 4, 0, 2)",273
45,False,0.7002999250302591,2.675090691855978,"(0, 2, 5, 3, 4, 1)",274
209,False,0.7002999250302591,2.675090691855978,"(1, 4, 3, 5, 2, 0)",275
114,False,0.7296034097747444,2.7038898377174063,"(0, 5, 4, 1, 2, 3)",276
56,False,0.7298920100628277,2.7045421303108093,"(0, 3, 2, 4, 1, 5)",277
176,False,0.7328010485181689,2.704809921419568,"(1, 3, 2, 4, 0, 5)",278
298,False,0.73056645900063,2.7065840406035853,"(2, 3, 1, 5, 0, 4)",279
80,False,0.731321144308951,2.7069602501508654,"(0, 4, 2, 3, 1, 5)",280
322,False,0.7309935449334877,2.707019717793696,"(2, 4, 1, 5, 0, 3)",281
106,False,0.7256993527881646,2.7072046062954533,"(0, 5, 2, 4, 1, 3)",282
200,False,0.7312091494744332,2.707378211607039,"(1, 4, 2, 3, 0, 5)",283
108,False,0.7304694886527191,2.707397446546631,"(0, 5, 3, 1, 2, 4)",284
52,False,0.7236032402107725,2.7076411992031084,"(0, 3, 1, 5, 2, 4)",285
226,False,0.7247088341655735,2.7077486833203523,"(1, 5, 2, 4, 0, 3)",286
299,False,0.7325931036352358,2.7077664172592297,"(2, 3, 1, 5, 4, 0)",287
91,False,0.7325931036352369,2.7077664172592315,"(0, 4, 5, 1, 3, 2)",288
76,False,0.7230462800167982,2.707949918908194,"(0, 4, 1, 5, 2, 3)",289
323,False,0.7311440995094471,2.7091846442941163,"(2, 4, 1, 5, 3, 0)",290
67,False,0.7311440995094479,2.709184644294117,"(0, 3, 5, 1, 4, 2)",291
234,False,0.7301532162384479,2.709195842397798,"(1, 5, 4, 0, 2, 3)",292
104,False,0.7234722306658162,2.709338031989578,"(0, 5, 2, 3, 1, 4)",293
224,False,0.7246188751671958,2.7098380651146905,"(1, 5, 2, 3, 0, 4)",294
227,False,0.7162460008135827,2.709913609820773,"(1, 5, 2, 4, 3, 0)",295
63,False,0.7162460008135829,2.709913609820773,"(0, 3, 4, 2, 5, 1)",296
292,False,0.7332320058157157,2.709949025669611,"(2, 3, 0, 5, 1, 4)",297
316,False,0.7310981796057047,2.7102345325123074,"(2, 4, 0, 5, 1, 3)",298
225,False,0.7174708802676407,2.7110204417703363,"(1, 5, 2, 3, 4, 0)",299
87,False,0.717470880267641,2.711020441770337,"(0, 4, 3, 2, 5, 1)",300
172,False,0.7254075499574069,2.7112677442839273,"(1, 3, 0, 5, 2, 4)",301
107,False,0.7177277393296284,2.711316783504207,"(0, 5, 2, 4, 3, 1)",302
183,False,0.7177277393296283,2.711316783504207,"(1, 3, 4, 2, 5, 0)",303
196,False,0.7249648322105411,2.7116205078887985,"(1, 4, 0, 5, 2, 3)",304
207,False,0.7187118462192661,2.712467659353555,"(1, 4, 3, 2, 5, 0)",305
105,False,0.7187118462192664,2.7124676593535555,"(0, 5, 2, 3, 4, 1)",306
228,False,0.7335640716220686,2.7125973247793937,"(1, 5, 3, 0, 2, 4)",307
293,False,0.7325532666362822,2.7130786530335884,"(2, 3, 0, 5, 4, 1)",308
211,False,0.7325532666362828,2.7130786530335897,"(1, 4, 5, 0, 3, 2)",309
55,False,0.7329845195337304,2.7134839933531856,"(0, 3, 2, 1, 5, 4)",310
317,False,0.7359604838479561,2.7143467097210596,"(2, 4, 0, 5, 3, 1)",311
187,False,0.7359604838479566,2.714346709721061,"(1, 3, 5, 0, 4, 2)",312
175,False,0.7339697985787247,2.7154688916402496,"(1, 3, 2, 0, 5, 4)",313
79,False,0.7323668365784044,2.7164653166069055,"(0, 4, 2, 1, 5, 3)",314
160,False,0.7351477981484991,2.716877143965026,"(1, 2, 4, 5, 0, 3)",315
154,False,0.7359021688782109,2.717549111421243,"(1, 2, 3, 5, 0, 4)",316
199,False,0.7350456862846777,2.718600385241385,"(1, 4, 2, 0, 5, 3)",317
95,False,0.7253245634979771,2.7187314880768887,"(0, 4, 5, 3, 2, 1)",318
155,False,0.7253245634979771,2.7187314880768887,"(1, 2, 3, 5, 4, 0)",319
71,False,0.7258472534990075,2.7190420704654463,"(0, 3, 5, 4, 2, 1)",320
161,False,0.7258472534990074,2.7190420704654468,"(1, 2, 4, 5, 3, 0)",321
40,False,0.7350953285999812,2.719686673465192,"(0, 2, 4, 5, 1, 3)",322
34,False,0.7349904015203308,2.720508811268824,"(0, 2, 3, 5, 1, 4)",323
215,False,0.7274359789253526,2.723638438632801,"(1, 4, 5, 3, 2, 0)",324
35,False,0.7274359789253529,2.7236384386328014,"(0, 2, 3, 5, 4, 1)",325
191,False,0.7274277195834865,2.723798850673944,"(1, 3, 5, 4, 2, 0)",326
41,False,0.7274277195834868,2.7237988506739446,"(0, 2, 4, 5, 3, 1)",327
116,False,0.7490250807780297,2.754110706278524,"(0, 5, 4, 2, 1, 3)",328
90,False,0.749703589869572,2.754710870485403,"(0, 4, 5, 1, 2, 3)",329
66,False,0.7495616288305295,2.757111647365064,"(0, 3, 5, 1, 2, 4)",330
110,False,0.7505481518212792,2.7576615463107697,"(0, 5, 3, 2, 1, 4)",331
236,False,0.7488396726237526,2.7577374165864286,"(1, 5, 4, 2, 0, 3)",332
177,False,0.7425210138518696,2.7582228834872757,"(1, 3, 2, 4, 5, 0)",333
117,False,0.7425210138518701,2.7582228834872766,"(0, 5, 4, 2, 3, 1)",334
57,False,0.7439910937134129,2.7599023430868495,"(0, 3, 2, 4, 5, 1)",335
237,False,0.7439910937134128,2.7599023430868495,"(1, 5, 4, 2, 3, 0)",336
210,False,0.7505044987617543,2.76002310625976,"(1, 4, 5, 0, 2, 3)",337
111,False,0.7421580695187094,2.7607911736747464,"(0, 5, 3, 2, 4, 1)",338
201,False,0.7421580695187093,2.7607911736747464,"(1, 4, 2, 3, 5, 0)",339
230,False,0.7505479205922682,2.7611380862712593,"(1, 5, 3, 2, 0, 4)",340
186,False,0.7507612649224257,2.7622737127920076,"(1, 3, 5, 0, 2, 4)",341
231,False,0.7457705336899503,2.762320462926905,"(1, 5, 3, 2, 4, 0)",342
81,False,0.7457705336899505,2.7623204629269056,"(0, 4, 2, 3, 5, 1)",343
92,False,0.7713829514680935,2.80493173904652,"(0, 4, 5, 2, 1, 3)",344
68,False,0.7701365003778223,2.807375747129202,"(0, 3, 5, 2, 1, 4)",345
58,False,0.7716468909576079,2.8075999795848348,"(0, 3, 2, 5, 1, 4)",346
178,False,0.7739469925289739,2.8078615395996267,"(1, 3, 2, 5, 0, 4)",347
82,False,0.7739355201543252,2.807884673730766,"(0, 4, 2, 5, 1, 3)",348
202,False,0.7717079664907588,2.8083404479927583,"(1, 4, 2, 5, 0, 3)",349
212,False,0.7707434676191637,2.8085646804483906,"(1, 4, 5, 2, 0, 3)",350
179,False,0.7664353577394243,2.8090439162552725,"(1, 3, 2, 5, 4, 0)",351
93,False,0.7664353577394246,2.8090439162552734,"(0, 4, 5, 2, 3, 1)",352
69,False,0.767739767197123,2.8105053744931796,"(0, 3, 5, 2, 4, 1)",353
203,False,0.7677397671971228,2.8105053744931796,"(1, 4, 2, 5, 3, 0)",354
213,False,0.7646484296076735,2.8107296069488115,"(1, 4, 5, 2, 3, 0)",355
59,False,0.7646484296076739,2.8107296069488124,"(0, 3, 2, 5, 4, 1)",356
188,False,0.7741611962497112,2.810814474283873,"(1, 3, 5, 2, 0, 4)",357
189,False,0.7671224448464817,2.811996850939518,"(1, 3, 5, 2, 4, 0)",358
83,False,0.7671224448464821,2.811996850939519,"(0, 4, 2, 5, 3, 1)",359
