,is_well_nested,ms,ee,perm,i
147,False,0.5259566484648528,2.2632709920429495,"(1, 2, 0, 4, 5, 3)",0
27,False,0.5247203986804947,2.2633022489291923,"(0, 2, 1, 4, 5, 3)",1
145,False,0.5285068412845269,2.2634773930549663,"(1, 2, 0, 3, 5, 4)",2
25,False,0.5284903020594649,2.263508649941209,"(0, 2, 1, 3, 5, 4)",3
148,False,0.5380554033678893,2.278272646956764,"(1, 2, 0, 5, 3, 4)",4
28,False,0.5372394537024512,2.278303903843006,"(0, 2, 1, 5, 3, 4)",5
146,False,0.5314074573900427,2.2785004401597337,"(1, 2, 0, 4, 3, 5)",6
26,False,0.5316063001468512,2.2785316970459775,"(0, 2, 1, 4, 3, 5)",7
149,False,0.5374316957113172,2.289144297273088,"(1, 2, 0, 5, 4, 3)",8
29,False,0.5399720080502906,2.2891755541593315,"(0, 2, 1, 5, 4, 3)",9
144,False,0.5366813555970541,2.2895784914880752,"(1, 2, 0, 3, 4, 5)",10
24,False,0.5350220219902873,2.289609748374318,"(0, 2, 1, 3, 4, 5)",11
123,False,0.5400910430652657,2.289779595861093,"(1, 0, 2, 4, 5, 3)",12
121,False,0.5448574196059697,2.2899859968731104,"(1, 0, 2, 3, 5, 4)",13
243,False,0.5359594048272747,2.2902580666914094,"(2, 0, 1, 4, 5, 3)",14
241,False,0.5380393940846766,2.2904644677034263,"(2, 0, 1, 3, 5, 4)",15
3,False,0.5409066448508534,2.291374255218611,"(0, 1, 2, 4, 5, 3)",16
1,False,0.5423054659037886,2.2915806562306282,"(0, 1, 2, 3, 5, 4)",17
267,False,0.5347231437999739,2.2918214691626835,"(2, 1, 0, 4, 5, 3)",18
265,False,0.5380105341821592,2.2920278701747008,"(2, 1, 0, 3, 5, 4)",19
124,True,0.5498906309163588,2.3047812507749086,"(1, 0, 2, 5, 3, 4)",20
122,True,0.5442111111205344,2.3050090439778783,"(1, 0, 2, 4, 3, 5)",21
244,True,0.5443269490467391,2.305259721605224,"(2, 0, 1, 5, 3, 4)",22
242,True,0.5396300192130677,2.3054875148081946,"(2, 0, 1, 4, 3, 5)",23
4,True,0.5509967732006944,2.3063759101324255,"(0, 1, 2, 5, 3, 4)",24
2,True,0.5447677550190619,2.306603703335396,"(0, 1, 2, 4, 3, 5)",25
268,True,0.5455009600891327,2.306823124076498,"(2, 1, 0, 5, 3, 4)",26
266,True,0.5414436030467907,2.307050917279468,"(2, 1, 0, 4, 3, 5)",27
125,True,0.5525637065834708,2.315652901091233,"(1, 0, 2, 5, 4, 3)",28
120,True,0.5497961441863638,2.3160870953062194,"(1, 0, 2, 3, 4, 5)",29
245,True,0.5472760628565582,2.3161313719215486,"(2, 0, 1, 5, 4, 3)",30
240,True,0.5455299152227775,2.3165655661365356,"(2, 0, 1, 3, 4, 5)",31
5,True,0.5520809380459187,2.3172475604487497,"(0, 1, 2, 5, 4, 3)",32
0,True,0.5505099451929374,2.317681754663737,"(0, 1, 2, 3, 4, 5)",33
269,True,0.5484718864568354,2.3176947743928227,"(2, 1, 0, 5, 4, 3)",34
264,True,0.5460800344050674,2.31812896860781,"(2, 1, 0, 3, 4, 5)",35
37,False,0.5814958177202669,2.4035933896540707,"(0, 2, 4, 1, 5, 3)",36
157,False,0.5832538546630619,2.4051429430077436,"(1, 2, 4, 0, 5, 3)",37
31,False,0.5912696829185923,2.4148716082581725,"(0, 2, 3, 1, 5, 4)",38
151,False,0.5916141252612334,2.416407093294307,"(1, 2, 3, 0, 5, 4)",39
36,False,0.5886439827682926,2.4188228377708563,"(0, 2, 4, 1, 3, 5)",40
156,False,0.588110367025578,2.4203723911245283,"(1, 2, 4, 0, 3, 5)",41
253,False,0.5919642790949222,2.4305492074162887,"(2, 0, 4, 1, 5, 3)",42
277,False,0.5920940654132423,2.433693420127479,"(2, 1, 4, 0, 5, 3)",43
30,False,0.5981707133965648,2.440972706691282,"(0, 2, 3, 1, 4, 5)",44
247,False,0.5991515493521223,2.4418274260203905,"(2, 0, 3, 1, 5, 4)",45
150,False,0.5985260930382128,2.442508191727416,"(1, 2, 3, 0, 4, 5)",46
42,False,0.605366251397949,2.4444644277319383,"(0, 2, 5, 1, 3, 4)",47
271,False,0.5997123670510853,2.4449575704140427,"(2, 1, 3, 0, 5, 4)",48
252,False,0.5955857364635009,2.445778655533074,"(2, 0, 4, 1, 3, 5)",49
162,False,0.6077732255293546,2.4460091703739972,"(1, 2, 5, 0, 3, 4)",50
276,False,0.5976287946377982,2.4489228682442636,"(2, 1, 4, 0, 3, 5)",51
43,False,0.6085476474809386,2.455336078048263,"(0, 2, 5, 1, 4, 3)",52
163,False,0.6075984028157472,2.456880820690321,"(1, 2, 5, 0, 4, 3)",53
133,False,0.6080409113482487,2.458194404948107,"(1, 0, 4, 2, 5, 3)",54
13,False,0.6104037985988219,2.4597890643056246,"(0, 1, 4, 2, 5, 3)",55
246,False,0.6070633418526417,2.467928524453499,"(2, 0, 3, 1, 4, 5)",56
127,False,0.6194371787054369,2.4694650292650797,"(1, 0, 3, 2, 5, 4)",57
270,False,0.60809556215728,2.4710586688471508,"(2, 1, 3, 0, 4, 5)",58
7,False,0.6183881293519435,2.4710596886225975,"(0, 1, 3, 2, 5, 4)",59
258,False,0.6126026803282766,2.471420245494156,"(2, 0, 5, 1, 3, 4)",60
191,False,0.6036592836330708,2.4725486308577858,"(1, 3, 5, 4, 2, 0)",61
41,False,0.603659283633071,2.472548630857786,"(0, 2, 4, 5, 3, 1)",62
215,False,0.6060610311350974,2.472618733767625,"(1, 4, 5, 3, 2, 0)",63
35,False,0.6060610311350975,2.472618733767625,"(0, 2, 3, 5, 4, 1)",64
132,False,0.6134551729551723,2.473423853064892,"(1, 0, 4, 2, 3, 5)",65
34,False,0.6130788137045111,2.4736270581808704,"(0, 2, 3, 5, 1, 4)",66
199,False,0.6122453602430936,2.4742683939190337,"(1, 4, 2, 0, 5, 3)",67
282,False,0.6148195508726224,2.4745596474937326,"(2, 1, 5, 0, 3, 4)",68
12,False,0.6140484359520969,2.4750185124224098,"(0, 1, 4, 2, 3, 5)",69
79,False,0.6125104543531592,2.475835853630856,"(0, 4, 2, 1, 5, 3)",70
154,False,0.6136784415248575,2.476716153811225,"(1, 2, 3, 5, 0, 4)",71
161,False,0.6070554184486863,2.4772829615546956,"(1, 2, 4, 5, 3, 0)",72
71,False,0.6070554184486867,2.477282961554696,"(0, 3, 5, 4, 2, 1)",73
95,False,0.607270934906163,2.4773024887554973,"(0, 4, 5, 3, 2, 1)",74
155,False,0.6072709349061628,2.4773024887554973,"(1, 2, 3, 5, 4, 0)",75
259,False,0.6158102567618505,2.48229189581048,"(2, 0, 5, 1, 4, 3)",76
40,False,0.6143073428225337,2.484428605587355,"(0, 2, 4, 5, 1, 3)",77
283,False,0.6187385978274154,2.485431297810057,"(2, 1, 5, 0, 4, 3)",78
45,False,0.6122763517375366,2.4874162993395936,"(0, 2, 5, 3, 4, 1)",79
209,False,0.6122763517375366,2.4874162993395936,"(1, 4, 3, 5, 2, 0)",80
233,False,0.6105323336722,2.4874952345077834,"(1, 5, 3, 4, 2, 0)",81
39,False,0.6105323336722002,2.487495234507784,"(0, 2, 4, 3, 5, 1)",82
160,False,0.6164063856180727,2.487568276926747,"(1, 2, 4, 5, 0, 3)",83
44,False,0.6193061885061555,2.4884246237528385,"(0, 2, 5, 3, 1, 4)",84
198,False,0.6164519930027479,2.4894978420358194,"(1, 4, 2, 0, 3, 5)",85
78,False,0.6166419317380782,2.49106530174764,"(0, 4, 2, 1, 3, 5)",86
164,False,0.619917448089796,2.491522976989117,"(1, 2, 5, 3, 0, 4)",87
165,False,0.6144555627536532,2.4921093119333895,"(1, 2, 5, 3, 4, 0)",88
89,False,0.6144555627536537,2.4921093119333904,"(0, 4, 3, 5, 2, 1)",89
113,False,0.6124504657668297,2.4922206781045615,"(0, 5, 3, 4, 2, 1)",90
159,False,0.6124504657668295,2.4922206781045615,"(1, 2, 4, 3, 5, 0)",91
126,False,0.6245285465121402,2.495566127698189,"(1, 0, 3, 2, 4, 5)",92
175,False,0.6218074909351153,2.496534258887842,"(1, 3, 2, 0, 5, 4)",93
6,False,0.6267749368251183,2.497160787055707,"(0, 1, 3, 2, 4, 5)",94
55,False,0.6239799924050147,2.4981522943087016,"(0, 3, 2, 1, 5, 4)",95
185,False,0.6161016054905456,2.498418014021839,"(1, 3, 4, 5, 2, 0)",96
47,False,0.6161016054905458,2.498418014021839,"(0, 2, 5, 4, 3, 1)",97
239,False,0.6149328660373596,2.4985670520998666,"(1, 5, 4, 3, 2, 0)",98
33,False,0.6149328660373599,2.498567052099867,"(0, 2, 3, 4, 5, 1)",99
138,False,0.6314845975817077,2.4990587775016753,"(1, 0, 5, 2, 3, 4)",100
190,False,0.6105764387676096,2.4995044486200033,"(1, 3, 5, 4, 0, 2)",101
257,False,0.61057643876761,2.4995044486200038,"(2, 0, 4, 5, 3, 1)",102
214,False,0.6114004629369937,2.499574551529842,"(1, 4, 5, 3, 0, 2)",103
251,False,0.6114004629369939,2.4995745515298426,"(2, 0, 3, 5, 4, 1)",104
250,False,0.6207071783904333,2.5005828759430875,"(2, 0, 3, 5, 1, 4)",105
18,False,0.6326846277275741,2.500653436859193,"(0, 1, 5, 2, 3, 4)",106
193,False,0.6237231080278011,2.500811252041253,"(1, 4, 0, 2, 5, 3)",107
167,False,0.6176789247480777,2.503147534007134,"(1, 2, 5, 4, 3, 0)",108
65,False,0.6176789247480781,2.5031475340071347,"(0, 3, 4, 5, 2, 1)",109
119,False,0.618171887890761,2.503278427379107,"(0, 5, 4, 3, 2, 1)",110
153,False,0.618171887890761,2.5032784273791076,"(1, 2, 3, 4, 5, 0)",111
73,False,0.6237771419567858,2.5039595219929907,"(0, 4, 1, 2, 5, 3)",112
274,False,0.622565517832649,2.5052666309309592,"(2, 1, 3, 5, 0, 4)",113
70,False,0.6125391916272281,2.505833438674431,"(0, 3, 5, 4, 1, 2)",114
281,False,0.6125391916272281,2.505833438674431,"(2, 1, 4, 5, 3, 0)",115
94,False,0.6144038261557202,2.505852965875232,"(0, 4, 5, 3, 1, 2)",116
275,False,0.6144038261557203,2.5058529658752327,"(2, 1, 3, 5, 4, 0)",117
139,False,0.6341814347759313,2.5099304278179995,"(1, 0, 5, 2, 4, 3)",118
46,False,0.6263338887849402,2.5102979887514074,"(0, 2, 5, 4, 1, 3)",119
256,False,0.6219803184375677,2.511384423349573,"(2, 0, 4, 5, 1, 3)",120
19,False,0.6336050700958498,2.511525087175517,"(0, 1, 5, 2, 4, 3)",121
166,False,0.628090936299925,2.5134328493791855,"(1, 2, 5, 4, 0, 3)",122
208,False,0.6196359796857711,2.5143721171018107,"(1, 4, 3, 5, 0, 2)",123
261,False,0.6196359796857712,2.5143721171018107,"(2, 0, 5, 3, 4, 1)",124
232,False,0.6167085871216573,2.5144510522700005,"(1, 5, 3, 4, 0, 2)",125
255,False,0.6167085871216578,2.514451052270001,"(2, 0, 4, 3, 5, 1)",126
38,False,0.6233415572113393,2.5146046573541367,"(0, 2, 4, 3, 1, 5)",127
260,False,0.6277483887745999,2.515380441515056,"(2, 0, 5, 3, 1, 4)",128
192,False,0.6289310563403923,2.5160407001580376,"(1, 4, 0, 2, 3, 5)",129
280,False,0.6239737310833952,2.516118754046482,"(2, 1, 4, 5, 0, 3)",130
158,False,0.6255023006668285,2.5177354415933975,"(1, 2, 4, 3, 0, 5)",131
72,False,0.6289234961423874,2.5191889701097754,"(0, 4, 1, 2, 3, 5)",132
284,False,0.6298638844102753,2.5200734541088523,"(2, 1, 5, 3, 0, 4)",133
285,False,0.621740362503706,2.5206597890531253,"(2, 1, 5, 3, 4, 0)",134
88,False,0.621740362503706,2.5206597890531253,"(0, 4, 3, 5, 1, 2)",135
112,False,0.61966875030443,2.5207711552242964,"(0, 5, 3, 4, 1, 2)",136
279,False,0.61966875030443,2.5207711552242964,"(2, 1, 4, 3, 5, 0)",137
174,False,0.6297127877021264,2.5226353573209517,"(1, 3, 2, 0, 4, 5)",138
169,False,0.6346246391842056,2.5230835910404705,"(1, 3, 0, 2, 5, 4)",139
54,False,0.6299164232179687,2.5242533927418105,"(0, 3, 2, 1, 4, 5)",140
184,False,0.6225630056397383,2.5253738317840555,"(1, 3, 4, 5, 0, 2)",141
263,False,0.6225630056397387,2.525373831784056,"(2, 0, 5, 4, 3, 1)",142
238,False,0.6215505004424796,2.525522869862084,"(1, 5, 4, 3, 0, 2)",143
249,False,0.62155050044248,2.525522869862085,"(2, 0, 3, 4, 5, 1)",144
32,False,0.6298533346986049,2.525676474946221,"(0, 2, 3, 4, 1, 5)",145
49,False,0.6357106013770211,2.5262683683837075,"(0, 3, 1, 2, 5, 4)",146
152,False,0.6319125530932098,2.5287931908679435,"(1, 2, 3, 4, 0, 5)",147
313,False,0.6284313839709086,2.5294784781828055,"(2, 4, 0, 1, 5, 3)",148
319,False,0.6300022102829476,2.531059288422721,"(2, 4, 1, 0, 5, 3)",149
64,False,0.6260356177236431,2.5316980111268697,"(0, 3, 4, 5, 1, 2)",150
287,False,0.6260356177236431,2.53169801112687,"(2, 1, 5, 4, 3, 0)",151
118,False,0.6242204857271293,2.531828904498843,"(0, 5, 4, 3, 1, 2)",152
273,False,0.6242204857271293,2.531828904498843,"(2, 1, 3, 4, 5, 0)",153
262,False,0.6333882406832986,2.5372538065136245,"(2, 0, 5, 4, 1, 3)",154
222,False,0.64245265259628,2.54108293961753,"(1, 5, 2, 0, 3, 4)",155
254,False,0.6323118000357075,2.541560475116354,"(2, 0, 4, 3, 1, 5)",156
286,False,0.6375749849506154,2.5419833264989213,"(2, 1, 5, 4, 0, 3)",157
102,False,0.6422594294337444,2.5426828303323337,"(0, 5, 2, 1, 3, 4)",158
188,False,0.6397604694826055,2.544204759890298,"(1, 3, 5, 2, 0, 4)",159
312,False,0.6347682305698512,2.5447079262995898,"(2, 4, 0, 1, 3, 5)",160
189,False,0.6375392912266369,2.5447910948345704,"(1, 3, 5, 2, 4, 0)",161
83,False,0.6375392912266373,2.5447910948345713,"(0, 4, 2, 5, 3, 1)",162
278,False,0.6344999698162068,2.546285918713133,"(2, 1, 4, 3, 0, 5)",163
318,False,0.6342425383386991,2.546288736539506,"(2, 4, 1, 0, 3, 5)",164
203,False,0.6391143661104218,2.546408412465986,"(1, 4, 2, 5, 3, 0)",165
69,False,0.6391143661104222,2.5464084124659863,"(0, 3, 5, 2, 4, 1)",166
68,False,0.6417599070430792,2.5474167368792306,"(0, 3, 5, 2, 1, 4)",167
168,False,0.6420897425242316,2.549184689473579,"(1, 3, 0, 2, 4, 5)",168
289,False,0.6415367811553156,2.5517698067561514,"(2, 3, 0, 1, 5, 4)",169
223,False,0.6455430865613431,2.5519545899338536,"(1, 5, 2, 0, 4, 3)",170
48,False,0.6436746533653759,2.552369466816817,"(0, 3, 1, 2, 4, 5)",171
248,False,0.6377248435165989,2.552632292708438,"(2, 0, 3, 4, 1, 5)",172
295,False,0.6427544763023836,2.553336548678529,"(2, 3, 1, 0, 5, 4)",173
103,False,0.645480867999551,2.553554480648658,"(0, 5, 2, 1, 4, 3)",174
59,False,0.6447338020270198,2.5558994198181546,"(0, 3, 2, 5, 4, 1)",175
213,False,0.6447338020270198,2.5558994198181546,"(1, 4, 5, 2, 3, 0)",176
130,False,0.6485656272253544,2.556460896571729,"(1, 0, 3, 5, 2, 4)",177
82,False,0.6410942054792484,2.55667106956414,"(0, 4, 2, 5, 1, 3)",178
202,False,0.6434421485025545,2.556693727838037,"(1, 4, 2, 5, 0, 3)",179
178,False,0.6450470991692278,2.5568433194047593,"(1, 3, 2, 5, 0, 4)",180
58,False,0.6468055472412424,2.5569077442314,"(0, 3, 2, 5, 1, 4)",181
272,False,0.6394925813222657,2.5573436679876784,"(2, 1, 3, 4, 0, 5)",182
179,False,0.644506208584912,2.5574296543490322,"(1, 3, 2, 5, 4, 0)",183
93,False,0.6445062085849123,2.5574296543490327,"(0, 4, 5, 2, 3, 1)",184
10,False,0.6500888245892394,2.558055555929246,"(0, 1, 3, 5, 2, 4)",185
230,False,0.6470520405320638,2.559151363540295,"(1, 5, 3, 2, 0, 4)",186
231,False,0.6422434426215639,2.5597376984845677,"(1, 5, 3, 2, 4, 0)",187
81,False,0.6422434426215642,2.559737698484568,"(0, 4, 2, 3, 5, 1)",188
201,False,0.6436114393681267,2.5613461290158517,"(1, 4, 2, 3, 5, 0)",189
111,False,0.6436114393681268,2.5613461290158517,"(0, 5, 3, 2, 4, 1)",190
110,False,0.6468476528603786,2.562354453429096,"(0, 5, 3, 2, 1, 4)",191
212,False,0.6487826448935434,2.5661847351902063,"(1, 4, 5, 2, 0, 3)",192
136,False,0.6511514660858303,2.567281433552342,"(1, 0, 4, 5, 2, 3)",193
216,False,0.6552432829683298,2.5676239429270624,"(1, 5, 0, 2, 3, 4)",194
16,False,0.6521673244381658,2.5688760929098597,"(0, 1, 4, 5, 2, 3)",195
92,False,0.6491050260821127,2.5693096290786004,"(0, 4, 5, 2, 1, 3)",196
96,False,0.6566350471904586,2.5707998331701685,"(0, 5, 1, 2, 3, 4)",197
186,False,0.6512354561691496,2.5708915666800296,"(1, 3, 5, 0, 2, 4)",198
140,False,0.6558947057800846,2.571259390906526,"(1, 0, 5, 3, 2, 4)",199
20,False,0.6557581481523432,2.5728540502640436,"(0, 1, 5, 3, 2, 4)",200
66,False,0.6517381533163045,2.5756571542631823,"(0, 3, 5, 1, 2, 4)",201
288,False,0.648903431132229,2.5778709051892603,"(2, 3, 0, 1, 4, 5)",202
217,False,0.6568724817702848,2.5784955932433866,"(1, 5, 0, 2, 4, 3)",203
294,False,0.6488294449509336,2.5794376471116376,"(2, 3, 1, 0, 4, 5)",204
97,False,0.6586302475587237,2.5816714834864922,"(0, 5, 1, 2, 4, 3)",205
237,False,0.6529783303828687,2.5818477381503966,"(1, 5, 4, 2, 3, 0)",206
57,False,0.6529783303828689,2.5818477381503966,"(0, 3, 2, 4, 5, 1)",207
117,False,0.6545462181805023,2.5834055929726425,"(0, 5, 4, 2, 3, 1)",208
177,False,0.6545462181805023,2.5834055929726425,"(1, 3, 2, 4, 5, 0)",209
137,False,0.6481678438050464,2.5839519359425074,"(1, 0, 4, 5, 3, 2)",210
310,False,0.6481678438050467,2.583951935942508,"(2, 3, 5, 4, 0, 1)",211
131,False,0.6491048144931602,2.584003049278219,"(1, 0, 3, 5, 4, 2)",212
334,False,0.6491048144931606,2.5840030492782198,"(2, 4, 5, 3, 0, 1)",213
311,False,0.6487432145173917,2.585546595300026,"(2, 3, 5, 4, 1, 0)",214
17,False,0.6487432145173917,2.585546595300026,"(0, 1, 4, 5, 3, 2)",215
11,False,0.6496174229508889,2.5855977086357367,"(0, 1, 3, 5, 4, 2)",216
335,False,0.6496174229508891,2.585597708635737,"(2, 4, 5, 3, 1, 0)",217
207,False,0.6566858731965441,2.585634701939989,"(1, 4, 3, 2, 5, 0)",218
105,False,0.6566858731965444,2.5856347019399895,"(0, 5, 2, 3, 4, 1)",219
228,False,0.6545212378805564,2.5858381703300264,"(1, 5, 3, 0, 2, 4)",220
224,False,0.6602461074042171,2.586596746232649,"(1, 5, 2, 3, 0, 4)",221
104,False,0.6593652046764089,2.5866430263532334,"(0, 5, 2, 3, 1, 4)",222
80,False,0.6546020490692249,2.586847121330921,"(0, 4, 2, 3, 1, 5)",223
200,False,0.653976404298773,2.5868608925046876,"(1, 4, 2, 3, 0, 5)",224
225,False,0.6564272770710236,2.5871830811769225,"(1, 5, 2, 3, 4, 0)",225
87,False,0.656427277071024,2.587183081176923,"(0, 4, 3, 2, 5, 1)",226
108,False,0.656728989088673,2.5905948708130477,"(0, 5, 3, 1, 2, 4)",227
236,False,0.6574738585583851,2.5921330535224474,"(1, 5, 4, 2, 0, 3)",228
210,False,0.6576831330637501,2.5928464298754372,"(1, 4, 5, 0, 2, 3)",229
142,False,0.6645295693353722,2.593144151192095,"(1, 0, 5, 4, 2, 3)",230
22,False,0.6648512011904696,2.5947388105496128,"(0, 1, 5, 4, 2, 3)",231
116,False,0.6600272058038584,2.595285567702211,"(0, 5, 4, 2, 1, 3)",232
336,False,0.6623965884600643,2.5962602317176326,"(2, 5, 0, 1, 3, 4)",233
107,False,0.6601266516562956,2.5966364166222338,"(0, 5, 2, 4, 3, 1)",234
183,False,0.6601266516562955,2.5966364166222338,"(1, 3, 4, 2, 5, 0)",235
134,False,0.6614832244662497,2.5974084871568417,"(1, 0, 4, 3, 2, 5)",236
90,False,0.661065058598935,2.5975614417495523,"(0, 4, 5, 1, 2, 3)",237
342,False,0.6636803335710206,2.5978362312459344,"(2, 5, 1, 0, 3, 4)",238
227,False,0.6610594699408033,2.5982213032506674,"(1, 5, 2, 4, 3, 0)",239
63,False,0.6610594699408036,2.598221303250668,"(0, 3, 4, 2, 5, 1)",240
187,False,0.6538803602579177,2.5984337193865192,"(1, 3, 5, 0, 4, 2)",241
317,False,0.6538803602579181,2.59843371938652,"(2, 4, 0, 5, 3, 1)",242
141,False,0.6571781159569281,2.5988015436130163,"(1, 0, 5, 3, 4, 2)",243
328,False,0.6571781159569283,2.5988015436130167,"(2, 4, 3, 5, 0, 1)",244
135,False,0.6548298007766438,2.598849541430222,"(1, 0, 4, 3, 5, 2)",245
352,False,0.6548298007766441,2.598849541430223,"(2, 5, 3, 4, 0, 1)",246
14,False,0.6631705765669317,2.5990031465143595,"(0, 1, 4, 3, 2, 5)",247
21,False,0.6573365411084027,2.6003962029705336,"(0, 1, 5, 3, 4, 2)",248
329,False,0.6573365411084027,2.600396202970534,"(2, 4, 3, 5, 1, 0)",249
15,False,0.6550750430537597,2.6004442007877406,"(0, 1, 4, 3, 5, 2)",250
353,False,0.6550750430537599,2.600444200787741,"(2, 5, 3, 4, 1, 0)",251
67,False,0.6553419245923192,2.6031993069696724,"(0, 3, 5, 1, 4, 2)",252
323,False,0.6553419245923193,2.603199306969673,"(2, 4, 1, 5, 3, 0)",253
337,False,0.6652149915598472,2.607131882033956,"(2, 5, 0, 1, 4, 3)",254
128,False,0.669010577255498,2.6084727104617973,"(1, 0, 3, 4, 2, 5)",255
226,False,0.6620865632584382,2.6085066186227177,"(1, 5, 2, 4, 0, 3)",256
106,False,0.667003434551176,2.608516391351803,"(0, 5, 2, 4, 1, 3)",257
343,False,0.6647981773192754,2.6087078815622586,"(2, 5, 1, 0, 4, 3)",258
176,False,0.6629757320647347,2.6089203564614785,"(1, 3, 2, 4, 0, 5)",259
56,False,0.6606204312581044,2.60895716099675,"(0, 3, 2, 4, 1, 5)",260
293,False,0.6605402595365123,2.6095169322656036,"(2, 3, 0, 5, 4, 1)",261
211,False,0.6605402595365121,2.6095169322656036,"(1, 4, 5, 0, 3, 2)",262
143,False,0.6617517844514038,2.6098146535822604,"(1, 0, 5, 4, 3, 2)",263
304,False,0.6617517844514041,2.6098146535822613,"(2, 3, 4, 5, 0, 1)",264
196,False,0.6652773710326648,2.6098982806454876,"(1, 4, 0, 5, 2, 3)",265
129,False,0.6602588559291054,2.609913764735178,"(1, 0, 3, 4, 5, 2)",266
358,False,0.6602588559291057,2.609913764735179,"(2, 5, 4, 3, 0, 1)",267
8,False,0.6690000402201163,2.6100673698193146,"(0, 1, 3, 4, 2, 5)",268
172,False,0.6704178033552948,2.610079458347119,"(1, 3, 0, 5, 2, 4)",269
316,False,0.6628015359712158,2.6103136941160887,"(2, 4, 0, 5, 1, 3)",270
292,False,0.6646978849221258,2.610525256678849,"(2, 3, 0, 5, 1, 4)",271
206,False,0.6663443191406583,2.6111494654288245,"(1, 4, 3, 2, 0, 5)",272
23,False,0.6618078131139251,2.6114093129397786,"(0, 1, 5, 4, 3, 2)",273
305,False,0.6618078131139252,2.611409312939779,"(2, 3, 4, 5, 1, 0)",274
9,False,0.6608640238267047,2.611508424092696,"(0, 1, 3, 4, 5, 2)",275
359,False,0.660864023826705,2.6115084240926962,"(2, 5, 4, 3, 1, 0)",276
76,False,0.66938866520013,2.6130465505972253,"(0, 4, 1, 5, 2, 3)",277
52,False,0.6686127554096823,2.613264235690357,"(0, 3, 1, 5, 2, 4)",278
229,False,0.6602542414657158,2.613380323036516,"(1, 5, 3, 0, 4, 2)",279
315,False,0.6602542414657162,2.613380323036517,"(2, 4, 0, 3, 5, 1)",280
322,False,0.6612734621498355,2.613484622341724,"(2, 4, 1, 5, 0, 3)",281
298,False,0.6655800137669342,2.6136456091954465,"(2, 3, 1, 5, 0, 4)",282
91,False,0.6623407915993301,2.614231944139719,"(0, 4, 5, 1, 3, 2)",283
299,False,0.6623407915993303,2.6142319441397195,"(2, 3, 1, 5, 4, 0)",284
86,False,0.6689393090485614,2.614292504023276,"(0, 4, 3, 2, 1, 5)",285
109,False,0.6626380834691642,2.6181370235195383,"(0, 5, 3, 1, 4, 2)",286
321,False,0.6626380834691642,2.6181370235195383,"(2, 4, 1, 3, 5, 0)",287
234,False,0.6674451429435694,2.6187947482076797,"(1, 5, 4, 0, 2, 3)",288
182,False,0.6705018559557296,2.6221511801110693,"(1, 3, 4, 2, 0, 5)",289
114,False,0.6686010088124906,2.6235373803731625,"(0, 5, 4, 1, 2, 3)",290
62,False,0.671579703435492,2.6253307260970207,"(0, 3, 4, 2, 1, 5)",291
197,False,0.6668537803542843,2.626568783035653,"(1, 4, 0, 5, 3, 2)",292
307,False,0.6668537803542846,2.6265687830356534,"(2, 3, 5, 0, 4, 1)",293
306,False,0.672598924278927,2.6275771074488987,"(2, 3, 5, 0, 1, 4)",294
308,False,0.6734411412640972,2.629130718043119,"(2, 3, 5, 1, 0, 4)",295
77,False,0.6685755039415273,2.6297170529873917,"(0, 4, 1, 5, 3, 2)",296
309,False,0.6685755039415273,2.6297170529873917,"(2, 3, 5, 1, 4, 0)",297
235,False,0.6700667275327404,2.635465250597845,"(1, 5, 4, 0, 3, 2)",298
291,False,0.6700667275327408,2.6354652505978455,"(2, 3, 0, 4, 5, 1)",299
173,False,0.6724863191213473,2.6376216110536093,"(1, 3, 0, 5, 4, 2)",300
331,False,0.6724863191213476,2.6376216110536097,"(2, 4, 5, 0, 3, 1)",301
204,False,0.6756446145613892,2.6377710490519046,"(1, 4, 3, 0, 2, 5)",302
205,False,0.6743173413367313,2.6392121033252867,"(1, 4, 3, 0, 5, 2)",303
339,False,0.6743173413367314,2.6392121033252867,"(2, 5, 0, 3, 4, 1)",304
218,False,0.6805780494041259,2.639824556331914,"(1, 5, 0, 3, 2, 4)",305
194,False,0.676028827728814,2.6400253342499864,"(1, 4, 0, 3, 2, 5)",306
115,False,0.6716438015512232,2.6402078827633293,"(0, 5, 4, 1, 3, 2)",307
297,False,0.6716438015512233,2.6402078827633297,"(2, 3, 1, 4, 5, 0)",308
338,False,0.6764197206063467,2.6402204277385315,"(2, 5, 0, 3, 1, 4)",309
314,False,0.6716419879831033,2.6404897458828707,"(2, 4, 0, 3, 1, 5)",310
53,False,0.6749346919315736,2.640806388396847,"(0, 3, 1, 5, 4, 2)",311
333,False,0.6749346919315737,2.6408063883968476,"(2, 4, 5, 1, 3, 0)",312
195,False,0.6732097250945935,2.6414663885233676,"(1, 4, 0, 3, 5, 2)",313
349,False,0.6732097250945938,2.6414663885233685,"(2, 5, 3, 0, 4, 1)",314
348,False,0.6779696505519907,2.642474712936613,"(2, 5, 3, 0, 1, 4)",315
84,False,0.6774468997097477,2.642495318531944,"(0, 4, 3, 1, 2, 5)",316
98,False,0.6839705061671397,2.6430004465750203,"(0, 5, 1, 3, 2, 4)",317
74,False,0.6774873810707712,2.6431736042017246,"(0, 4, 1, 3, 2, 5)",318
344,False,0.678281630602711,2.643350037861054,"(2, 5, 1, 3, 0, 4)",319
320,False,0.6752328503451305,2.643651787008375,"(2, 4, 1, 3, 0, 5)",320
345,False,0.6758112231248019,2.6439363728053262,"(2, 5, 1, 3, 4, 0)",321
85,False,0.6758112231248019,2.6439363728053262,"(0, 4, 3, 1, 5, 2)",322
350,False,0.6783423689703756,2.6440283235308333,"(2, 5, 3, 1, 0, 4)",323
351,False,0.6753687609756729,2.6446146584751062,"(2, 5, 3, 1, 4, 0)",324
75,False,0.675368760975673,2.6446146584751062,"(0, 4, 1, 3, 5, 2)",325
180,False,0.6799565374825274,2.64877276373415,"(1, 3, 4, 0, 2, 5)",326
330,False,0.6831729462781977,2.6495015857831783,"(2, 4, 5, 0, 1, 3)",327
181,False,0.6762573151013389,2.650213818007531,"(1, 3, 4, 0, 5, 2)",328
341,False,0.6762573151013392,2.650213818007532,"(2, 5, 0, 4, 3, 1)",329
332,False,0.6824479563707943,2.651091703768899,"(2, 4, 5, 1, 0, 3)",330
60,False,0.6829508120464591,2.653533540605689,"(0, 3, 4, 1, 2, 5)",331
347,False,0.680431143144923,2.6549745948790706,"(2, 5, 1, 4, 3, 0)",332
61,False,0.680431143144923,2.6549745948790706,"(0, 3, 4, 1, 5, 2)",333
220,False,0.6875269880359728,2.661709316617482,"(1, 5, 0, 4, 2, 3)",334
170,False,0.6843419358137532,2.6620912722371877,"(1, 3, 0, 4, 2, 5)",335
340,False,0.6824063487479737,2.6620937927371005,"(2, 5, 0, 4, 1, 3)",336
290,False,0.6821645042112617,2.6625746734441993,"(2, 3, 0, 4, 1, 5)",337
171,False,0.6850256029462043,2.6635323265105684,"(1, 3, 0, 4, 5, 2)",338
355,False,0.6850256029462045,2.663532326510569,"(2, 5, 4, 0, 3, 1)",339
100,False,0.6880785021658241,2.664885206860588,"(0, 5, 1, 4, 2, 3)",340
346,False,0.6855652477721416,2.665259910251122,"(2, 5, 1, 4, 0, 3)",341
50,False,0.687635432494877,2.6652760495804246,"(0, 3, 1, 4, 2, 5)",342
296,False,0.683541983446549,2.6657226462521657,"(2, 3, 1, 4, 0, 5)",343
51,False,0.6857027252370261,2.6667171038538067,"(0, 3, 1, 4, 5, 2)",344
357,False,0.6857027252370261,2.6667171038538067,"(2, 5, 4, 1, 3, 0)",345
219,False,0.6861968598255452,2.6673667090384043,"(1, 5, 0, 3, 4, 2)",346
325,False,0.6861968598255457,2.6673667090384052,"(2, 4, 3, 0, 5, 1)",347
99,False,0.6862584382548185,2.67054259928151,"(0, 5, 1, 3, 4, 2)",348
327,False,0.6862584382548185,2.67054259928151,"(2, 4, 3, 1, 5, 0)",349
354,False,0.6913749952948199,2.675412301240138,"(2, 5, 4, 0, 1, 3)",350
356,False,0.693077545690558,2.677002419225858,"(2, 5, 4, 1, 0, 3)",351
221,False,0.69141355477597,2.678379819007649,"(1, 5, 0, 4, 3, 2)",352
301,False,0.6914135547759703,2.6783798190076493,"(2, 3, 4, 0, 5, 1)",353
303,False,0.6921858442844859,2.6815557092507545,"(2, 3, 4, 1, 5, 0)",354
101,False,0.6921858442844859,2.6815557092507545,"(0, 5, 1, 4, 3, 2)",355
324,False,0.6997344574206732,2.6944761318847585,"(2, 4, 3, 0, 1, 5)",356
326,False,0.7007714170247312,2.696057362770347,"(2, 4, 3, 1, 0, 5)",357
300,False,0.7044553839455161,2.7054892418540026,"(2, 3, 4, 0, 1, 5)",358
302,False,0.7046390627974864,2.7070704727395913,"(2, 3, 4, 1, 0, 5)",359
