,is_well_nested,ms,ee,perm,i
266,True,0.6295518895001295,2.4473376721364395,"(2, 1, 0, 4, 3, 5)",0
242,True,0.625637984906326,2.4483801350405687,"(2, 0, 1, 4, 3, 5)",1
264,True,0.6279670707420758,2.449165942587554,"(2, 1, 0, 3, 4, 5)",2
2,True,0.6272924050602363,2.4499457576415953,"(0, 1, 2, 4, 3, 5)",3
240,True,0.6254105783382223,2.450208405491682,"(2, 0, 1, 3, 4, 5)",4
268,True,0.6258488247228393,2.4511242225290855,"(2, 1, 0, 5, 3, 4)",5
122,True,0.6217692294966132,2.4512340052517287,"(1, 0, 2, 4, 3, 5)",6
0,True,0.6276428161189058,2.4517740280927085,"(0, 1, 2, 3, 4, 5)",7
269,True,0.6250434808686989,2.4519563334993357,"(2, 1, 0, 5, 4, 3)",8
244,True,0.6241269762035677,2.4521666854332143,"(2, 0, 1, 5, 3, 4)",9
245,True,0.6234306941916599,2.452998796403465,"(2, 0, 1, 5, 4, 3)",10
120,True,0.623462403456512,2.453062275702843,"(1, 0, 2, 3, 4, 5)",11
4,True,0.6228698825194348,2.453732308034241,"(0, 1, 2, 5, 3, 4)",12
5,True,0.6217333211676342,2.454564419004491,"(0, 1, 2, 5, 4, 3)",13
124,True,0.6197083221637549,2.455020555644375,"(1, 0, 2, 5, 3, 4)",14
125,True,0.6183061673641157,2.4558526666146254,"(1, 0, 2, 5, 4, 3)",15
267,False,0.6545847911303382,2.494806373196239,"(2, 1, 0, 4, 5, 3)",16
26,False,0.6523561212516258,2.495355205132937,"(0, 2, 1, 4, 3, 5)",17
146,False,0.6519282930518373,2.4956009898389415,"(1, 2, 0, 4, 3, 5)",18
265,False,0.6545412960942805,2.4958025326771027,"(2, 1, 0, 3, 5, 4)",19
243,False,0.6516835913329114,2.4958488361003672,"(2, 0, 1, 4, 5, 3)",20
241,False,0.6520390221848149,2.496844995581231,"(2, 0, 1, 3, 5, 4)",21
24,False,0.6527326825093283,2.49718347558405,"(0, 2, 1, 3, 4, 5)",22
3,False,0.6463199122721957,2.497414458701394,"(0, 1, 2, 4, 5, 3)",23
144,False,0.6500924294301081,2.497429260290056,"(1, 2, 0, 3, 4, 5)",24
1,False,0.6482016718386058,2.498410618182257,"(0, 1, 2, 3, 5, 4)",25
123,False,0.6428582003943539,2.498702706311528,"(1, 0, 2, 4, 5, 3)",26
28,False,0.6456565476266304,2.4991417555255824,"(0, 2, 1, 5, 3, 4)",27
148,False,0.6448873024185838,2.499387540231588,"(1, 2, 0, 5, 3, 4)",28
121,False,0.6450379753234052,2.499698865792392,"(1, 0, 2, 3, 5, 4)",29
29,False,0.6444688125918827,2.499973866495832,"(0, 2, 1, 5, 4, 3)",30
149,False,0.6435022787294137,2.5002196512018378,"(1, 2, 0, 5, 4, 3)",31
18,False,0.6479872592625792,2.523868978260589,"(0, 1, 5, 2, 3, 4)",32
19,False,0.6481355836814585,2.5247010892308386,"(0, 1, 5, 2, 4, 3)",33
138,False,0.6490023389365712,2.525157225870723,"(1, 0, 5, 2, 3, 4)",34
139,False,0.6488613250395951,2.5259893368409734,"(1, 0, 5, 2, 4, 3)",35
27,False,0.6659247419620676,2.5428239061927354,"(0, 2, 1, 4, 5, 3)",36
147,False,0.6664426569324968,2.543069690898741,"(1, 2, 0, 4, 5, 3)",37
25,False,0.6662799006415309,2.543820065673599,"(0, 2, 1, 3, 5, 4)",38
145,False,0.6671005241971469,2.5440658503796048,"(1, 2, 0, 3, 5, 4)",39
15,False,0.6613942370005177,2.5499310626841516,"(0, 1, 4, 3, 5, 2)",40
353,False,0.6613942370005182,2.5499310626841525,"(2, 5, 3, 4, 1, 0)",41
359,False,0.6598544513024643,2.550493826937121,"(2, 5, 4, 3, 1, 0)",42
9,False,0.6598544513024641,2.550493826937121,"(0, 1, 3, 4, 5, 2)",43
135,False,0.6635649394151131,2.551219310294286,"(1, 0, 4, 3, 5, 2)",44
352,False,0.6635649394151136,2.551219310294287,"(2, 5, 3, 4, 0, 1)",45
129,False,0.6601707092730202,2.551782074547255,"(1, 0, 3, 4, 5, 2)",46
358,False,0.6601707092730205,2.5517820745472553,"(2, 5, 4, 3, 0, 1)",47
21,False,0.6623792588963159,2.5524322506870685,"(0, 1, 5, 3, 4, 2)",48
329,False,0.6623792588963163,2.5524322506870694,"(2, 4, 3, 5, 1, 0)",49
23,False,0.6617885519976326,2.5534505973790633,"(0, 1, 5, 4, 3, 2)",50
305,False,0.661788551997633,2.5534505973790638,"(2, 3, 4, 5, 1, 0)",51
328,False,0.662803675923833,2.5537204982972024,"(2, 4, 3, 5, 0, 1)",52
141,False,0.662803675923833,2.553720498297203,"(1, 0, 5, 3, 4, 2)",53
14,False,0.66529513785852,2.554499989764081,"(0, 1, 4, 3, 2, 5)",54
143,False,0.661373316975678,2.5547388449891977,"(1, 0, 5, 4, 3, 2)",55
304,False,0.6613733169756782,2.554738844989198,"(2, 3, 4, 5, 0, 1)",56
8,False,0.6653023882848322,2.5550627540170505,"(0, 1, 3, 4, 2, 5)",57
134,False,0.6661747270276405,2.5557882373742156,"(1, 0, 4, 3, 2, 5)",58
128,False,0.6651402992101252,2.5563510016271844,"(1, 0, 3, 4, 2, 5)",59
342,False,0.6659406734495305,2.5582136136118545,"(2, 5, 1, 0, 3, 4)",60
343,False,0.6665321389844724,2.5590457245821043,"(2, 5, 1, 0, 4, 3)",61
336,False,0.66707601707255,2.560481818259379,"(2, 5, 0, 1, 3, 4)",62
337,False,0.6673539642815168,2.561313929229629,"(2, 5, 0, 1, 4, 3)",63
12,False,0.6788767241724865,2.5631183270297044,"(0, 1, 4, 2, 3, 5)",64
282,False,0.677148302847719,2.564112820750944,"(2, 1, 5, 0, 3, 4)",65
132,False,0.6749778831336861,2.564406574639838,"(1, 0, 4, 2, 3, 5)",66
283,False,0.6776140099453237,2.5649449317211936,"(2, 1, 5, 0, 4, 3)",67
6,False,0.6798111032671287,2.5655093617337865,"(0, 1, 3, 2, 4, 5)",68
126,False,0.6776222888686824,2.5667976093439204,"(1, 0, 3, 2, 4, 5)",69
258,False,0.6783800649257822,2.567423488302597,"(2, 0, 5, 1, 3, 4)",70
259,False,0.679312058983225,2.5682555992728466,"(2, 0, 5, 1, 4, 3)",71
326,False,0.6810123971533836,2.594394481739495,"(2, 4, 3, 1, 0, 5)",72
324,False,0.6815753016250408,2.594913446418779,"(2, 4, 3, 0, 1, 5)",73
302,False,0.6819497992446704,2.59541282843149,"(2, 3, 4, 1, 0, 5)",74
300,False,0.6831065451136501,2.595931793110774,"(2, 3, 4, 0, 1, 5)",75
11,False,0.6862236193797466,2.596030914101798,"(0, 1, 3, 5, 4, 2)",76
335,False,0.6862236193797469,2.5960309141017985,"(2, 4, 5, 3, 1, 0)",77
17,False,0.6866304959612858,2.596486496540825,"(0, 1, 4, 5, 3, 2)",78
311,False,0.686630495961286,2.5964864965408254,"(2, 3, 5, 4, 1, 0)",79
131,False,0.6861620332953235,2.597319161711932,"(1, 0, 3, 5, 4, 2)",80
334,False,0.6861620332953238,2.597319161711932,"(2, 4, 5, 3, 0, 1)",81
137,False,0.6868309645753318,2.597774744150959,"(1, 0, 4, 5, 3, 2)",82
310,False,0.6868309645753318,2.5977747441509593,"(2, 3, 5, 4, 0, 1)",83
20,False,0.6849900860435443,2.6036377678565468,"(0, 1, 5, 3, 2, 4)",84
276,False,0.6947568971403,2.6040868881369317,"(2, 1, 4, 0, 3, 5)",85
140,False,0.6861772141070659,2.604926015466681,"(1, 0, 5, 3, 2, 4)",86
22,False,0.6856968921264827,2.6054882255187923,"(0, 1, 5, 4, 2, 3)",87
252,False,0.6951686517639172,2.6059752022454057,"(2, 0, 4, 1, 3, 5)",88
142,False,0.6869943584566582,2.6067764731289262,"(1, 0, 5, 4, 2, 3)",89
270,False,0.6966090199878132,2.6075465817810555,"(2, 1, 3, 0, 4, 5)",90
96,False,0.6883696275686788,2.608237352325453,"(0, 5, 1, 2, 3, 4)",91
246,False,0.6970216204646209,2.608592455716234,"(2, 0, 3, 1, 4, 5)",92
97,False,0.6886399814033696,2.609069463295704,"(0, 5, 1, 2, 4, 3)",93
216,False,0.6875946011801976,2.6100445646148707,"(1, 5, 0, 2, 3, 4)",94
13,False,0.6924212896640405,2.6105870280895034,"(0, 1, 4, 2, 5, 3)",95
217,False,0.6868695223502509,2.6108766755851214,"(1, 5, 0, 2, 4, 3)",96
133,False,0.692145637786976,2.6118752756996373,"(1, 0, 4, 2, 5, 3)",97
7,False,0.6952365848412481,2.6121459518233356,"(0, 1, 3, 2, 5, 4)",98
162,False,0.6932441506431054,2.6123761384534454,"(1, 2, 5, 0, 3, 4)",99
163,False,0.693624770747181,2.6132082494236952,"(1, 2, 5, 0, 4, 3)",100
127,False,0.6947975328112468,2.6134341994334696,"(1, 0, 3, 2, 5, 4)",101
42,False,0.6956094929741576,2.614398558394964,"(0, 2, 5, 1, 3, 4)",102
43,False,0.6952924253153412,2.6152306693652143,"(0, 2, 5, 1, 4, 3)",103
99,False,0.7033723352421751,2.636800624751933,"(0, 5, 1, 3, 4, 2)",104
327,False,0.7033723352421756,2.6368006247519338,"(2, 4, 3, 1, 5, 0)",105
101,False,0.7046867113692881,2.637818971443928,"(0, 5, 1, 4, 3, 2)",106
303,False,0.7046867113692885,2.637818971443929,"(2, 3, 4, 1, 5, 0)",107
325,False,0.7048042858980523,2.6386078370413513,"(2, 4, 3, 0, 5, 1)",108
219,False,0.7048042858980522,2.6386078370413513,"(1, 5, 0, 3, 4, 2)",109
221,False,0.7057661648277929,2.639626183733346,"(1, 5, 0, 4, 3, 2)",110
301,False,0.7057661648277932,2.6396261837333466,"(2, 3, 4, 0, 5, 1)",111
278,False,0.7178298306356614,2.6413691474880503,"(2, 1, 4, 3, 0, 5)",112
272,False,0.7190426235760435,2.643000570681059,"(2, 1, 3, 4, 0, 5)",113
318,False,0.717992995832046,2.6437247681625204,"(2, 4, 1, 0, 3, 5)",114
254,False,0.718129741323956,2.643776426275807,"(2, 0, 4, 3, 1, 5)",115
248,False,0.7180940235299512,2.644565409295522,"(2, 0, 3, 4, 1, 5)",116
312,False,0.7193787966177914,2.644570619366865,"(2, 4, 0, 1, 3, 5)",117
10,False,0.7064155465267797,2.647236431271277,"(0, 1, 3, 5, 2, 4)",118
294,False,0.7195371663878074,2.648202808498639,"(2, 3, 1, 0, 4, 5)",119
288,False,0.7209605324066558,2.6482062195296896,"(2, 3, 0, 1, 4, 5)",120
16,False,0.7071583295110345,2.648524124680554,"(0, 1, 4, 5, 2, 3)",121
130,False,0.7059535154655006,2.6485246788814107,"(1, 0, 3, 5, 2, 4)",122
136,False,0.7057069779682775,2.649812372290688,"(1, 0, 4, 5, 2, 3)",123
277,False,0.7229269140232467,2.6515555891967306,"(2, 1, 4, 0, 5, 3)",124
156,False,0.7230687005115558,2.6523502058394333,"(1, 2, 4, 0, 3, 5)",125
222,False,0.7070786660660764,2.6528964926103806,"(1, 5, 2, 0, 3, 4)",126
36,False,0.7265462192083643,2.6529502723377734,"(0, 2, 4, 1, 3, 5)",127
102,False,0.7091562784502174,2.6533574849684873,"(0, 5, 2, 1, 3, 4)",128
253,False,0.7236631763738917,2.6534439033052046,"(2, 0, 4, 1, 5, 3)",129
223,False,0.7073773567265106,2.653728603580631,"(1, 5, 2, 0, 4, 3)",130
271,False,0.7251588174049243,2.654183171870604,"(2, 1, 3, 0, 5, 4)",131
103,False,0.7093021504110689,2.654189595938737,"(0, 5, 2, 1, 4, 3)",132
247,False,0.726278410491211,2.655229045805783,"(2, 0, 3, 1, 5, 4)",133
30,False,0.728074188580083,2.6555675258086016,"(0, 2, 3, 1, 4, 5)",134
150,False,0.7230729799297198,2.655809899483557,"(1, 2, 3, 0, 4, 5)",135
85,False,0.7236588628772141,2.678330725726732,"(0, 4, 3, 1, 5, 2)",136
345,False,0.7236588628772145,2.6783307257267324,"(2, 5, 1, 3, 4, 0)",137
75,False,0.717196197744988,2.6785146968929836,"(0, 4, 1, 3, 5, 2)",138
351,False,0.7171961977449884,2.6785146968929845,"(2, 5, 3, 1, 4, 0)",139
61,False,0.7239207229768491,2.678557027170843,"(0, 3, 4, 1, 5, 2)",140
347,False,0.7239207229768495,2.678557027170844,"(2, 5, 1, 4, 3, 0)",141
51,False,0.718403968345411,2.679303762590063,"(0, 3, 1, 4, 5, 2)",142
357,False,0.7184039683454114,2.679303762590064,"(2, 5, 4, 1, 3, 0)",143
195,False,0.7170737107375335,2.680658239701043,"(1, 4, 0, 3, 5, 2)",144
349,False,0.7170737107375337,2.6806582397010437,"(2, 5, 3, 0, 4, 1)",145
320,False,0.7267540801503536,2.6810070275136395,"(2, 4, 1, 3, 0, 5)",146
171,False,0.7186656717227754,2.6823350999644258,"(1, 3, 0, 4, 5, 2)",147
355,False,0.7186656717227758,2.6823350999644267,"(2, 5, 4, 0, 3, 1)",148
314,False,0.7243097998617931,2.6823718433972674,"(2, 4, 0, 3, 1, 5)",149
344,False,0.720578462491172,2.6825611728038434,"(2, 5, 1, 3, 0, 4)",150
205,False,0.7244722562635671,2.6827424731823157,"(1, 4, 3, 0, 5, 2)",151
339,False,0.7244722562635675,2.682742473182316,"(2, 5, 0, 3, 4, 1)",152
350,False,0.7254516833913849,2.682745143970095,"(2, 5, 3, 1, 0, 4)",153
84,False,0.726861676276264,2.682899652806661,"(0, 4, 3, 1, 2, 5)",154
74,False,0.7223868465931108,2.6830836239729132,"(0, 4, 1, 3, 2, 5)",155
60,False,0.7270842498723668,2.683125954250773,"(0, 3, 4, 1, 2, 5)",156
348,False,0.7259063236380731,2.6836004391680204,"(2, 5, 3, 0, 1, 4)",157
346,False,0.7204825910156702,2.6836195852182043,"(2, 5, 1, 4, 0, 3)",158
296,False,0.7269971906353793,2.683656797398644,"(2, 3, 1, 4, 0, 5)",159
112,False,0.7311691954604812,2.6837752905004884,"(0, 5, 3, 4, 1, 2)",160
279,False,0.7311691954604815,2.683775290500489,"(2, 1, 4, 3, 5, 0)",161
181,False,0.7252502639949953,2.6838565691927294,"(1, 3, 4, 0, 5, 2)",162
341,False,0.7252502639949954,2.68385656919273,"(2, 5, 0, 4, 3, 1)",163
50,False,0.7228549653598291,2.6838726896699927,"(0, 3, 1, 4, 2, 5)",164
290,False,0.7236212828274351,2.6841791731089777,"(2, 3, 0, 4, 1, 5)",165
88,False,0.727596137837307,2.6842299328658212,"(0, 4, 3, 5, 1, 2)",166
285,False,0.7275961378373073,2.6842299328658217,"(2, 1, 5, 3, 4, 0)",167
356,False,0.7264998982335501,2.6843663206374244,"(2, 5, 4, 1, 0, 3)",168
64,False,0.7251506574050363,2.684456234309932,"(0, 3, 4, 5, 1, 2)",169
287,False,0.7251506574050367,2.6844562343099327,"(2, 1, 5, 4, 3, 0)",170
194,False,0.7175928278384288,2.6852271667809724,"(1, 4, 0, 3, 2, 5)",171
118,False,0.7304156026658707,2.6854067136934976,"(0, 5, 4, 3, 1, 2)",172
273,False,0.7304156026658711,2.6854067136934985,"(2, 1, 3, 4, 5, 0)",173
338,False,0.720240242301011,2.6856846726492924,"(2, 5, 0, 3, 1, 4)",174
354,False,0.7278307870873844,2.6861094104016527,"(2, 5, 4, 0, 1, 3)",175
170,False,0.7189375687632802,2.6869040270443554,"(1, 3, 0, 4, 2, 5)",176
204,False,0.7263424200355326,2.687311400262245,"(1, 4, 3, 0, 2, 5)",177
232,False,0.7320899773607996,2.6874708168983794,"(1, 5, 3, 4, 0, 2)",178
255,False,0.7320899773608,2.68747081689838,"(2, 0, 4, 3, 5, 1)",179
340,False,0.7197709321548231,2.6876308796299573,"(2, 5, 0, 4, 1, 3)",180
98,False,0.7266681580112996,2.688006141921411,"(0, 5, 1, 3, 2, 4)",181
249,False,0.7294745155606589,2.6882597999180944,"(2, 0, 3, 4, 5, 1)",182
238,False,0.7294745155606588,2.6882597999180944,"(1, 5, 4, 3, 0, 2)",183
180,False,0.7282079396620892,2.6884254962726595,"(1, 3, 4, 0, 2, 5)",184
284,False,0.7320783848566348,2.6884603799429323,"(2, 1, 5, 3, 0, 4)",185
286,False,0.7327249393038984,2.689518792357293,"(2, 1, 5, 4, 0, 3)",186
158,False,0.7354929500286923,2.689632465190552,"(1, 2, 4, 3, 0, 5)",187
208,False,0.7283459882852307,2.6896841432255334,"(1, 4, 3, 5, 0, 2)",188
261,False,0.7283459882852311,2.689684143225534,"(2, 0, 5, 3, 4, 1)",189
218,False,0.7251258831310542,2.6898133542108287,"(1, 5, 0, 3, 2, 4)",190
100,False,0.7265798914817537,2.6898565995836567,"(0, 5, 1, 4, 2, 3)",191
38,False,0.7335900255065888,2.6907514963681747,"(0, 2, 4, 3, 1, 5)",192
263,False,0.7264441543163547,2.6907982392359484,"(2, 0, 5, 4, 3, 1)",193
184,False,0.7264441543163545,2.6907982392359484,"(1, 3, 4, 5, 0, 2)",194
319,False,0.7351940525338264,2.6911934692223194,"(2, 4, 1, 0, 5, 3)",195
152,False,0.7371503040977667,2.6912638883835616,"(1, 2, 3, 4, 0, 5)",196
32,False,0.7351990427665563,2.6915404793878897,"(0, 2, 3, 4, 1, 5)",197
220,False,0.7236750052080492,2.6916638118730742,"(1, 5, 0, 4, 2, 3)",198
72,False,0.7325194232098954,2.6917019612385364,"(0, 4, 1, 2, 3, 5)",199
313,False,0.7358985643891991,2.692039320426664,"(2, 4, 0, 1, 5, 3)",200
260,False,0.734263376840206,2.69262634269251,"(2, 0, 5, 3, 1, 4)",201
192,False,0.7348438340629792,2.6938455040465956,"(1, 4, 0, 2, 3, 5)",202
48,False,0.7342231852452792,2.6943192973867296,"(0, 3, 1, 2, 4, 5)",203
262,False,0.7350765975535805,2.694572549673176,"(2, 0, 5, 4, 1, 3)",204
295,False,0.7374700758620122,2.6948393985881878,"(2, 3, 1, 0, 5, 4)",205
289,False,0.7370586647838174,2.694842809619238,"(2, 3, 0, 1, 5, 4)",206
168,False,0.7359008673763756,2.6973506347610923,"(1, 3, 0, 2, 4, 5)",207
157,False,0.7375090888984053,2.699818906899232,"(1, 2, 4, 0, 5, 3)",208
37,False,0.7367923212958883,2.700418973397572,"(0, 2, 4, 1, 5, 3)",209
31,False,0.7390196673390262,2.7022041158981502,"(0, 2, 3, 1, 5, 4)",210
151,False,0.7390573625756821,2.7024464895731057,"(1, 2, 3, 0, 5, 4)",211
109,False,0.7493760528677403,2.723413170526077,"(0, 5, 3, 1, 4, 2)",212
321,False,0.7493760528677406,2.7234131705260776,"(2, 4, 1, 3, 5, 0)",213
53,False,0.7446267077845662,2.7248408497547403,"(0, 3, 1, 5, 4, 2)",214
333,False,0.7446267077845665,2.724840849754741,"(2, 4, 5, 1, 3, 0)",215
77,False,0.7450498802537349,2.725070130749657,"(0, 4, 1, 5, 3, 2)",216
309,False,0.7450498802537351,2.7250701307496574,"(2, 3, 5, 1, 4, 0)",217
115,False,0.7504574764543271,2.7260629404110817,"(0, 5, 4, 1, 3, 2)",218
297,False,0.7504574764543274,2.726062940411082,"(2, 3, 1, 4, 5, 0)",219
229,False,0.7472257491457053,2.726066234019839,"(1, 5, 3, 0, 4, 2)",220
315,False,0.7472257491457056,2.7260662340198394,"(2, 4, 0, 3, 5, 1)",221
197,False,0.7444980581867583,2.727213673557716,"(1, 4, 0, 5, 3, 2)",222
307,False,0.7444980581867583,2.727213673557716,"(2, 3, 5, 0, 4, 1)",223
173,False,0.745275967924536,2.727872187129104,"(1, 3, 0, 5, 4, 2)",224
331,False,0.7452759679245363,2.7278721871291043,"(2, 4, 5, 0, 3, 1)",225
235,False,0.7480937384257772,2.727873563731549,"(1, 5, 4, 0, 3, 2)",226
291,False,0.7480937384257774,2.7278735637315497,"(2, 3, 0, 4, 5, 1)",227
70,False,0.7504635090963516,2.728216852088567,"(0, 3, 5, 4, 1, 2)",228
281,False,0.7504635090963517,2.728216852088567,"(2, 1, 4, 5, 3, 0)",229
308,False,0.7445627594621469,2.7293005778267676,"(2, 3, 5, 1, 0, 4)",230
86,False,0.7463347003716357,2.729319214102686,"(0, 4, 3, 2, 1, 5)",231
62,False,0.7461545275069746,2.7295455155467976,"(0, 3, 4, 2, 1, 5)",232
94,False,0.7502896517103989,2.7296219738374647,"(0, 4, 5, 3, 1, 2)",233
275,False,0.7502896517103992,2.7296219738374656,"(2, 1, 3, 5, 4, 0)",234
332,False,0.7447796686178266,2.7299034078021016,"(2, 4, 5, 1, 0, 3)",235
306,False,0.74614986944753,2.730155873024693,"(2, 3, 5, 0, 1, 4)",236
330,False,0.7457848290027257,2.731646497566331,"(2, 4, 5, 0, 1, 3)",237
159,False,0.7434558594821421,2.732038608202991,"(1, 2, 4, 3, 5, 0)",238
113,False,0.7434558594821419,2.732038608202991,"(0, 5, 3, 4, 2, 1)",239
89,False,0.7401076795367709,2.7324932505683233,"(0, 4, 3, 5, 2, 1)",240
165,False,0.740107679536771,2.7324932505683237,"(1, 2, 5, 3, 4, 0)",241
167,False,0.737291111830709,2.7327195520124348,"(1, 2, 5, 4, 3, 0)",242
65,False,0.737291111830709,2.7327195520124348,"(0, 3, 4, 5, 2, 1)",243
214,False,0.752555145899162,2.7328113905807028,"(1, 4, 5, 3, 0, 2)",244
251,False,0.7525551458991624,2.7328113905807037,"(2, 0, 3, 5, 4, 1)",245
190,False,0.7522165559887536,2.7331365035714024,"(1, 3, 5, 4, 0, 2)",246
257,False,0.7522165559887538,2.733136503571403,"(2, 0, 4, 5, 3, 1)",247
206,False,0.7471506123555987,2.7332119968789867,"(1, 4, 3, 2, 0, 5)",248
280,False,0.7478152736761794,2.7332794101359275,"(2, 1, 4, 5, 0, 3)",249
119,False,0.7423923416327105,2.7336700313959996,"(0, 5, 4, 3, 2, 1)",250
153,False,0.7423923416327107,2.733670031396,"(1, 2, 3, 4, 5, 0)",251
274,False,0.747979516474208,2.7338524209145754,"(2, 1, 3, 5, 0, 4)",252
182,False,0.7462041792134196,2.7343260928894013,"(1, 3, 4, 2, 0, 5)",253
233,False,0.7426506602144881,2.7344458869907475,"(1, 5, 3, 4, 2, 0)",254
39,False,0.7426506602144881,2.7344458869907475,"(0, 2, 4, 3, 5, 1)",255
239,False,0.7425064719958838,2.7352348700104625,"(1, 5, 4, 3, 2, 0)",256
33,False,0.7425064719958838,2.7352348700104625,"(0, 2, 3, 4, 5, 1)",257
250,False,0.7497188053474922,2.73575359004768,"(2, 0, 3, 5, 1, 4)",258
78,False,0.748876347242218,2.7361244590552634,"(0, 4, 2, 1, 3, 5)",259
209,False,0.7414695297355942,2.736659213317901,"(1, 4, 3, 5, 2, 0)",260
45,False,0.7414695297355942,2.736659213317901,"(0, 2, 5, 3, 4, 1)",261
164,False,0.7459270216691748,2.7367236976454343,"(1, 2, 5, 3, 0, 4)",262
256,False,0.7496944850020926,2.7369108140086302,"(2, 0, 4, 5, 1, 3)",263
198,False,0.7498704359435107,2.7374221506589773,"(1, 4, 2, 0, 3, 5)",264
47,False,0.7392815155290108,2.7377733093283156,"(0, 2, 5, 4, 3, 1)",265
185,False,0.739281515529011,2.737773309328316,"(1, 3, 4, 5, 2, 0)",266
166,False,0.7476683844442072,2.7377821100597957,"(1, 2, 5, 4, 0, 3)",267
54,False,0.7508790222733038,2.7389680139702026,"(0, 3, 2, 1, 4, 5)",268
73,False,0.7472292991722949,2.739170662298335,"(0, 4, 1, 2, 5, 3)",269
44,False,0.7494649364766455,2.739601412784878,"(0, 2, 5, 3, 1, 4)",270
49,False,0.7493254590252069,2.7409558874762783,"(0, 3, 1, 2, 5, 4)",271
193,False,0.7492808394808624,2.7413142051063946,"(1, 4, 0, 2, 5, 3)",272
46,False,0.7507655958556423,2.7415476197655426,"(0, 2, 5, 4, 1, 3)",273
174,False,0.7517052860659228,2.7419959403135157,"(1, 3, 2, 0, 4, 5)",274
169,False,0.7514660248957516,2.743987224850641,"(1, 3, 0, 2, 5, 4)",275
67,False,0.7606288994295093,2.7678547321141544,"(0, 3, 5, 1, 4, 2)",276
323,False,0.7606288994295096,2.7678547321141553,"(2, 4, 1, 5, 3, 0)",277
91,False,0.7616494558109368,2.7702782005550484,"(0, 4, 5, 1, 3, 2)",278
299,False,0.7616494558109372,2.770278200555049,"(2, 3, 1, 5, 4, 0)",279
187,False,0.7618125433755877,2.771731920692863,"(1, 3, 5, 0, 4, 2)",280
317,False,0.7618125433755879,2.771731920692863,"(2, 4, 0, 5, 3, 1)",281
293,False,0.7632177625554295,2.772425154394159,"(2, 3, 0, 5, 4, 1)",282
211,False,0.7632177625554295,2.772425154394159,"(1, 4, 5, 0, 3, 2)",283
322,False,0.7720571027314417,2.7729172901615153,"(2, 4, 1, 5, 0, 3)",284
225,False,0.7553002641945885,2.773013604725259,"(1, 5, 2, 3, 4, 0)",285
87,False,0.7553002641945885,2.773013604725259,"(0, 4, 3, 2, 5, 1)",286
63,False,0.7546968207563234,2.77323990616937,"(0, 3, 4, 2, 5, 1)",287
227,False,0.7546968207563234,2.77323990616937,"(1, 5, 2, 4, 3, 0)",288
80,False,0.770998606261342,2.773925683085665,"(0, 4, 2, 3, 1, 5)",289
298,False,0.7721004351039624,2.774508647632159,"(2, 3, 1, 5, 0, 4)",290
108,False,0.7655445815548719,2.774618687695555,"(0, 5, 3, 1, 2, 4)",291
200,False,0.770988583330798,2.7747044100100964,"(1, 4, 2, 3, 0, 5)",292
56,False,0.7716137110084003,2.7749409675494916,"(0, 3, 2, 4, 1, 5)",293
292,False,0.7716718062198336,2.775367353861135,"(2, 3, 0, 5, 1, 4)",294
316,False,0.7711481146104159,2.7755062311300893,"(2, 4, 0, 5, 1, 3)",295
207,False,0.7572911456747092,2.775618139891425,"(1, 4, 3, 2, 5, 0)",296
105,False,0.7572911456747092,2.775618139891425,"(0, 5, 2, 3, 4, 1)",297
52,False,0.7659766504434093,2.7760463669242195,"(0, 3, 1, 5, 2, 4)",298
161,False,0.7625644684905231,2.776480169791068,"(1, 2, 4, 5, 3, 0)",299
71,False,0.7625644684905231,2.776480169791068,"(0, 3, 5, 4, 2, 1)",300
183,False,0.7570314404368994,2.7767322359018394,"(1, 3, 4, 2, 5, 0)",301
107,False,0.7570314404368994,2.7767322359018394,"(0, 5, 2, 4, 3, 1)",302
76,False,0.7648840182709306,2.7771077588893855,"(0, 4, 1, 5, 2, 3)",303
224,False,0.7625863033155449,2.777244051802369,"(1, 5, 2, 3, 0, 4)",304
228,False,0.7660147085607115,2.7772717511893172,"(1, 5, 3, 0, 2, 4)",305
176,False,0.7703971583984256,2.7774499292135197,"(1, 3, 2, 4, 0, 5)",306
95,False,0.7632572630947642,2.7778852915399668,"(0, 4, 5, 3, 2, 1)",307
155,False,0.763257263094764,2.7778852915399668,"(1, 2, 3, 5, 4, 0)",308
114,False,0.7670791297405886,2.7781005685508102,"(0, 5, 4, 1, 2, 3)",309
226,False,0.7634676961018881,2.7783024642167304,"(1, 5, 2, 4, 0, 3)",310
104,False,0.7669694960114337,2.7785603393584015,"(0, 5, 2, 3, 1, 4)",311
172,False,0.7651449952420301,2.7790777042985817,"(1, 3, 0, 5, 2, 4)",312
196,False,0.7644802163550539,2.7792513016974447,"(1, 4, 0, 5, 2, 3)",313
35,False,0.7646327033939051,2.779786460673071,"(0, 2, 3, 5, 4, 1)",314
215,False,0.7646327033939051,2.779786460673071,"(1, 4, 5, 3, 2, 0)",315
234,False,0.7676370833333519,2.7799111918712778,"(1, 5, 4, 0, 2, 3)",316
191,False,0.7641368893506313,2.78011157366377,"(1, 3, 5, 4, 2, 0)",317
41,False,0.7641368893506313,2.78011157366377,"(0, 2, 4, 5, 3, 1)",318
106,False,0.766923865871504,2.780506546339066,"(0, 5, 2, 4, 1, 3)",319
160,False,0.7710657554154474,2.781542727838429,"(1, 2, 4, 5, 0, 3)",320
154,False,0.7714722452933359,2.782115738617077,"(1, 2, 3, 5, 0, 4)",321
34,False,0.7742244079617031,2.7827286601400476,"(0, 2, 3, 5, 1, 4)",322
79,False,0.7732228195525758,2.7835931601150623,"(0, 4, 2, 1, 5, 3)",323
40,False,0.7731207424814144,2.7838858841009975,"(0, 2, 4, 5, 1, 3)",324
199,False,0.7737960904605689,2.7848908517187767,"(1, 4, 2, 0, 5, 3)",325
55,False,0.7746098670722565,2.785604604059752,"(0, 3, 2, 1, 5, 4)",326
175,False,0.7763976707510978,2.7886325304030644,"(1, 3, 2, 0, 5, 4)",327
201,False,0.7808948290849581,2.817110553022534,"(1, 4, 2, 3, 5, 0)",328
111,False,0.7808948290849582,2.8171105530225344,"(0, 5, 3, 2, 4, 1)",329
231,False,0.7772557864500433,2.8176200737082375,"(1, 5, 3, 2, 4, 0)",330
81,False,0.7772557864500433,2.8176200737082375,"(0, 4, 2, 3, 5, 1)",331
57,False,0.7789312850072104,2.818635358172063,"(0, 3, 2, 4, 5, 1)",332
237,False,0.7789312850072103,2.818635358172063,"(1, 5, 4, 2, 3, 0)",333
66,False,0.7872191084277298,2.819060249283633,"(0, 3, 5, 1, 2, 4)",334
117,False,0.782689059393899,2.8198560722259582,"(0, 5, 4, 2, 3, 1)",335
177,False,0.7826890593938992,2.8198560722259587,"(1, 3, 2, 4, 5, 0)",336
110,False,0.7873114929739208,2.8200527524895107,"(0, 5, 3, 2, 1, 4)",337
230,False,0.7879631934724225,2.821850520785348,"(1, 5, 3, 2, 0, 4)",338
90,False,0.7877295589681372,2.8223158286947774,"(0, 4, 5, 1, 2, 3)",339
186,False,0.7893927276982735,2.8229374378623406,"(1, 3, 5, 0, 2, 4)",340
116,False,0.7883339214659363,2.8236303826631852,"(0, 5, 4, 2, 1, 3)",341
236,False,0.7889238605790881,2.8236979162194245,"(1, 5, 4, 2, 0, 3)",342
210,False,0.7901532411043486,2.824462782533887,"(1, 4, 5, 0, 2, 3)",343
69,False,0.7992163752693286,2.861552114610612,"(0, 3, 5, 2, 4, 1)",344
203,False,0.7992163752693289,2.8615521146106127,"(1, 4, 2, 5, 3, 0)",345
59,False,0.8012358533748106,2.863186948834672,"(0, 3, 2, 5, 4, 1)",346
213,False,0.8012358533748107,2.8631869488346724,"(1, 4, 5, 2, 3, 0)",347
189,False,0.8005305521409691,2.863285760381261,"(1, 3, 5, 2, 4, 0)",348
83,False,0.8005305521409691,2.863285760381261,"(0, 4, 2, 5, 3, 1)",349
179,False,0.8003832334007577,2.864071332369925,"(1, 3, 2, 5, 4, 0)",350
93,False,0.8003832334007577,2.864071332369925,"(0, 4, 5, 2, 3, 1)",351
68,False,0.8001784493892852,2.864494314077589,"(0, 3, 5, 2, 1, 4)",352
58,False,0.8010839155536578,2.8661291483016487,"(0, 3, 2, 5, 1, 4)",353
202,False,0.8011196814379417,2.866614672657973,"(1, 4, 2, 5, 0, 3)",354
82,False,0.8004748849408084,2.867060070818488,"(0, 4, 2, 5, 1, 3)",355
188,False,0.8013672073353911,2.8675162074583715,"(1, 3, 5, 2, 0, 4)",356
92,False,0.8016926761743969,2.867845642807152,"(0, 4, 5, 2, 1, 3)",357
212,False,0.8020413470360244,2.868249506882033,"(1, 4, 5, 2, 0, 3)",358
178,False,0.8018630239019063,2.868301779447035,"(1, 3, 2, 5, 0, 4)",359
