,is_well_nested,ms,ee,perm,i
264,True,0.38487020499906927,2.0320005396558116,"(2, 1, 0, 3, 4, 5)",0
269,True,0.3814913885844179,2.0320684900569193,"(2, 1, 0, 5, 4, 3)",1
0,True,0.38153346632719415,2.0321221460520285,"(0, 1, 2, 3, 4, 5)",2
240,True,0.38489458625624384,2.0321761580742015,"(2, 0, 1, 3, 4, 5)",3
5,True,0.3784530010383595,2.0321900964531343,"(0, 1, 2, 5, 4, 3)",4
120,True,0.3814441640564314,2.0322251520411005,"(1, 0, 2, 3, 4, 5)",5
245,True,0.3813892562936134,2.032244108475309,"(2, 0, 1, 5, 4, 3)",6
268,True,0.3817302216546791,2.032248161266331,"(2, 1, 0, 5, 3, 4)",7
266,True,0.3851111314768526,2.0322833336858084,"(2, 1, 0, 4, 3, 5)",8
125,True,0.3783991801597622,2.0322931024422077,"(1, 0, 2, 5, 4, 3)",9
4,True,0.3786237394387542,2.032369767662547,"(0, 1, 2, 5, 3, 4)",10
2,True,0.38161942393868464,2.0324049400820243,"(0, 1, 2, 4, 3, 5)",11
244,True,0.3816679376977263,2.0324237796847213,"(2, 0, 1, 5, 3, 4)",12
242,True,0.38503871964729464,2.032458952104198,"(2, 0, 1, 4, 3, 5)",13
124,True,0.3785138241710594,2.0324727736516195,"(1, 0, 2, 5, 3, 4)",14
122,True,0.3817436329663927,2.0325079460710964,"(1, 0, 2, 4, 3, 5)",15
19,False,0.3802927244490666,2.0377757224604034,"(0, 1, 5, 2, 4, 3)",16
139,False,0.3802765148636789,2.037878728449476,"(1, 0, 5, 2, 4, 3)",17
18,False,0.3803033926354952,2.037955393669815,"(0, 1, 5, 2, 3, 4)",18
138,False,0.3803728748556371,2.038058399658888,"(1, 0, 5, 2, 3, 4)",19
359,False,0.3849356929095306,2.039775983008668,"(2, 5, 4, 3, 1, 0)",20
9,False,0.38493569290953084,2.039775983008669,"(0, 1, 3, 4, 5, 2)",21
305,False,0.38393338884473727,2.0398337999403724,"(2, 3, 4, 5, 1, 0)",22
23,False,0.3839333888447374,2.039833799940373,"(0, 1, 5, 4, 3, 2)",23
129,False,0.3849348601395908,2.0398789889977404,"(1, 0, 3, 4, 5, 2)",24
358,False,0.3849348601395908,2.0398789889977404,"(2, 5, 4, 3, 0, 1)",25
143,False,0.38394531108100394,2.039936805929445,"(1, 0, 5, 4, 3, 2)",26
304,False,0.3839453110810039,2.039936805929445,"(2, 3, 4, 5, 0, 1)",27
353,False,0.3851419027432985,2.040041315448317,"(2, 5, 3, 4, 1, 0)",28
15,False,0.3851419027432987,2.0400413154483177,"(0, 1, 4, 3, 5, 2)",29
329,False,0.3841356140924591,2.0400425520564083,"(2, 4, 3, 5, 1, 0)",30
21,False,0.38413561409245944,2.040042552056409,"(0, 1, 5, 3, 4, 2)",31
135,False,0.3851529317422511,2.0401443214373893,"(1, 0, 4, 3, 5, 2)",32
352,False,0.3851529317422511,2.0401443214373893,"(2, 5, 3, 4, 0, 1)",33
328,False,0.38415209490889424,2.040145558045481,"(2, 4, 3, 5, 0, 1)",34
141,False,0.3841520949088943,2.040145558045481,"(1, 0, 5, 3, 4, 2)",35
8,False,0.3850673447344803,2.0402573268950137,"(0, 1, 3, 4, 2, 5)",36
128,False,0.385059652306785,2.0403603328840854,"(1, 0, 3, 4, 2, 5)",37
14,False,0.3851776241533663,2.0405226593346626,"(0, 1, 4, 3, 2, 5)",38
134,False,0.3851955739910633,2.0406256653237342,"(1, 0, 4, 3, 2, 5)",39
343,False,0.38518923784129266,2.040670365004787,"(2, 5, 1, 0, 4, 3)",40
337,False,0.3852674456643581,2.0408284534033143,"(2, 5, 0, 1, 4, 3)",41
342,False,0.38530342765925935,2.0408500362141986,"(2, 5, 1, 0, 3, 4)",42
336,False,0.38542428703767884,2.041008124612726,"(2, 5, 0, 1, 3, 4)",43
302,False,0.3883671213391575,2.0432720600395977,"(2, 3, 4, 1, 0, 5)",44
300,False,0.38836911790147977,2.0434282004297586,"(2, 3, 4, 0, 1, 5)",45
326,False,0.38844936544999925,2.0434808121556336,"(2, 4, 3, 1, 0, 5)",46
324,False,0.38848533259889223,2.0436369525457945,"(2, 4, 3, 0, 1, 5)",47
265,False,0.3930456084566827,2.060697185167043,"(2, 1, 0, 3, 5, 4)",48
267,False,0.39294222224495534,2.060800307987628,"(2, 1, 0, 4, 5, 3)",49
1,False,0.3897720148900257,2.0608187915632588,"(0, 1, 2, 3, 5, 4)",50
241,False,0.39291392375568307,2.060872803585433,"(2, 0, 1, 3, 5, 4)",51
121,False,0.38964330901216254,2.0609217975523313,"(1, 0, 2, 3, 5, 4)",52
3,False,0.3898025014607658,2.060921914383843,"(0, 1, 2, 4, 5, 3)",53
243,False,0.39286459596922524,2.060975926406017,"(2, 0, 1, 4, 5, 3)",54
123,False,0.38963119089201714,2.061024920372916,"(1, 0, 2, 4, 5, 3)",55
144,False,0.3936740065021497,2.0621853607675256,"(1, 2, 0, 3, 4, 5)",56
149,False,0.39027499092786694,2.062253311168633,"(1, 2, 0, 5, 4, 3)",57
24,False,0.39342183174522544,2.062257973196843,"(0, 2, 1, 3, 4, 5)",58
29,False,0.390362056598847,2.0623259235979505,"(0, 2, 1, 5, 4, 3)",59
148,False,0.39042289962832344,2.062432982378045,"(1, 2, 0, 5, 3, 4)",60
146,False,0.39357106200594927,2.0624681547975223,"(1, 2, 0, 4, 3, 5)",61
28,False,0.39037874430966274,2.0625055948073623,"(0, 2, 1, 5, 3, 4)",62
26,False,0.3937638687245001,2.062540767226839,"(0, 2, 1, 4, 3, 5)",63
6,False,0.39341842776876224,2.0661337435196967,"(0, 1, 3, 2, 4, 5)",64
126,False,0.3933815441756869,2.066236749508769,"(1, 0, 3, 2, 4, 5)",65
12,False,0.39339236418845397,2.066681869989342,"(0, 1, 4, 2, 3, 5)",66
132,False,0.39384065197769597,2.0667848759784144,"(1, 0, 4, 2, 3, 5)",67
283,False,0.39389313536495607,2.0675591705300977,"(2, 1, 5, 0, 4, 3)",68
282,False,0.3940402297827835,2.067738841739509,"(2, 1, 5, 0, 3, 4)",69
259,False,0.39403872948051183,2.0678928773470147,"(2, 0, 5, 1, 4, 3)",70
258,False,0.3942213866902028,2.068072548556427,"(2, 0, 5, 1, 3, 4)",71
11,False,0.3940242432280019,2.0684685235168088,"(0, 1, 3, 5, 4, 2)",72
335,False,0.39402424322800167,2.0684685235168088,"(2, 4, 5, 3, 1, 0)",73
311,False,0.39398234529759224,2.0685251038404218,"(2, 3, 5, 4, 1, 0)",74
17,False,0.39398234529759246,2.0685251038404227,"(0, 1, 4, 5, 3, 2)",75
334,False,0.3940319434102805,2.0685715295058813,"(2, 4, 5, 3, 0, 1)",76
131,False,0.3940319434102807,2.0685715295058813,"(1, 0, 3, 5, 4, 2)",77
137,False,0.3939569191717033,2.0686281098294943,"(1, 0, 4, 5, 3, 2)",78
310,False,0.39395691917170317,2.0686281098294943,"(2, 3, 5, 4, 0, 1)",79
22,False,0.3922829610137183,2.0688321181285363,"(0, 1, 5, 4, 2, 3)",80
142,False,0.3923357707592785,2.0689351241176084,"(1, 0, 5, 4, 2, 3)",81
20,False,0.39251628011716,2.069220541453985,"(0, 1, 5, 3, 2, 4)",82
140,False,0.3925437657254408,2.0693235474430574,"(1, 0, 5, 3, 2, 4)",83
97,False,0.3928551630232121,2.0708144537959243,"(0, 5, 1, 2, 4, 3)",84
96,False,0.3930399903299286,2.0709941250053365,"(0, 5, 1, 2, 3, 4)",85
217,False,0.393185614618503,2.0710736001751595,"(1, 5, 0, 2, 4, 3)",86
216,False,0.3930790239575801,2.0712532713845717,"(1, 5, 0, 2, 3, 4)",87
101,False,0.3967739163477625,2.0728725312758938,"(0, 5, 1, 4, 3, 2)",88
303,False,0.3967739163477626,2.0728725312758938,"(2, 3, 4, 1, 5, 0)",89
99,False,0.3969548735459374,2.0730812833919297,"(0, 5, 1, 3, 4, 2)",90
327,False,0.3969548735459375,2.07308128339193,"(2, 4, 3, 1, 5, 0)",91
301,False,0.3968309386078315,2.073131677655128,"(2, 3, 4, 0, 5, 1)",92
221,False,0.39683093860783175,2.0731316776551285,"(1, 5, 0, 4, 3, 2)",93
325,False,0.39696337225704537,2.0733404297711635,"(2, 4, 3, 0, 5, 1)",94
219,False,0.39696337225704564,2.0733404297711644,"(1, 5, 0, 3, 4, 2)",95
145,False,0.4021713498892887,2.0908820062787568,"(1, 2, 0, 3, 5, 4)",96
25,False,0.4021716204807584,2.090954618708074,"(0, 2, 1, 3, 5, 4)",97
147,False,0.4021519242949584,2.0909851290993418,"(1, 2, 0, 4, 5, 3)",98
27,False,0.4022574963247335,2.091057741528658,"(0, 2, 1, 4, 5, 3)",99
7,False,0.401358779921874,2.0948303890309274,"(0, 1, 3, 2, 5, 4)",100
127,False,0.4013506685859797,2.09493339502,"(1, 0, 3, 2, 5, 4)",101
13,False,0.40149307526901873,2.0951988442911604,"(0, 1, 4, 2, 5, 3)",102
133,False,0.401419272617197,2.095301850280234,"(1, 0, 4, 2, 5, 3)",103
270,False,0.40834167698976115,2.095897613744865,"(2, 1, 3, 0, 4, 5)",104
246,False,0.4084649471682061,2.096256751661669,"(2, 0, 3, 1, 4, 5)",105
276,False,0.408521084091533,2.0964558544696796,"(2, 1, 4, 0, 3, 5)",106
252,False,0.4086995491853929,2.096791796749571,"(2, 0, 4, 1, 3, 5)",107
294,False,0.40794117370744626,2.097492596611659,"(2, 3, 1, 0, 4, 5)",108
16,False,0.4018944144021842,2.097523422028586,"(0, 1, 4, 5, 2, 3)",109
136,False,0.4022242586721819,2.0976264280176586,"(1, 0, 4, 5, 2, 3)",110
10,False,0.40222178368106754,2.097646512914385,"(0, 1, 3, 5, 2, 4)",111
288,False,0.40772789445646324,2.0976761161100734,"(2, 3, 0, 1, 4, 5)",112
163,False,0.4024380745885445,2.097743991641812,"(1, 2, 5, 0, 4, 3)",113
130,False,0.40220146252324723,2.0977495189034574,"(1, 0, 3, 5, 2, 4)",114
162,False,0.4024515970170706,2.0979236628512243,"(1, 2, 5, 0, 3, 4)",115
43,False,0.4025875559330392,2.0979746924696556,"(0, 2, 5, 1, 4, 3)",116
42,False,0.40259055672714283,2.0981543636790674,"(0, 2, 5, 1, 3, 4)",117
318,False,0.40814187666863055,2.0982595894525105,"(2, 4, 1, 0, 3, 5)",118
312,False,0.40821526108495654,2.098419913314012,"(2, 4, 0, 1, 3, 5)",119
272,False,0.4086481091323849,2.099988525254588,"(2, 1, 3, 4, 0, 5)",120
356,False,0.40604604154138124,2.1002005702827216,"(2, 5, 4, 1, 0, 3)",121
278,False,0.4087209128498269,2.1002639719494063,"(2, 1, 4, 3, 0, 5)",122
354,False,0.40611248037049846,2.1003492510561093,"(2, 5, 4, 0, 1, 3)",123
248,False,0.40905794871018725,2.1005038035615526,"(2, 0, 3, 4, 1, 5)",124
254,False,0.40892375136692855,2.1007560546194584,"(2, 0, 4, 3, 1, 5)",125
103,False,0.40332849403228077,2.1008775966603617,"(0, 5, 2, 1, 4, 3)",126
350,False,0.40636708557321766,2.1008844027743954,"(2, 5, 3, 1, 0, 4)",127
223,False,0.40333210198972325,2.100978654641069,"(1, 5, 2, 0, 4, 3)",128
348,False,0.40652100564779237,2.101051650544612,"(2, 5, 3, 0, 1, 4)",129
102,False,0.40335639836163706,2.1010572678697734,"(0, 5, 2, 1, 3, 4)",130
222,False,0.4035578427055051,2.101158325850481,"(1, 5, 2, 0, 3, 4)",131
357,False,0.40713775133381475,2.1012840672171995,"(2, 5, 4, 1, 3, 0)",132
51,False,0.4071377513338147,2.1012840672171995,"(0, 3, 1, 4, 5, 2)",133
355,False,0.40721742596093974,2.1015357539796593,"(2, 5, 4, 0, 3, 1)",134
171,False,0.40721742596093974,2.1015357539796593,"(1, 3, 0, 4, 5, 2)",135
296,False,0.4098489405084297,2.1015835081213825,"(2, 3, 1, 4, 0, 5)",136
346,False,0.40726997983294055,2.1016796532882314,"(2, 5, 1, 4, 0, 3)",137
50,False,0.4072621554064723,2.101765411103544,"(0, 3, 1, 4, 2, 5)",138
351,False,0.40741583713390256,2.101788228499461,"(2, 5, 3, 1, 4, 0)",139
75,False,0.40741583713390245,2.101788228499461,"(0, 4, 1, 3, 5, 2)",140
100,False,0.40547883651405037,2.101870849464058,"(0, 5, 1, 4, 2, 3)",141
290,False,0.41015007411680887,2.1019231680099573,"(2, 3, 0, 4, 1, 5)",142
340,False,0.4073376367463599,2.101986422460146,"(2, 5, 0, 4, 1, 3)",143
170,False,0.4072904551059919,2.1020170978660038,"(1, 3, 0, 4, 2, 5)",144
349,False,0.40745748309623525,2.10205848225875,"(2, 5, 3, 0, 4, 1)",145
195,False,0.4074574830962353,2.10205848225875,"(1, 4, 0, 3, 5, 2)",146
320,False,0.4102892781115451,2.102067706932237,"(2, 4, 1, 3, 0, 5)",147
344,False,0.4076852332161091,2.102098153340256,"(2, 5, 1, 3, 0, 4)",148
220,False,0.405750940869134,2.102129995843293,"(1, 5, 0, 4, 2, 3)",149
98,False,0.40588215847148323,2.102259272789506,"(0, 5, 1, 3, 2, 4)",150
74,False,0.407463501834192,2.1022695723858056,"(0, 4, 1, 3, 2, 5)",151
314,False,0.41032120883528556,2.102384171183899,"(2, 4, 0, 3, 1, 5)",152
338,False,0.407750701332077,2.102423489509,"(2, 5, 0, 3, 1, 4)",153
218,False,0.4059163551319484,2.1025184191687405,"(1, 5, 0, 3, 2, 4)",154
194,False,0.4078525266272125,2.102539826145094,"(1, 4, 0, 3, 2, 5)",155
61,False,0.40709128731489147,2.1027631502227084,"(0, 3, 4, 1, 5, 2)",156
347,False,0.40709128731489147,2.1027631502227084,"(2, 5, 1, 4, 3, 0)",157
345,False,0.407078837856999,2.103001979065321,"(2, 5, 1, 3, 4, 0)",158
85,False,0.407078837856999,2.103001979065321,"(0, 4, 3, 1, 5, 2)",159
181,False,0.4072214003593898,2.1031729253836957,"(1, 3, 4, 0, 5, 2)",160
341,False,0.4072214003593899,2.103172925383696,"(2, 5, 0, 4, 3, 1)",161
60,False,0.4071579714973852,2.1032444941090525,"(0, 3, 4, 1, 2, 5)",162
205,False,0.40715221614646413,2.1034303212231373,"(1, 4, 3, 0, 5, 2)",163
339,False,0.40715221614646435,2.103430321223138,"(2, 5, 0, 3, 4, 1)",164
84,False,0.40711642514136964,2.103483322951665,"(0, 4, 3, 1, 2, 5)",165
180,False,0.4072841927548773,2.1036542692700406,"(1, 3, 4, 0, 2, 5)",166
204,False,0.4075337263232169,2.1039116651094822,"(1, 4, 3, 0, 2, 5)",167
271,False,0.41633464884342186,2.1245942592560967,"(2, 1, 3, 0, 5, 4)",168
247,False,0.4163270923408304,2.1249533971729004,"(2, 0, 3, 1, 5, 4)",169
277,False,0.41625172802940213,2.124972828771499,"(2, 1, 4, 0, 5, 3)",170
253,False,0.41637319290398445,2.1253087710513903,"(2, 0, 4, 1, 5, 3)",171
150,False,0.41688586513834636,2.1260824348565803,"(1, 2, 3, 0, 4, 5)",172
295,False,0.4159086930003234,2.1261892421228907,"(2, 3, 1, 0, 5, 4)",173
30,False,0.41651892918364447,2.12633856678431,"(0, 2, 3, 1, 4, 5)",174
289,False,0.415921071213589,2.1263727616213046,"(2, 3, 0, 1, 5, 4)",175
156,False,0.41681827281796463,2.1266406755813945,"(1, 2, 4, 0, 3, 5)",176
319,False,0.4161510523860713,2.1267765637543294,"(2, 4, 1, 0, 5, 3)",177
36,False,0.41698550407729157,2.1268736118722122,"(0, 2, 4, 1, 3, 5)",178
313,False,0.41619772132565636,2.1269368876158308,"(2, 4, 0, 1, 5, 3)",179
48,False,0.4156889982190872,2.127641827728228,"(0, 3, 1, 2, 4, 5)",180
168,False,0.4158049162765567,2.1278935144906876,"(1, 3, 0, 2, 4, 5)",181
72,False,0.4161526653550706,2.1284287830404853,"(0, 4, 1, 2, 3, 5)",182
286,False,0.41621068350271984,2.128568458813542,"(2, 1, 5, 4, 0, 3)",183
192,False,0.4159523077982761,2.1286990367997745,"(1, 4, 0, 2, 3, 5)",184
332,False,0.4151348224522689,2.1288931107908633,"(2, 4, 5, 1, 0, 3)",185
284,False,0.41621888461945367,2.1289869588655668,"(2, 1, 5, 3, 0, 4)",186
330,False,0.4152457043664856,2.12904179156425,"(2, 4, 5, 0, 1, 3)",187
262,False,0.41639981844420976,2.129050846403846,"(2, 0, 5, 4, 1, 3)",188
308,False,0.41548231552753856,2.129368191166501,"(2, 3, 5, 1, 0, 4)",189
260,False,0.41643262002725256,2.1294879134527003,"(2, 0, 5, 3, 1, 4)",190
306,False,0.4153663832142713,2.129535438936717,"(2, 3, 5, 0, 1, 4)",191
118,False,0.4170396208681789,2.1295889964908845,"(0, 5, 4, 3, 1, 2)",192
273,False,0.4170396208681789,2.1295889964908845,"(2, 1, 3, 4, 5, 0)",193
64,False,0.4156770564761121,2.1296519557480185,"(0, 3, 4, 5, 1, 2)",194
287,False,0.4156770564761122,2.1296519557480185,"(2, 1, 5, 4, 3, 0)",195
279,False,0.417330428609483,2.1298644431857023,"(2, 1, 4, 3, 5, 0)",196
112,False,0.417330428609483,2.1298644431857023,"(0, 5, 3, 4, 1, 2)",197
88,False,0.4157991360791239,2.129890784590631,"(0, 4, 3, 5, 1, 2)",198
285,False,0.4157991360791241,2.1298907845906316,"(2, 1, 5, 3, 4, 0)",199
53,False,0.4164082237770857,2.1299766077253395,"(0, 3, 1, 5, 4, 2)",200
333,False,0.41640822377708586,2.1299766077253404,"(2, 4, 5, 1, 3, 0)",201
152,False,0.41726974494362445,2.130173346366303,"(1, 2, 3, 4, 0, 5)",202
249,False,0.4174661561768671,2.130207280786922,"(2, 0, 3, 4, 5, 1)",203
238,False,0.4174661561768674,2.130207280786923,"(1, 5, 4, 3, 0, 2)",204
173,False,0.4164788938466078,2.1302282944878,"(1, 3, 0, 5, 4, 2)",205
331,False,0.41647889384660786,2.1302282944878,"(2, 4, 5, 0, 3, 1)",206
184,False,0.4158672040991604,2.1302373493273956,"(1, 3, 4, 5, 0, 2)",207
263,False,0.4158672040991606,2.1302373493273965,"(2, 0, 5, 4, 3, 1)",208
77,False,0.4162999530899605,2.130272016891566,"(0, 4, 1, 5, 3, 2)",209
309,False,0.4162999530899605,2.130272016891566,"(2, 3, 5, 1, 4, 0)",210
158,False,0.4172431587386041,2.130448793061121,"(1, 2, 4, 3, 0, 5)",211
255,False,0.4175423446696326,2.130459531844828,"(2, 0, 4, 3, 5, 1)",212
232,False,0.41754234466963286,2.1304595318448283,"(1, 5, 3, 4, 0, 2)",213
208,False,0.4160736804490417,2.130494745166838,"(1, 4, 3, 5, 0, 2)",214
261,False,0.4160736804490418,2.130494745166838,"(2, 0, 5, 3, 4, 1)",215
307,False,0.41665731307285886,2.1305422706508548,"(2, 3, 5, 0, 4, 1)",216
197,False,0.4166573130728589,2.1305422706508548,"(1, 4, 0, 5, 3, 2)",217
32,False,0.4174276839766438,2.1305856186841936,"(0, 2, 3, 4, 1, 5)",218
38,False,0.41765246960565394,2.1308378697420993,"(0, 2, 4, 3, 1, 5)",219
297,False,0.4180438145050581,2.1311839793576786,"(2, 3, 1, 4, 5, 0)",220
115,False,0.41804381450505806,2.1311839793576786,"(0, 5, 4, 1, 3, 2)",221
235,False,0.4185291833424366,2.131626645235326,"(1, 5, 4, 0, 3, 2)",222
291,False,0.4185291833424367,2.1316266452353263,"(2, 3, 0, 4, 5, 1)",223
109,False,0.4182338481905563,2.131668178168533,"(0, 5, 3, 1, 4, 2)",224
321,False,0.41823384819055637,2.1316681781685336,"(2, 4, 1, 3, 5, 0)",225
315,False,0.41830835608674133,2.132087648409268,"(2, 4, 0, 3, 5, 1)",226
229,False,0.4183083560867417,2.132087648409269,"(1, 5, 3, 0, 4, 2)",227
62,False,0.4166556723634309,2.13336796263362,"(0, 3, 4, 2, 1, 5)",228
86,False,0.416770859964121,2.1336067914762333,"(0, 4, 3, 2, 1, 5)",229
182,False,0.4170155355859906,2.1336215974044466,"(1, 3, 4, 2, 0, 5)",230
206,False,0.4168773718892901,2.1338789932438886,"(1, 4, 3, 2, 0, 5)",231
151,False,0.42537763132776607,2.1547790803678115,"(1, 2, 3, 0, 5, 4)",232
31,False,0.42545421957217766,2.155035212295541,"(0, 2, 3, 1, 5, 4)",233
157,False,0.4255217856629554,2.155157649883214,"(1, 2, 4, 0, 5, 3)",234
37,False,0.4256694831825205,2.155390586174031,"(0, 2, 4, 1, 5, 3)",235
49,False,0.4232885425365624,2.156338473239459,"(0, 3, 1, 2, 5, 4)",236
169,False,0.42337332413044254,2.1565901600019184,"(1, 3, 0, 2, 5, 4)",237
73,False,0.4234794669752471,2.1569457573423048,"(0, 4, 1, 2, 5, 3)",238
193,False,0.4236017055588168,2.157216011101594,"(1, 4, 0, 2, 5, 3)",239
280,False,0.4274840307799876,2.157250299124235,"(2, 1, 4, 5, 0, 3)",240
274,False,0.42748402885738673,2.1573933524814417,"(2, 1, 3, 5, 0, 4)",241
54,False,0.4275623828384255,2.157710823848026,"(0, 3, 2, 1, 4, 5)",242
256,False,0.4276422081480687,2.1577349221775135,"(2, 0, 4, 5, 1, 3)",243
174,False,0.42755727370057534,2.157778991112072,"(1, 3, 2, 0, 4, 5)",244
250,False,0.4277037152535438,2.1579197381684616,"(2, 0, 3, 5, 1, 4)",245
94,False,0.4266856939388647,2.1582971782065066,"(0, 4, 5, 3, 1, 2)",246
275,False,0.42668569393886474,2.1582971782065066,"(2, 1, 3, 5, 4, 0)",247
281,False,0.4268071932720483,2.158333796058712,"(2, 1, 4, 5, 3, 0)",248
70,False,0.42680719327204847,2.1583337960587126,"(0, 3, 5, 4, 1, 2)",249
78,False,0.4278504625032702,2.1584846977785404,"(0, 4, 2, 1, 3, 5)",250
198,False,0.4278980505790948,2.158594627676328,"(1, 4, 2, 0, 3, 5)",251
166,False,0.4241938591628703,2.1587532799252567,"(1, 2, 5, 4, 0, 3)",252
190,False,0.42693600966310224,2.158921425101063,"(1, 3, 5, 4, 0, 2)",253
257,False,0.42693600966310247,2.1589214251010636,"(2, 0, 4, 5, 3, 1)",254
214,False,0.4269508598864949,2.158926569882599,"(1, 4, 5, 3, 0, 2)",255
251,False,0.4269508598864951,2.1589265698825995,"(2, 0, 3, 5, 4, 1)",256
298,False,0.42704454685365745,2.1589883353482366,"(2, 3, 1, 5, 0, 4)",257
322,False,0.4270319553403539,2.159054034107066,"(2, 4, 1, 5, 0, 3)",258
46,False,0.4243333393742297,2.1591326615264874,"(0, 2, 5, 4, 1, 3)",259
52,False,0.42428074386672326,2.1591545971229165,"(0, 3, 1, 5, 2, 4)",260
164,False,0.42426942365372955,2.1591717799772816,"(1, 2, 5, 3, 0, 4)",261
76,False,0.42421666038826855,2.1592703350797304,"(0, 4, 1, 5, 2, 3)",262
292,False,0.42696431538575064,2.159339102616867,"(2, 3, 0, 5, 1, 4)",263
316,False,0.42704159096724675,2.1593630387419545,"(2, 4, 0, 5, 1, 3)",264
172,False,0.4242625429550257,2.159406283885376,"(1, 3, 0, 5, 2, 4)",265
196,False,0.424090304114283,2.1595405888390182,"(1, 4, 0, 5, 2, 3)",266
44,False,0.4244626703991199,2.1595697285753412,"(0, 2, 5, 3, 1, 4)",267
119,False,0.42430287217505513,2.1597738176025985,"(0, 5, 4, 3, 2, 1)",268
153,False,0.42430287217505536,2.159773817602599,"(1, 2, 3, 4, 5, 0)",269
65,False,0.42292201927589473,2.1598367768597324,"(0, 3, 4, 5, 2, 1)",270
167,False,0.42292201927589523,2.1598367768597337,"(1, 2, 5, 4, 3, 0)",271
91,False,0.42822361991808944,2.1598921610733015,"(0, 4, 5, 1, 3, 2)",272
299,False,0.4282236199180893,2.1598921610733015,"(2, 3, 1, 5, 4, 0)",273
113,False,0.42440844287807244,2.1600492642974167,"(0, 5, 3, 4, 2, 1)",274
159,False,0.4244084428780729,2.1600492642974176,"(1, 2, 4, 3, 5, 0)",275
89,False,0.4231025999520561,2.160075605702345,"(0, 4, 3, 5, 2, 1)",276
165,False,0.4231025999520565,2.160075605702346,"(1, 2, 5, 3, 4, 0)",277
67,False,0.42834900984331536,2.160137531041543,"(0, 3, 5, 1, 4, 2)",278
323,False,0.42834900984331536,2.160137531041543,"(2, 4, 1, 5, 3, 0)",279
114,False,0.4270720196542895,2.160182297545843,"(0, 5, 4, 1, 2, 3)",280
33,False,0.4245129990494159,2.1602890959095626,"(0, 2, 3, 4, 5, 1)",281
239,False,0.4245129990494164,2.1602890959095644,"(1, 5, 4, 3, 2, 0)",282
185,False,0.4231865984487427,2.160319164450037,"(1, 3, 4, 5, 2, 0)",283
47,False,0.42318659844874273,2.160319164450037,"(0, 2, 5, 4, 3, 1)",284
211,False,0.42838047124745543,2.1603459343310036,"(1, 4, 5, 0, 3, 2)",285
293,False,0.4283804712474556,2.160345934331004,"(2, 3, 0, 5, 4, 1)",286
39,False,0.4247964608359058,2.1605413469674684,"(0, 2, 4, 3, 5, 1)",287
233,False,0.4247964608359062,2.1605413469674697,"(1, 5, 3, 4, 2, 0)",288
187,False,0.42846037090597755,2.160549541665503,"(1, 3, 5, 0, 4, 2)",289
317,False,0.42846037090597766,2.160549541665504,"(2, 4, 0, 5, 3, 1)",290
45,False,0.42328696454729764,2.1605765602894786,"(0, 2, 5, 3, 4, 1)",291
209,False,0.4232869645472977,2.160576560289479,"(1, 4, 3, 5, 2, 0)",292
234,False,0.4271868710081446,2.1606249634234915,"(1, 5, 4, 0, 2, 3)",293
108,False,0.427258081811205,2.1608461675661093,"(0, 5, 3, 1, 2, 4)",294
228,False,0.42744372079079357,2.161265637806845,"(1, 5, 3, 0, 2, 4)",295
176,False,0.42823682967235804,2.1618699026217945,"(1, 3, 2, 4, 0, 5)",296
56,False,0.4278115301041197,2.16195787574791,"(0, 3, 2, 4, 1, 5)",297
226,False,0.42523340603384663,2.1619879429245135,"(1, 5, 2, 4, 0, 3)",298
106,False,0.42530317486865943,2.1620355657171935,"(0, 5, 2, 4, 1, 3)",299
200,False,0.42789317767420243,2.1624027451560544,"(1, 4, 2, 3, 0, 5)",300
224,False,0.42544939779143864,2.162406442976538,"(1, 5, 2, 3, 0, 4)",301
80,False,0.42823368506818227,2.1624489556484283,"(0, 4, 2, 3, 1, 5)",302
104,False,0.425180314865239,2.1624726327660477,"(0, 5, 2, 3, 1, 4)",303
63,False,0.4239328840514649,2.1630714398589896,"(0, 3, 4, 2, 5, 1)",304
227,False,0.4239328840514654,2.163071439858991,"(1, 5, 2, 4, 3, 0)",305
183,False,0.42396095768822023,2.163222068640743,"(1, 3, 4, 2, 5, 0)",306
107,False,0.4239609576882205,2.163222068640744,"(0, 5, 2, 4, 3, 1)",307
87,False,0.4240119659139785,2.1633102687016024,"(0, 4, 3, 2, 5, 1)",308
225,False,0.42401196591397877,2.1633102687016033,"(1, 5, 2, 3, 4, 0)",309
207,False,0.42408294299339777,2.163479464480185,"(1, 4, 3, 2, 5, 0)",310
105,False,0.4240829429933979,2.1634794644801856,"(0, 5, 2, 3, 4, 1)",311
55,False,0.43523387298776356,2.1864074693592572,"(0, 3, 2, 1, 5, 4)",312
175,False,0.43525335359410267,2.186475636623303,"(1, 3, 2, 0, 5, 4)",313
79,False,0.43534310161557743,2.1870016720803593,"(0, 4, 2, 1, 5, 3)",314
199,False,0.43539788324258194,2.187111601978147,"(1, 4, 2, 0, 5, 3)",315
160,False,0.4355586888961883,2.18743512023595,"(1, 2, 4, 5, 0, 3)",316
154,False,0.4357487249675448,2.187578173593157,"(1, 2, 3, 5, 0, 4)",317
40,False,0.43573949604983675,2.187816737300154,"(0, 2, 4, 5, 1, 3)",318
34,False,0.43560055322358476,2.1880015532911026,"(0, 2, 3, 5, 1, 4)",319
95,False,0.43418100139803606,2.188481999318221,"(0, 4, 5, 3, 2, 1)",320
155,False,0.4341810013980363,2.1884819993182214,"(1, 2, 3, 5, 4, 0)",321
71,False,0.434224144631252,2.188518617170426,"(0, 3, 5, 4, 2, 1)",322
161,False,0.4342241446312525,2.1885186171704274,"(1, 2, 4, 5, 3, 0)",323
90,False,0.43610554108092736,2.188890479261465,"(0, 4, 5, 1, 2, 3)",324
191,False,0.43440772411253104,2.1890032402237045,"(1, 3, 5, 4, 2, 0)",325
41,False,0.4344077241125311,2.1890032402237045,"(0, 2, 4, 5, 3, 1)",326
215,False,0.43440753238735796,2.1890083850052404,"(1, 4, 5, 3, 2, 0)",327
35,False,0.43440753238735796,2.1890083850052404,"(0, 2, 3, 5, 4, 1)",328
66,False,0.43612422899751246,2.189315520439119,"(0, 3, 5, 1, 2, 4)",329
210,False,0.43607723519693115,2.1893442525191684,"(1, 4, 5, 0, 2, 3)",330
186,False,0.43629719154164376,2.18972753106308,"(1, 3, 5, 0, 2, 4)",331
116,False,0.43655730387022157,2.1902838709345414,"(0, 5, 4, 2, 1, 3)",332
236,False,0.4365211129378241,2.1905778560388014,"(1, 5, 4, 2, 0, 3)",333
110,False,0.4366707002302048,2.1909963846782134,"(0, 5, 3, 2, 1, 4)",334
230,False,0.43672953498020706,2.191248607148733,"(1, 5, 3, 2, 0, 4)",335
117,False,0.4352107392116755,2.191470373858091,"(0, 5, 4, 2, 3, 1)",336
177,False,0.4352107392116754,2.191470373858091,"(1, 3, 2, 4, 5, 0)",337
57,False,0.4352586230503278,2.191661352973279,"(0, 3, 2, 4, 5, 1)",338
237,False,0.43525862305032814,2.19166135297328,"(1, 5, 4, 2, 3, 0)",339
201,False,0.43528206203659947,2.192003216392351,"(1, 4, 2, 3, 5, 0)",340
111,False,0.43528206203659975,2.1920032163923517,"(0, 5, 3, 2, 4, 1)",341
81,False,0.4356935154849885,2.1921524328737974,"(0, 4, 2, 3, 5, 1)",342
231,False,0.4356935154849889,2.1921524328737982,"(1, 5, 3, 2, 4, 0)",343
92,False,0.446022067921348,2.2189920526501634,"(0, 4, 5, 2, 1, 3)",344
178,False,0.44616220775869736,2.2192747298486486,"(1, 3, 2, 5, 0, 4)",345
212,False,0.44611620794108403,2.2192971451344787,"(1, 4, 5, 2, 0, 3)",346
58,False,0.446123624336715,2.219373810354819,"(0, 3, 2, 5, 1, 4)",347
202,False,0.4461476936163721,2.2193890723308836,"(1, 4, 2, 5, 0, 3)",348
82,False,0.4462603911605865,2.219427823206483,"(0, 4, 2, 5, 1, 3)",349
68,False,0.44617912275237404,2.2194657375512232,"(0, 3, 5, 2, 1, 4)",350
188,False,0.44629363886454154,2.2197105004049678,"(1, 3, 5, 2, 0, 4)",351
179,False,0.44516597450977036,2.2201785555737135,"(1, 3, 2, 5, 4, 0)",352
93,False,0.44516597450977047,2.220178555573714,"(0, 4, 5, 2, 3, 1)",353
213,False,0.44489781035882026,2.220380642068956,"(1, 4, 5, 2, 3, 0)",354
59,False,0.44489781035882037,2.2203806420689562,"(0, 3, 2, 5, 4, 1)",355
203,False,0.4450641657519536,2.2204725692653606,"(1, 4, 2, 5, 3, 0)",356
69,False,0.4450641657519537,2.220472569265361,"(0, 3, 5, 2, 4, 1)",357
189,False,0.44509524370034,2.2206143261300326,"(1, 3, 5, 2, 4, 0)",358
83,False,0.44509524370034026,2.2206143261300335,"(0, 4, 2, 5, 3, 1)",359
