,is_well_nested,ms,ee,perm,i
43,False,1.1043595055010476,3.1880889790940516,"(0, 2, 5, 1, 4, 3)",0
42,False,1.1104346164254657,3.189418006064444,"(0, 2, 5, 1, 3, 4)",1
209,False,1.1032310929671065,3.1915186309791688,"(1, 4, 3, 5, 2, 0)",2
45,False,1.1032310929671068,3.1915186309791697,"(0, 2, 5, 3, 4, 1)",3
259,False,1.113376868190405,3.191902370398299,"(2, 0, 5, 1, 4, 3)",4
29,False,1.111345339029829,3.1919920660755485,"(0, 2, 1, 5, 4, 3)",5
258,False,1.1141715011965172,3.1932313973686908,"(2, 0, 5, 1, 3, 4)",6
28,False,1.1148546949903908,3.1933210930459417,"(0, 2, 1, 5, 3, 4)",7
44,False,1.1104715122360667,3.193573065823286,"(0, 2, 5, 3, 1, 4)",8
215,False,1.1030243608656356,3.1937250942935815,"(1, 4, 5, 3, 2, 0)",9
35,False,1.1030243608656358,3.1937250942935815,"(0, 2, 3, 5, 4, 1)",10
125,True,1.1079328261407886,3.194577478184822,"(1, 0, 2, 5, 4, 3)",11
208,False,1.109887930411244,3.1953320222834165,"(1, 4, 3, 5, 0, 2)",12
261,False,1.109887930411244,3.1953320222834165,"(2, 0, 5, 3, 4, 1)",13
34,False,1.1032583800234343,3.195779529137698,"(0, 2, 3, 5, 1, 4)",14
245,True,1.1096350508031114,3.1958054573797963,"(2, 0, 1, 5, 4, 3)",15
5,True,1.1168819428553498,3.195853743278657,"(0, 1, 2, 5, 4, 3)",16
124,True,1.1104290948503233,3.1959065051552145,"(1, 0, 2, 5, 3, 4)",17
185,False,1.1073409623132306,3.1962505741222174,"(1, 3, 4, 5, 2, 0)",18
47,False,1.107340962313231,3.1962505741222182,"(0, 2, 5, 4, 3, 1)",19
31,False,1.1103632076524161,3.1967601178385836,"(0, 2, 3, 1, 5, 4)",20
46,False,1.110672156017563,3.1969759819959425,"(0, 2, 5, 4, 1, 3)",21
244,True,1.110286683498221,3.1971344843501885,"(2, 0, 1, 5, 3, 4)",22
4,True,1.111789346923297,3.1971827702490487,"(0, 1, 2, 5, 3, 4)",23
260,False,1.1132303613860157,3.197386457127533,"(2, 0, 5, 3, 1, 4)",24
251,False,1.110279385319089,3.1975384855978284,"(2, 0, 3, 5, 4, 1)",25
214,False,1.1102793853190893,3.1975384855978293,"(1, 4, 5, 3, 0, 2)",26
25,False,1.1174551807426167,3.1984567415056695,"(0, 2, 1, 3, 5, 4)",27
239,False,1.1143901188738545,3.198695718086978,"(1, 5, 4, 3, 2, 0)",28
33,False,1.114390118873855,3.198695718086979,"(0, 2, 3, 4, 5, 1)",29
30,False,1.113563929317401,3.199019612096407,"(0, 2, 3, 1, 4, 5)",30
250,False,1.1100709759154168,3.199592920441945,"(2, 0, 3, 5, 1, 4)",31
149,False,1.1137635649338815,3.199780206569546,"(1, 2, 0, 5, 4, 3)",32
263,False,1.112182459648063,3.200063965426465,"(2, 0, 5, 4, 3, 1)",33
184,False,1.1121824596480632,3.200063965426465,"(1, 3, 4, 5, 0, 2)",34
212,False,1.1033685204391501,3.2000965903472283,"(1, 4, 5, 2, 0, 3)",35
337,False,1.1150140974929663,3.2001320366003836,"(2, 5, 0, 1, 4, 3)",36
247,False,1.1146681479992402,3.2005735091428313,"(2, 0, 3, 1, 5, 4)",37
59,False,1.1087036534974757,3.200647447567338,"(0, 3, 2, 5, 4, 1)",38
213,False,1.1087036534974752,3.200647447567338,"(1, 4, 5, 2, 3, 0)",39
24,False,1.1191940532438387,3.200716235763492,"(0, 2, 1, 3, 4, 5)",40
262,False,1.1083565623566094,3.2007893733001893,"(2, 0, 5, 4, 1, 3)",41
27,False,1.115504499029747,3.2010411261886835,"(0, 2, 1, 4, 5, 3)",42
121,False,1.1073758696152394,3.2010421536149423,"(1, 0, 2, 3, 5, 4)",43
148,False,1.1156029736711746,3.2011092335399374,"(1, 2, 0, 5, 3, 4)",44
336,False,1.1151921156438336,3.201461063570776,"(2, 5, 0, 1, 3, 4)",45
241,False,1.1180947283475067,3.2022701328099163,"(2, 0, 1, 3, 5, 4)",46
1,False,1.1151157797522875,3.202318418708775,"(0, 1, 2, 3, 5, 4)",47
249,False,1.1129061715387354,3.202509109391226,"(2, 0, 3, 4, 5, 1)",48
238,False,1.1129061715387354,3.202509109391226,"(1, 5, 4, 3, 0, 2)",49
58,False,1.1132266718465316,3.2027018824114535,"(0, 3, 2, 5, 1, 4)",50
204,False,1.1089951066817088,3.2027859611893597,"(1, 4, 3, 0, 2, 5)",51
246,False,1.1142180372109056,3.202833003400653,"(2, 0, 3, 1, 4, 5)",52
32,False,1.1146942568370926,3.2030096471889182,"(0, 2, 3, 4, 1, 5)",53
120,True,1.1133201357744436,3.203301647872765,"(1, 0, 2, 3, 4, 5)",54
339,False,1.1112869926927194,3.203561688485501,"(2, 5, 0, 3, 4, 1)",55
205,False,1.1112869926927194,3.203561688485501,"(1, 4, 3, 0, 5, 2)",56
123,False,1.1186671955171879,3.2036265382979563,"(1, 0, 2, 4, 5, 3)",57
55,False,1.1127049249786936,3.2036824711123404,"(0, 3, 2, 1, 5, 4)",58
103,False,1.1167266715171942,3.203862874172745,"(0, 5, 2, 1, 4, 3)",59
240,True,1.115869207312261,3.204529627067738,"(2, 0, 1, 3, 4, 5)",60
0,True,1.118214630137605,3.2045779129665988,"(0, 1, 2, 3, 4, 5)",61
26,False,1.1181535332842247,3.2046296474168994,"(0, 2, 1, 4, 3, 5)",62
243,False,1.1130890730182805,3.2048545174929304,"(2, 0, 1, 4, 5, 3)",63
269,True,1.11916946591149,3.2048698629676267,"(2, 1, 0, 5, 4, 3)",64
3,False,1.113255453392279,3.2049028033917906,"(0, 1, 2, 4, 5, 3)",65
236,False,1.1136834450953044,3.2050672141406267,"(1, 5, 4, 2, 0, 3)",66
102,False,1.1176576207899218,3.205191901143137,"(0, 5, 2, 1, 3, 4)",67
338,False,1.114474061262065,3.205616123329617,"(2, 5, 0, 3, 1, 4)",68
57,False,1.1089535838494393,3.2056180713607354,"(0, 3, 2, 4, 5, 1)",69
237,False,1.108953583849439,3.2056180713607354,"(1, 5, 4, 2, 3, 0)",70
54,False,1.1196337174132514,3.205941965370163,"(0, 3, 2, 1, 4, 5)",71
223,False,1.1084542117745364,3.2059744936905163,"(1, 5, 2, 0, 4, 3)",72
210,False,1.1081911040558126,3.2060089566896286,"(1, 4, 5, 0, 2, 3)",73
268,True,1.1139066585338637,3.2061988899380185,"(2, 1, 0, 5, 3, 4)",74
145,False,1.1155146849250401,3.206244881999665,"(1, 2, 0, 3, 5, 4)",75
127,False,1.1147021894128375,3.2065752242711993,"(1, 0, 3, 2, 5, 4)",76
248,False,1.111497496576291,3.206823038493165,"(2, 0, 3, 4, 1, 5)",77
163,False,1.11635257858704,3.2069261119968155,"(1, 2, 5, 0, 4, 3)",78
122,True,1.1202514774636012,3.2072150595261713,"(1, 0, 2, 4, 3, 5)",79
207,False,1.1184975004669961,3.207292526057862,"(1, 4, 3, 2, 5, 0)",80
105,False,1.1184975004669966,3.207292526057863,"(0, 5, 2, 3, 4, 1)",81
222,False,1.1143267002719701,3.2073035206609086,"(1, 5, 2, 0, 3, 4)",82
180,False,1.107953387013536,3.207517904332409,"(1, 3, 4, 0, 2, 5)",83
7,False,1.1225361024183642,3.2078514893650327,"(0, 1, 3, 2, 5, 4)",84
162,False,1.118311372660245,3.208255138967208,"(1, 2, 5, 0, 3, 4)",85
341,False,1.1093701404563283,3.2082936316285497,"(2, 5, 0, 4, 3, 1)",86
181,False,1.1093701404563283,3.2082936316285497,"(1, 3, 4, 0, 5, 2)",87
139,False,1.1199265306530735,3.208348685416248,"(1, 0, 5, 2, 4, 3)",88
242,True,1.1176782264182632,3.2084430387211453,"(2, 0, 1, 4, 3, 5)",89
2,True,1.1195488487231917,3.208491324620005,"(0, 1, 2, 4, 3, 5)",90
144,False,1.1136077059057268,3.208504376257488,"(1, 2, 0, 3, 4, 5)",91
147,False,1.119623882112774,3.2088292666826783,"(1, 2, 0, 4, 5, 3)",92
126,False,1.114608110812436,3.208834718529022,"(1, 0, 3, 2, 4, 5)",93
340,False,1.1171133155706612,3.2090190395022744,"(2, 5, 0, 4, 1, 3)",94
191,False,1.1147792638004042,3.2090668473591535,"(1, 3, 5, 4, 2, 0)",95
41,False,1.1147792638004046,3.2090668473591544,"(0, 2, 4, 5, 3, 1)",96
233,False,1.1183454731921962,3.2093055280095006,"(1, 5, 3, 4, 2, 0)",97
39,False,1.1183454731921967,3.2093055280095015,"(0, 2, 4, 3, 5, 1)",98
104,False,1.1188927824687211,3.2093469609019794,"(0, 5, 2, 3, 1, 4)",99
19,False,1.119132427760861,3.209624950510082,"(0, 1, 5, 2, 4, 3)",100
138,False,1.1229343598121613,3.2096777123866396,"(1, 0, 5, 2, 3, 4)",101
40,False,1.1154988318091068,3.2097922552328777,"(0, 2, 4, 5, 1, 3)",102
56,False,1.1144779366016,3.209932000462674,"(0, 3, 2, 4, 1, 5)",103
37,False,1.1180437813582134,3.209954312444121,"(0, 2, 4, 1, 5, 3)",104
6,False,1.1160808714041615,3.210110983622856,"(0, 1, 3, 2, 4, 5)",105
206,False,1.1133500133803516,3.210330190065968,"(1, 4, 3, 2, 0, 5)",106
211,False,1.1138196265794489,3.210373205213985,"(1, 4, 5, 0, 3, 2)",107
293,False,1.1138196265794493,3.210373205213985,"(2, 3, 0, 5, 4, 1)",108
202,False,1.117388699240646,3.2105806677892366,"(1, 4, 2, 5, 0, 3)",109
169,False,1.1123387433785104,3.2105876536992746,"(1, 3, 0, 2, 5, 4)",110
49,False,1.1203573080886176,3.2109121654356825,"(0, 3, 1, 2, 5, 4)",111
18,False,1.1233081673971785,3.210953977480474,"(0, 1, 5, 2, 3, 4)",112
234,False,1.1159802372049896,3.210979580483026,"(1, 5, 4, 0, 2, 3)",113
69,False,1.1195809247052118,3.2111315250093457,"(0, 3, 5, 2, 4, 1)",114
203,False,1.1195809247052118,3.211131525009346,"(1, 4, 2, 5, 3, 0)",115
193,False,1.1140749971882626,3.211139989076794,"(1, 4, 0, 2, 5, 3)",116
343,False,1.1225374068694176,3.2111810290091514,"(2, 5, 1, 0, 4, 3)",117
265,False,1.121580887972096,3.211334538397746,"(2, 1, 0, 3, 5, 4)",118
199,False,1.1193970208363904,3.211694478357904,"(1, 4, 2, 0, 5, 3)",119
133,False,1.1189642351482136,3.211859502791767,"(1, 0, 4, 2, 5, 3)",120
283,False,1.1241486025419665,3.212015768394896,"(2, 1, 5, 0, 4, 3)",121
107,False,1.115227475749713,3.2120244692009114,"(0, 5, 2, 4, 3, 1)",122
183,False,1.115227475749713,3.2120244692009114,"(1, 3, 4, 2, 5, 0)",123
146,False,1.1194126187110416,3.2124177879108933,"(1, 2, 0, 4, 3, 5)",124
292,False,1.1204851683434283,3.212427640058101,"(2, 3, 0, 5, 1, 4)",125
342,False,1.121576757976213,3.212510055979544,"(2, 5, 1, 0, 3, 4)",126
217,False,1.1194264741940256,3.212599795494671,"(1, 5, 0, 2, 4, 3)",127
106,False,1.116581129007195,3.2127498770746357,"(0, 5, 2, 4, 1, 3)",128
168,False,1.1221478043671098,3.2128471479570972,"(1, 3, 0, 2, 4, 5)",129
257,False,1.122199674489468,3.2128802386634003,"(2, 0, 4, 5, 3, 1)",130
190,False,1.122199674489468,3.2128802386634003,"(1, 3, 5, 4, 0, 2)",131
128,False,1.116457211533716,3.212941632542088,"(1, 0, 3, 4, 2, 5)",132
255,False,1.1178573360863095,3.2131189193137493,"(2, 0, 4, 3, 5, 1)",133
232,False,1.1178573360863098,3.2131189193137493,"(1, 5, 3, 4, 0, 2)",134
13,False,1.1245145874856362,3.213135767885602,"(0, 1, 4, 2, 5, 3)",135
48,False,1.1219510428952453,3.213171659693505,"(0, 3, 1, 2, 4, 5)",136
68,False,1.1213099686951593,3.213185959853462,"(0, 3, 5, 2, 1, 4)",137
282,False,1.1244896482568068,3.2133447953652885,"(2, 1, 5, 0, 3, 4)",138
289,False,1.1203437834331496,3.2134082287589876,"(2, 3, 0, 1, 5, 4)",139
36,False,1.1256870741777767,3.213542833672336,"(0, 2, 4, 1, 3, 5)",140
264,True,1.116470430657606,3.213594032655569,"(2, 1, 0, 3, 4, 5)",141
256,False,1.1172410002718307,3.2136056465371237,"(2, 0, 4, 5, 1, 3)",142
38,False,1.1244136129092932,3.2136194571114416,"(0, 2, 4, 3, 1, 5)",143
358,False,1.1167098280959709,3.21371735983823,"(2, 5, 4, 3, 0, 1)",144
129,False,1.116709828095971,3.2137173598382303,"(1, 0, 3, 4, 5, 2)",145
253,False,1.1191640844322728,3.213767703748369,"(2, 0, 4, 1, 5, 3)",146
226,False,1.1174447216347507,3.213909743234982,"(1, 5, 2, 4, 0, 3)",147
267,False,1.12198999976943,3.2139189230807603,"(2, 1, 0, 4, 5, 3)",148
216,False,1.116708530746574,3.213928822465064,"(1, 5, 0, 2, 3, 4)",149
8,False,1.1175005456561073,3.214217897635922,"(0, 1, 3, 4, 2, 5)",150
63,False,1.1175981962664558,3.2144606004550913,"(0, 3, 4, 2, 5, 1)",151
227,False,1.1175981962664558,3.2144606004550917,"(1, 5, 2, 4, 3, 0)",152
192,False,1.120716415658221,3.214728510305009,"(1, 4, 0, 2, 3, 5)",153
166,False,1.12002561221629,3.2148613615412813,"(1, 2, 5, 4, 0, 3)",154
194,False,1.1159442897907719,3.214922012664669,"(1, 4, 0, 3, 2, 5)",155
359,False,1.121136712527323,3.2149936249320623,"(2, 5, 4, 3, 1, 0)",156
9,False,1.1211367125273237,3.214993624932063,"(0, 1, 3, 4, 5, 2)",157
182,False,1.1173389360785744,3.215062133209017,"(1, 3, 4, 2, 0, 5)",158
198,False,1.1204873160987252,3.21528299958612,"(1, 4, 2, 0, 3, 5)",159
235,False,1.116502057771085,3.2153438290073826,"(1, 5, 4, 0, 3, 2)",160
291,False,1.1165020577710854,3.215343829007383,"(2, 3, 0, 4, 5, 1)",161
167,False,1.1207910365945244,3.21541221876139,"(1, 2, 5, 4, 3, 0)",162
65,False,1.1207910365945244,3.215412218761391,"(0, 3, 4, 5, 2, 1)",163
132,False,1.1210972126682814,3.2154480240199828,"(1, 0, 4, 2, 3, 5)",164
134,False,1.1243869820016277,3.215641526379641,"(1, 0, 4, 3, 2, 5)",165
288,False,1.1225235475391022,3.2156677230168103,"(2, 3, 0, 1, 4, 5)",166
349,False,1.113014777789767,3.21569773996081,"(2, 5, 3, 0, 4, 1)",167
195,False,1.113014777789767,3.2156977399608104,"(1, 4, 0, 3, 5, 2)",168
196,False,1.1235809752086332,3.215938544850524,"(1, 4, 0, 5, 2, 3)",169
135,False,1.1175656568142085,3.2164172536757833,"(1, 0, 4, 3, 5, 2)",170
352,False,1.117565656814209,3.2164172536757842,"(2, 5, 3, 4, 0, 1)",171
160,False,1.1164442375020476,3.2165029098889324,"(1, 2, 4, 5, 0, 3)",172
136,False,1.1186440113241138,3.216658058565498,"(1, 0, 4, 5, 2, 3)",173
12,False,1.1259929760895422,3.2167242891138166,"(0, 1, 4, 2, 3, 5)",174
14,False,1.1257794089682827,3.2169177914734757,"(0, 1, 4, 3, 2, 5)",175
170,False,1.1169792611536877,3.2169540619701626,"(1, 3, 0, 4, 2, 5)",176
161,False,1.1192467788257578,3.217053767109042,"(1, 2, 4, 5, 3, 0)",177
71,False,1.119246778825758,3.2170537671090425,"(0, 3, 5, 4, 2, 1)",178
50,False,1.1191457242793592,3.2172785737065714,"(0, 3, 1, 4, 2, 5)",179
252,False,1.1193478402926014,3.2173562249765837,"(2, 0, 4, 1, 3, 5)",180
254,False,1.121972721789377,3.2174328484156876,"(2, 0, 4, 3, 1, 5)",181
356,False,1.1217756633242766,3.2175034437826042,"(2, 5, 4, 1, 0, 3)",182
266,True,1.119726481611817,3.2175074443089753,"(2, 1, 0, 4, 3, 5)",183
157,False,1.120469637261666,3.2176167204576007,"(1, 2, 4, 0, 5, 3)",184
353,False,1.1205810482866148,3.2176935187696167,"(2, 5, 3, 4, 1, 0)",185
15,False,1.120581048286615,3.217693518769617,"(0, 1, 4, 3, 5, 2)",186
355,False,1.1171792907458276,3.2177297892663046,"(2, 5, 4, 0, 3, 1)",187
171,False,1.1171792907458276,3.217729789266305,"(1, 3, 0, 4, 5, 2)",188
348,False,1.1206105789393335,3.217752174804927,"(2, 5, 3, 0, 1, 4)",189
16,False,1.1236679181029863,3.2179343236593327,"(0, 1, 4, 5, 2, 3)",190
357,False,1.1213016618566936,3.2180543010027134,"(2, 5, 4, 1, 3, 0)",191
51,False,1.1213016618566936,3.2180543010027134,"(0, 3, 1, 4, 5, 2)",192
354,False,1.1190693642817258,3.2184551971400297,"(2, 5, 4, 0, 1, 3)",193
130,False,1.1203744472054165,3.2185899869589445,"(1, 0, 3, 5, 2, 4)",194
62,False,1.1249744346314774,3.2187745295570305,"(0, 3, 4, 2, 1, 5)",195
225,False,1.1246240213035466,3.218801590439191,"(1, 5, 2, 3, 4, 0)",196
87,False,1.1246240213035472,3.218801590439191,"(0, 4, 3, 2, 5, 1)",197
175,False,1.1203318533905593,3.2188515013793726,"(1, 3, 2, 0, 5, 4)",198
60,False,1.1209947604487607,3.218891408477585,"(0, 3, 4, 1, 2, 5)",199
346,False,1.1225097260743824,3.2191162785536176,"(2, 5, 1, 4, 0, 3)",200
224,False,1.1229448508908735,3.2195797601894744,"(1, 5, 2, 3, 0, 4)",201
290,False,1.1191717079692316,3.219657758109322,"(2, 3, 0, 4, 1, 5)",202
347,False,1.1175941865988213,3.2196671357737263,"(2, 5, 1, 4, 3, 0)",203
61,False,1.1175941865988213,3.2196671357737263,"(0, 3, 4, 1, 5, 2)",204
165,False,1.117377478303103,3.219753208745491,"(1, 2, 5, 3, 4, 0)",205
89,False,1.1173774783031034,3.219753208745491,"(0, 4, 3, 5, 2, 1)",206
10,False,1.1213520940138666,3.219866252052779,"(0, 1, 3, 5, 2, 4)",207
286,False,1.1218867599901565,3.2199510179393624,"(2, 1, 5, 4, 0, 3)",208
201,False,1.1207166284428294,3.219983066814282,"(1, 4, 2, 3, 5, 0)",209
111,False,1.1207166284428298,3.219983066814283,"(0, 5, 3, 2, 4, 1)",210
151,False,1.1242100994963014,3.2200418003360207,"(1, 2, 3, 0, 5, 4)",211
197,False,1.1237522584399766,3.2203027933748807,"(1, 4, 0, 5, 3, 2)",212
307,False,1.1237522584399773,3.2203027933748816,"(2, 3, 5, 0, 4, 1)",213
83,False,1.1210958455512348,3.22033019061701,"(0, 4, 2, 5, 3, 1)",214
189,False,1.1210958455512343,3.22033019061701,"(1, 3, 5, 2, 4, 0)",215
64,False,1.1221072739904387,3.2205018751594707,"(0, 3, 4, 5, 1, 2)",216
287,False,1.122107273990439,3.2205018751594707,"(2, 1, 5, 4, 3, 0)",217
164,False,1.12123607434472,3.2205313784957736,"(1, 2, 5, 3, 0, 4)",218
73,False,1.128335093569264,3.2205374339403514,"(0, 4, 1, 2, 5, 3)",219
231,False,1.1185455974337308,3.220568871267358,"(1, 5, 3, 2, 4, 0)",220
81,False,1.1185455974337313,3.220568871267359,"(0, 4, 2, 3, 5, 1)",221
137,False,1.122914225527709,3.2210223070898545,"(1, 0, 4, 5, 3, 2)",222
310,False,1.1229142255277091,3.221022307089855,"(2, 3, 5, 4, 0, 1)",223
82,False,1.1229884806400259,3.221055598490734,"(0, 4, 2, 5, 1, 3)",224
188,False,1.118066486522123,3.2211083603672916,"(1, 3, 5, 2, 0, 4)",225
174,False,1.120631979416085,3.2211109956371944,"(1, 3, 2, 0, 4, 5)",226
156,False,1.123669334939808,3.2212052416858166,"(1, 2, 4, 0, 3, 5)",227
79,False,1.123866591061955,3.2212176557019774,"(0, 4, 2, 1, 5, 3)",228
230,False,1.1174490671026267,3.2213470410176415,"(1, 5, 3, 2, 0, 4)",229
97,False,1.129929906667723,3.2215371683856686,"(0, 5, 1, 2, 4, 3)",230
280,False,1.1237170619405044,3.221592566287014,"(2, 1, 4, 5, 0, 3)",231
131,False,1.1221891968782554,3.2216252085129087,"(1, 0, 3, 5, 4, 2)",232
334,False,1.1221891968782556,3.221625208512909,"(2, 4, 5, 3, 0, 1)",233
110,False,1.1230102486324562,3.2220375016583986,"(0, 5, 3, 2, 1, 4)",234
281,False,1.1237863587205368,3.2221434235071227,"(2, 1, 4, 5, 3, 0)",235
70,False,1.1237863587205366,3.2221434235071227,"(0, 3, 5, 4, 1, 2)",236
142,False,1.1238751906147546,3.2221963013031134,"(1, 0, 5, 4, 2, 3)",237
311,False,1.1182924778195802,3.2222985721836888,"(2, 3, 5, 4, 1, 0)",238
17,False,1.1182924778195806,3.222298572183689,"(0, 1, 4, 5, 3, 2)",239
150,False,1.1260614200848367,3.2223012945938425,"(1, 2, 3, 0, 4, 5)",240
306,False,1.122320084187768,3.2223572282189985,"(2, 3, 5, 0, 1, 4)",241
172,False,1.1238210129234587,3.2226024163870193,"(1, 3, 0, 5, 2, 4)",242
277,False,1.12834750294809,3.222706376855683,"(2, 1, 4, 0, 5, 3)",243
96,False,1.1232705206105902,3.222866195356061,"(0, 5, 1, 2, 3, 4)",244
335,False,1.1218426798883094,3.222901473606742,"(2, 4, 5, 3, 1, 0)",245
11,False,1.1218426798883099,3.2229014736067425,"(0, 1, 3, 5, 4, 2)",246
52,False,1.124761274079311,3.222926928123427,"(0, 3, 1, 5, 2, 4)",247
200,False,1.1234868025926525,3.2230207308223893,"(1, 4, 2, 3, 0, 5)",248
86,False,1.1251988128316133,3.22311551954113,"(0, 4, 3, 2, 1, 5)",249
84,False,1.1253245222662982,3.2232323984616853,"(0, 4, 3, 1, 2, 5)",250
22,False,1.1232153781758991,3.2234725663969472,"(0, 1, 5, 4, 2, 3)",251
345,False,1.128887088639817,3.224008125757827,"(2, 5, 1, 3, 4, 0)",252
85,False,1.1288870886398172,3.224008125757827,"(0, 4, 3, 1, 5, 2)",253
72,False,1.129012078481817,3.2241259551685655,"(0, 4, 1, 2, 3, 5)",254
74,False,1.1240949065525756,3.2243194575282255,"(0, 4, 1, 3, 2, 5)",255
344,False,1.124062913381688,3.2247862955081095,"(2, 5, 1, 3, 0, 4)",256
78,False,1.1258329281894854,3.2248061769301923,"(0, 4, 2, 1, 3, 5)",257
88,False,1.1248139695030424,3.2248428651435708,"(0, 4, 3, 5, 1, 2)",258
285,False,1.1248139695030424,3.224842865143571,"(2, 1, 5, 3, 4, 0)",259
80,False,1.1214933430413168,3.224882800369298,"(0, 4, 2, 3, 1, 5)",260
75,False,1.1235745222394236,3.225095184824367,"(0, 4, 1, 3, 5, 2)",261
351,False,1.1235745222394236,3.2250951848243674,"(2, 5, 3, 1, 4, 0)",262
271,False,1.1285579761261333,3.225131456734102,"(2, 1, 3, 0, 5, 4)",263
179,False,1.1258946309282976,3.225213922697927,"(1, 3, 2, 5, 4, 0)",264
93,False,1.1258946309282982,3.225213922697928,"(0, 4, 5, 2, 3, 1)",265
76,False,1.1261544042267075,3.2253359897140825,"(0, 4, 1, 5, 2, 3)",266
332,False,1.1259652082250722,3.225411292457282,"(2, 4, 5, 1, 0, 3)",267
284,False,1.1275020629759909,3.2256210348938548,"(2, 1, 5, 3, 0, 4)",268
173,False,1.1216297346660669,3.2256376379409835,"(1, 3, 0, 5, 4, 2)",269
331,False,1.121629734666067,3.2256376379409843,"(2, 4, 5, 0, 3, 1)",270
350,False,1.1244536550046709,3.2258733545746505,"(2, 5, 3, 1, 0, 4)",271
159,False,1.1247753886291079,3.225905308913979,"(1, 2, 4, 3, 5, 0)",272
113,False,1.1247753886291083,3.2259053089139798,"(0, 5, 3, 4, 2, 1)",273
92,False,1.123735166320976,3.2259393305716513,"(0, 4, 5, 2, 1, 3)",274
53,False,1.1243169842596845,3.225962149677392,"(0, 3, 1, 5, 4, 2)",275
333,False,1.1243169842596845,3.2259621496773923,"(2, 4, 5, 1, 3, 0)",276
186,False,1.1257771643127819,3.2259825319862,"(1, 3, 5, 0, 2, 4)",277
178,False,1.1286040254575629,3.2259920924482097,"(1, 3, 2, 5, 0, 4)",278
66,False,1.1297499509004585,3.226181311242093,"(0, 3, 5, 1, 2, 4)",279
228,False,1.121993962296154,3.226221212636549,"(1, 5, 3, 0, 2, 4)",280
276,False,1.126079210191937,3.2262948980838972,"(2, 1, 4, 0, 3, 5)",281
330,False,1.1277827142715169,3.2263630458147086,"(2, 4, 5, 0, 1, 3)",282
155,False,1.1257784309302883,3.2264042216545743,"(1, 2, 3, 5, 4, 0)",283
95,False,1.1257784309302887,3.226404221654575,"(0, 4, 5, 3, 2, 1)",284
220,False,1.126194978614514,3.226447411381537,"(1, 5, 0, 4, 2, 3)",285
143,False,1.1295197485326731,3.22656054982747,"(1, 0, 5, 4, 3, 2)",286
304,False,1.1295197485326731,3.22656054982747,"(2, 3, 4, 5, 0, 1)",287
140,False,1.124147215618184,3.226828123534113,"(1, 0, 5, 3, 2, 4)",288
154,False,1.1256175588856892,3.227182391404858,"(1, 2, 3, 5, 0, 4)",289
270,False,1.1246266379084358,3.2273909509919236,"(2, 1, 3, 0, 4, 5)",290
305,False,1.126093230627248,3.2278368149213033,"(2, 3, 4, 5, 1, 0)",291
23,False,1.1260932306272484,3.2278368149213037,"(0, 1, 5, 4, 3, 2)",292
20,False,1.1240461343227215,3.228104388627947,"(0, 1, 5, 3, 2, 4)",293
322,False,1.1271554503526944,3.228665675575948,"(2, 4, 1, 5, 0, 3)",294
295,False,1.131165517984194,3.228901770762428,"(2, 3, 1, 0, 5, 4)",295
158,False,1.126422756951345,3.228942972922085,"(1, 2, 4, 3, 0, 5)",296
317,False,1.125804825745162,3.229017753540165,"(2, 4, 0, 5, 3, 1)",297
187,False,1.1258048257451616,3.229017753540165,"(1, 3, 5, 0, 4, 2)",298
67,False,1.127826132864868,3.2292165327960567,"(0, 3, 5, 1, 4, 2)",299
323,False,1.127826132864868,3.229216532796057,"(2, 4, 1, 5, 3, 0)",300
315,False,1.1265032707027918,3.2292564341905123,"(2, 4, 0, 3, 5, 1)",301
229,False,1.1265032707027918,3.2292564341905132,"(1, 5, 3, 0, 4, 2)",302
309,False,1.1224620491302548,3.2297002382384385,"(2, 3, 5, 1, 4, 0)",303
77,False,1.122462049130255,3.229700238238439,"(0, 4, 1, 5, 3, 2)",304
177,False,1.12233369391656,3.229724474518764,"(1, 3, 2, 4, 5, 0)",305
117,False,1.1223336939165602,3.229724474518764,"(0, 5, 4, 2, 3, 1)",306
316,False,1.1294376504499009,3.2297431614138885,"(2, 4, 0, 5, 1, 3)",307
319,False,1.1301032823726562,3.2297794861446167,"(2, 4, 1, 0, 5, 3)",308
141,False,1.1247443294939081,3.229863345088077,"(1, 0, 5, 3, 4, 2)",309
328,False,1.1247443294939088,3.2298633450880785,"(2, 4, 3, 5, 0, 1)",310
313,False,1.1297218315349624,3.2299052186251327,"(2, 4, 0, 1, 5, 3)",311
116,False,1.1215888490092965,3.230449882392489,"(0, 5, 4, 2, 1, 3)",312
308,False,1.128383669007081,3.2304784079887217,"(2, 3, 5, 1, 0, 4)",313
221,False,1.129319519838615,3.2308116599058936,"(1, 5, 0, 4, 3, 2)",314
301,False,1.1293195198386152,3.2308116599058936,"(2, 3, 4, 0, 5, 1)",315
90,False,1.126829136575605,3.2308999435566257,"(0, 4, 5, 1, 2, 3)",316
119,False,1.1305138108546129,3.230914773475412,"(0, 5, 4, 3, 2, 1)",317
153,False,1.1305138108546124,3.230914773475412,"(1, 2, 3, 4, 5, 0)",318
279,False,1.1275686548695876,3.23099496531206,"(2, 1, 4, 3, 5, 0)",319
112,False,1.1275686548695876,3.2309949653120604,"(0, 5, 3, 4, 1, 2)",320
218,False,1.1269755678508588,3.2310792336125367,"(1, 5, 0, 3, 2, 4)",321
329,False,1.127068506360421,3.231139610181911,"(2, 4, 3, 5, 1, 0)",322
21,False,1.1270685063604216,3.231139610181912,"(0, 1, 5, 3, 4, 2)",323
294,False,1.1263459702334966,3.231161265020251,"(2, 3, 1, 0, 4, 5)",324
94,False,1.127497223355112,3.231493878052656,"(0, 4, 5, 3, 1, 2)",325
275,False,1.1274972233551117,3.231493878052656,"(2, 1, 3, 5, 4, 0)",326
274,False,1.1306190675025292,3.2322720478029394,"(2, 1, 3, 5, 0, 4)",327
176,False,1.1247239184943176,3.2327621385268692,"(1, 3, 2, 4, 0, 5)",328
318,False,1.132027217077348,3.233368007372832,"(2, 4, 1, 0, 3, 5)",329
312,False,1.1267896500471484,3.233493739853348,"(2, 4, 0, 1, 3, 5)",330
314,False,1.1247980142562095,3.233570363292452,"(2, 4, 0, 3, 1, 5)",331
152,False,1.13036919497825,3.2339524374835174,"(1, 2, 3, 4, 0, 5)",332
278,False,1.1249391925229049,3.234032629320166,"(2, 1, 4, 3, 0, 5)",333
219,False,1.1311781610683254,3.234114455166501,"(1, 5, 0, 3, 4, 2)",334
325,False,1.1311781610683256,3.2341144551665013,"(2, 4, 3, 0, 5, 1)",335
108,False,1.129731574769254,3.2350328530470307,"(0, 5, 3, 1, 2, 4)",336
300,False,1.132645701705231,3.2351255890078328,"(2, 3, 4, 0, 1, 5)",337
299,False,1.1258977314665264,3.2352641920809826,"(2, 3, 1, 5, 4, 0)",338
91,False,1.1258977314665264,3.235264192080983,"(0, 4, 5, 1, 3, 2)",339
100,False,1.1288457770419273,3.235384784272534,"(0, 5, 1, 4, 2, 3)",340
114,False,1.131814490216029,3.2354104953774634,"(0, 5, 4, 1, 2, 3)",341
118,False,1.1340070414818526,3.2360044298734927,"(0, 5, 4, 3, 1, 2)",342
273,False,1.1340070414818526,3.236004429873493,"(2, 1, 3, 4, 5, 0)",343
298,False,1.1340358088400846,3.2360423618312653,"(2, 3, 1, 5, 0, 4)",344
109,False,1.1325665082812737,3.238068074600994,"(0, 5, 3, 1, 4, 2)",345
321,False,1.132566508281274,3.238068074600995,"(2, 4, 1, 3, 5, 0)",346
324,False,1.1313625861453787,3.2384283842684405,"(2, 4, 3, 0, 1, 5)",347
272,False,1.1314283633082487,3.239042093881599,"(2, 1, 3, 4, 0, 5)",348
101,False,1.1332108665736373,3.2397490327968894,"(0, 5, 1, 4, 3, 2)",349
303,False,1.1332108665736376,3.2397490327968903,"(2, 3, 4, 1, 5, 0)",350
297,False,1.1305812705998421,3.2397747439018194,"(2, 3, 1, 4, 5, 0)",351
115,False,1.1305812705998424,3.23977474390182,"(0, 5, 4, 1, 3, 2)",352
98,False,1.1316756321454013,3.2400166065035334,"(0, 5, 1, 3, 2, 4)",353
320,False,1.130489505424033,3.2411057386091002,"(2, 4, 1, 3, 0, 5)",354
302,False,1.1359807700770281,3.2427866968049965,"(2, 3, 4, 1, 0, 5)",355
296,False,1.1338902809138285,3.2428124079099248,"(2, 3, 1, 4, 0, 5)",356
327,False,1.1354932602281442,3.243051828057498,"(2, 4, 3, 1, 5, 0)",357
99,False,1.1354932602281445,3.2430518280574985,"(0, 5, 1, 3, 4, 2)",358
326,False,1.1340558090406532,3.2460894920656034,"(2, 4, 3, 1, 0, 5)",359
