,is_well_nested,ms,ee,perm,i
242,True,0.7224050004237523,2.4412074211519665,"(2, 0, 1, 4, 3, 5)",0
240,True,0.7330708065190062,2.441421686662679,"(2, 0, 1, 3, 4, 5)",1
266,True,0.7340038310132416,2.4416181528556153,"(2, 1, 0, 4, 3, 5)",2
264,True,0.7169448475966368,2.441832418366329,"(2, 1, 0, 3, 4, 5)",3
244,True,0.7096903032751135,2.447770367851172,"(2, 0, 1, 5, 3, 4)",4
268,True,0.6990708687560337,2.448181099554821,"(2, 1, 0, 5, 3, 4)",5
245,True,0.7023221691116169,2.4488257020337825,"(2, 0, 1, 5, 4, 3)",6
269,True,0.7066723211117228,2.449236433737432,"(2, 1, 0, 5, 4, 3)",7
2,True,0.7008758215124873,2.449739113497197,"(0, 1, 2, 4, 3, 5)",8
0,True,0.7077988780375095,2.449953379007909,"(0, 1, 2, 3, 4, 5)",9
122,True,0.7096790974459123,2.4501751957418505,"(1, 0, 2, 4, 3, 5)",10
120,True,0.7040998174610084,2.4503894612525627,"(1, 0, 2, 3, 4, 5)",11
4,True,0.6893301944203731,2.456302060196402,"(0, 1, 2, 5, 3, 4)",12
124,True,0.6871842924613422,2.456738142441056,"(1, 0, 2, 5, 3, 4)",13
5,True,0.684019350884387,2.457357394379013,"(0, 1, 2, 5, 4, 3)",14
125,True,0.6898010644161272,2.457793476623666,"(1, 0, 2, 5, 4, 3)",15
18,False,0.6973096842065797,2.4824021762288044,"(0, 1, 5, 2, 3, 4)",16
138,False,0.6939780727131973,2.4828382584734583,"(1, 0, 5, 2, 3, 4)",17
19,False,0.693875869453746,2.4834575104114154,"(0, 1, 5, 2, 4, 3)",18
139,False,0.6975933971585405,2.483893592656069,"(1, 0, 5, 2, 4, 3)",19
342,False,0.7170308416765551,2.484272184773221,"(2, 5, 1, 0, 3, 4)",20
336,False,0.7234448894895438,2.484356644588825,"(2, 5, 0, 1, 3, 4)",21
343,False,0.724848821018247,2.485327518955832,"(2, 5, 1, 0, 4, 3)",22
337,False,0.7171929702880001,2.485411978771436,"(2, 5, 0, 1, 4, 3)",23
14,False,0.7189806970364493,2.487223717796297,"(0, 1, 4, 3, 2, 5)",24
134,False,0.72581544076753,2.4876598000409498,"(1, 0, 4, 3, 2, 5)",25
15,False,0.7178859461649143,2.4877281850255417,"(0, 1, 4, 3, 5, 2)",26
353,False,0.7178859461649141,2.4877281850255417,"(2, 5, 3, 4, 1, 0)",27
135,False,0.7251852968372081,2.488164267270195,"(1, 0, 4, 3, 5, 2)",28
352,False,0.7251852968372082,2.488164267270196,"(2, 5, 3, 4, 0, 1)",29
8,False,0.7247173587985284,2.488169925715409,"(0, 1, 3, 4, 2, 5)",30
128,False,0.7190950364833314,2.4886060079600627,"(1, 0, 3, 4, 2, 5)",31
359,False,0.7229202160586556,2.4886743929446546,"(2, 5, 4, 3, 1, 0)",32
9,False,0.722920216058656,2.4886743929446546,"(0, 1, 3, 4, 5, 2)",33
358,False,0.7174860056263818,2.489110475189309,"(2, 5, 4, 3, 0, 1)",34
129,False,0.7174860056263815,2.489110475189309,"(1, 0, 3, 4, 5, 2)",35
329,False,0.7211539301124582,2.491837178786553,"(2, 4, 3, 5, 1, 0)",36
21,False,0.721153930112459,2.4918371787865543,"(0, 1, 5, 3, 4, 2)",37
328,False,0.7150435441339038,2.4922732610312073,"(2, 4, 3, 5, 0, 1)",38
141,False,0.7150435441339041,2.492273261031208,"(1, 0, 5, 3, 4, 2)",39
305,False,0.7128118581830173,2.4926717312751845,"(2, 3, 4, 5, 1, 0)",40
23,False,0.7128118581830181,2.4926717312751854,"(0, 1, 5, 4, 3, 2)",41
304,False,0.7183909134746914,2.493107813519839,"(2, 3, 4, 5, 0, 1)",42
143,False,0.718390913474692,2.4931078135198397,"(1, 0, 5, 4, 3, 2)",43
326,False,0.7476688273556528,2.49730430702008,"(2, 4, 3, 1, 0, 5)",44
324,False,0.7358530410189728,2.497430739719564,"(2, 4, 3, 0, 1, 5)",45
302,False,0.7354017440012831,2.498138859508711,"(2, 3, 4, 1, 0, 5)",46
300,False,0.7488738509214489,2.4982652922081945,"(2, 3, 4, 0, 1, 5)",47
26,False,0.7769594608610283,2.5761572290929347,"(0, 2, 1, 4, 3, 5)",48
241,False,0.7753203878231167,2.576203997211467,"(2, 0, 1, 3, 5, 4)",49
24,False,0.7727290164414455,2.576371494603647,"(0, 2, 1, 3, 4, 5)",50
265,False,0.7749495518519901,2.5766147289151173,"(2, 1, 0, 3, 5, 4)",51
146,False,0.7761684551925027,2.5770040430412378,"(1, 2, 0, 4, 3, 5)",52
243,False,0.7786083470778731,2.577045065883366,"(2, 0, 1, 4, 5, 3)",53
144,False,0.7740166424668318,2.57721830855195,"(1, 2, 0, 3, 4, 5)",54
267,False,0.774844655516173,2.5774557975870147,"(2, 1, 0, 4, 5, 3)",55
28,False,0.7524013110551514,2.58272017579214,"(0, 2, 1, 5, 3, 4)",56
148,False,0.7527338994398253,2.583566989740443,"(1, 2, 0, 5, 3, 4)",57
29,False,0.7519726933426433,2.5837755099747506,"(0, 2, 1, 5, 4, 3)",58
149,False,0.7518181880392023,2.584622323923054,"(1, 2, 0, 5, 4, 3)",59
1,False,0.7518125490433004,2.5847356895566977,"(0, 1, 2, 3, 5, 4)",60
121,False,0.755515044839857,2.5851717718013503,"(1, 0, 2, 3, 5, 4)",61
3,False,0.7533268179819955,2.585576758228596,"(0, 1, 2, 4, 5, 3)",62
123,False,0.7548726238982895,2.5860128404732494,"(1, 0, 2, 4, 5, 3)",63
258,False,0.769479065725936,2.6019414554558944,"(2, 0, 5, 1, 3, 4)",64
282,False,0.769369984577856,2.6022677273439396,"(2, 1, 5, 0, 3, 4)",65
259,False,0.7702884379632517,2.602996789638505,"(2, 0, 5, 1, 4, 3)",66
283,False,0.7714785591779472,2.6033230615265497,"(2, 1, 5, 0, 4, 3)",67
12,False,0.7700009138926857,2.604551910419856,"(0, 1, 4, 2, 3, 5)",68
132,False,0.7714199310932822,2.60498799266451,"(1, 0, 4, 2, 3, 5)",69
6,False,0.7736213025205053,2.605712383849681,"(0, 1, 3, 2, 4, 5)",70
126,False,0.772868902413021,2.6061484660943344,"(1, 0, 3, 2, 4, 5)",71
311,False,0.7742941560371683,2.621384412165441,"(2, 3, 5, 4, 1, 0)",72
17,False,0.7742941560371692,2.621384412165442,"(0, 1, 4, 5, 3, 2)",73
335,False,0.7741124684330617,2.621496067595922,"(2, 4, 5, 3, 1, 0)",74
11,False,0.7741124684330626,2.621496067595923,"(0, 1, 3, 5, 4, 2)",75
137,False,0.7742423600318145,2.6218204944100956,"(1, 0, 4, 5, 3, 2)",76
310,False,0.7742423600318145,2.6218204944100956,"(2, 3, 5, 4, 0, 1)",77
334,False,0.7751959718750719,2.621932149840577,"(2, 4, 5, 3, 0, 1)",78
131,False,0.7751959718750719,2.621932149840577,"(1, 0, 3, 5, 4, 2)",79
96,False,0.7657577859601999,2.623323579632545,"(0, 5, 1, 2, 3, 4)",80
216,False,0.767125815950457,2.6238860945766826,"(1, 5, 0, 2, 3, 4)",81
97,False,0.7645110717428367,2.624378913815156,"(0, 5, 1, 2, 4, 3)",82
217,False,0.7662348081639657,2.624941428759293,"(1, 5, 0, 2, 4, 3)",83
20,False,0.7679324138496327,2.626115022106097,"(0, 1, 5, 3, 2, 4)",84
140,False,0.7667798124294037,2.6265511043507503,"(1, 0, 5, 3, 2, 4)",85
22,False,0.7672058216511578,2.628004908777339,"(0, 1, 5, 4, 2, 3)",86
142,False,0.7674660191291213,2.628440991021992,"(1, 0, 5, 4, 2, 3)",87
327,False,0.7915373353473951,2.6327585821902937,"(2, 4, 3, 1, 5, 0)",88
99,False,0.7915373353473958,2.6327585821902946,"(0, 5, 1, 3, 4, 2)",89
325,False,0.7913776508690639,2.6333210971344316,"(2, 4, 3, 0, 5, 1)",90
219,False,0.7913776508690639,2.633321097134432,"(1, 5, 0, 3, 4, 2)",91
303,False,0.7900763505913706,2.633593134678925,"(2, 3, 4, 1, 5, 0)",92
101,False,0.7900763505913713,2.633593134678926,"(0, 5, 1, 4, 3, 2)",93
301,False,0.7924866621066436,2.6341556496230627,"(2, 3, 4, 0, 5, 1)",94
221,False,0.7924866621066436,2.6341556496230636,"(1, 5, 0, 4, 3, 2)",95
25,False,0.8317167807069166,2.711153805152435,"(0, 2, 1, 3, 5, 4)",96
27,False,0.8271553680796593,2.7119948738243327,"(0, 2, 1, 4, 5, 3)",97
145,False,0.8270216526880478,2.712000619100738,"(1, 2, 0, 3, 5, 4)",98
147,False,0.8323252808523897,2.7128416877726367,"(1, 2, 0, 4, 5, 3)",99
252,False,0.8519905712892979,2.7230584690222033,"(2, 0, 4, 1, 3, 5)",100
276,False,0.8627369336376267,2.723263348012774,"(2, 1, 4, 0, 3, 5)",101
246,False,0.8630894917685217,2.724134813191081,"(2, 0, 3, 1, 4, 5)",102
270,False,0.8506135494760326,2.724221337632534,"(2, 1, 3, 0, 4, 5)",103
42,False,0.8162538089635782,2.736891263396862,"(0, 2, 5, 1, 3, 4)",104
162,False,0.8186118775241125,2.737653617529561,"(1, 2, 5, 0, 3, 4)",105
254,False,0.8549974921518582,2.7379448077731996,"(2, 0, 4, 3, 1, 5)",106
43,False,0.8175573901870901,2.737946597579473,"(0, 2, 5, 1, 4, 3)",107
278,False,0.8554548036925337,2.738023254064286,"(2, 1, 4, 3, 0, 5)",108
318,False,0.8552075109346577,2.7380894800933233,"(2, 4, 1, 0, 3, 5)",109
312,False,0.8553772478941449,2.738295332806402,"(2, 4, 0, 1, 3, 5)",110
163,False,0.8174422650508738,2.7387089517121717,"(1, 2, 5, 0, 4, 3)",111
272,False,0.8529400780158912,2.7387669781733344,"(2, 1, 3, 4, 0, 5)",112
248,False,0.8533966717313802,2.738806886431365,"(2, 0, 3, 4, 1, 5)",113
294,False,0.8549147752985561,2.739882022201714,"(2, 3, 1, 0, 4, 5)",114
288,False,0.8549550779699393,2.7402062294639116,"(2, 3, 0, 1, 4, 5)",115
13,False,0.8185603641485324,2.7403895551512547,"(0, 1, 4, 2, 5, 3)",116
7,False,0.8200750108439684,2.7404946943984694,"(0, 1, 3, 2, 5, 4)",117
133,False,0.8187488161505397,2.7408256373959086,"(1, 0, 4, 2, 5, 3)",118
127,False,0.8199657966048005,2.740930776643123,"(1, 0, 3, 2, 5, 4)",119
102,False,0.8197531310635492,2.7513945512048648,"(0, 5, 2, 1, 3, 4)",120
222,False,0.8204376578979895,2.7518726063333983,"(1, 5, 2, 0, 3, 4)",121
103,False,0.8220035621737316,2.7524498853874757,"(0, 5, 2, 1, 4, 3)",122
320,False,0.8724919763482235,2.752849386144835,"(2, 4, 1, 3, 0, 5)",123
223,False,0.8231772150782494,2.7529279405160088,"(1, 5, 2, 0, 4, 3)",124
314,False,0.8627771603088752,2.7531816715573982,"(2, 4, 0, 3, 1, 5)",125
296,False,0.8590651463748126,2.7544276627425135,"(2, 3, 1, 4, 0, 5)",126
290,False,0.8728519031153826,2.7548783027041943,"(2, 3, 0, 4, 1, 5)",127
10,False,0.8244277742943328,2.7557739109154658,"(0, 1, 3, 5, 2, 4)",128
130,False,0.8250286513120585,2.756209993160119,"(1, 0, 3, 5, 2, 4)",129
16,False,0.8227489033689745,2.7567175896675953,"(0, 1, 4, 5, 2, 3)",130
136,False,0.823166403984735,2.757153671912249,"(1, 0, 4, 5, 2, 3)",131
344,False,0.8471061935616384,2.758227865731485,"(2, 5, 1, 3, 0, 4)",132
84,False,0.8442919835825325,2.758395363123665,"(0, 4, 3, 1, 2, 5)",133
338,False,0.8587305758045939,2.758655582705279,"(2, 5, 0, 3, 1, 4)",134
345,False,0.8448430463789182,2.7588998303529104,"(2, 5, 1, 3, 4, 0)",135
85,False,0.8448430463789184,2.758899830352911,"(0, 4, 3, 1, 5, 2)",136
350,False,0.8458088731316231,2.7589540348650265,"(2, 5, 3, 1, 0, 4)",137
74,False,0.8474645908947694,2.759121532257206,"(0, 4, 1, 3, 2, 5)",138
204,False,0.8465469242515326,2.7592591623421123,"(1, 4, 3, 0, 2, 5)",139
348,False,0.8471562421920218,2.7592972920232164,"(2, 5, 3, 0, 1, 4)",140
60,False,0.8479667007307385,2.7594166365552715,"(0, 3, 4, 1, 2, 5)",141
351,False,0.8485650467517135,2.7596259994864507,"(2, 5, 3, 1, 4, 0)",142
75,False,0.8485650467517137,2.759625999486451,"(0, 4, 1, 3, 5, 2)",143
205,False,0.8463000000635232,2.759763629571358,"(1, 4, 3, 0, 5, 2)",144
339,False,0.8463000000635237,2.759763629571359,"(2, 5, 0, 3, 4, 1)",145
194,False,0.858664518079667,2.759900871660049,"(1, 4, 0, 3, 2, 5)",146
61,False,0.8453581804349395,2.7599211037845177,"(0, 3, 4, 1, 5, 2)",147
347,False,0.8453581804349394,2.7599211037845177,"(2, 5, 1, 4, 3, 0)",148
180,False,0.8470231982804812,2.759962594860811,"(1, 3, 4, 0, 2, 5)",149
346,False,0.8577551816118396,2.7603044733457027,"(2, 5, 1, 4, 0, 3)",150
195,False,0.8565077695048854,2.7604053388892944,"(1, 4, 0, 3, 5, 2)",151
349,False,0.8565077695048857,2.7604053388892953,"(2, 5, 3, 0, 4, 1)",152
340,False,0.8504228969811206,2.7604143494065885,"(2, 5, 0, 4, 1, 3)",153
181,False,0.8461048671254,2.760467062090057,"(1, 3, 4, 0, 5, 2)",154
341,False,0.8461048671254003,2.7604670620900573,"(2, 5, 0, 4, 3, 1)",155
50,False,0.8588273806323877,2.7610890136079256,"(0, 3, 1, 4, 2, 5)",156
170,False,0.8520354664172881,2.7615505120978607,"(1, 3, 0, 4, 2, 5)",157
357,False,0.8570300031590204,2.76159348083717,"(2, 5, 4, 1, 3, 0)",158
51,False,0.8570300031590209,2.761593480837171,"(0, 3, 1, 4, 5, 2)",159
356,False,0.8485462777098002,2.7619768503983564,"(2, 5, 4, 1, 0, 3)",160
354,False,0.8487168186357406,2.7620022666436386,"(2, 5, 4, 0, 1, 3)",161
171,False,0.8494445124709369,2.762054979327106,"(1, 3, 0, 4, 5, 2)",162
355,False,0.8494445124709373,2.762054979327107,"(2, 5, 4, 0, 3, 1)",163
98,False,0.8525483593527835,2.7670364255098368,"(0, 5, 1, 3, 2, 4)",164
218,False,0.8492255764064928,2.7675989404539743,"(1, 5, 0, 3, 2, 4)",165
100,False,0.8444682341275551,2.7689263121810783,"(0, 5, 1, 4, 2, 3)",166
220,False,0.8526397896166061,2.7694888271252163,"(1, 5, 0, 4, 2, 3)",167
36,False,0.9152722864165753,2.8580082769631727,"(0, 2, 4, 1, 3, 5)",168
156,False,0.915356062940989,2.8586492381983954,"(1, 2, 4, 0, 3, 5)",169
253,False,0.9163522954056271,2.858896113753602,"(2, 0, 4, 1, 5, 3)",170
247,False,0.9112576454826563,2.858917123739869,"(2, 0, 3, 1, 5, 4)",171
271,False,0.9129746378842714,2.8590036481813224,"(2, 1, 3, 0, 5, 4)",172
30,False,0.9104158224013772,2.8590846211320504,"(0, 2, 3, 1, 4, 5)",173
277,False,0.9128611139124185,2.8591009927441733,"(2, 1, 4, 0, 5, 3)",174
150,False,0.9111561072854195,2.859607227818156,"(1, 2, 3, 0, 4, 5)",175
38,False,0.9066626110503558,2.872894615714168,"(0, 2, 4, 3, 1, 5)",176
158,False,0.9077784236962787,2.873409144249909,"(1, 2, 4, 3, 0, 5)",177
279,False,0.9079049540802814,2.8734775292344996,"(2, 1, 4, 3, 5, 0)",178
112,False,0.9079049540802823,2.873477529234501,"(0, 5, 3, 4, 1, 2)",179
32,False,0.9087001150235099,2.8737566943723345,"(0, 2, 3, 4, 1, 5)",180
255,False,0.90813729104691,2.873835165188068,"(2, 0, 4, 3, 5, 1)",181
232,False,0.9081372910469102,2.8738351651880683,"(1, 5, 3, 4, 0, 2)",182
319,False,0.905322481056673,2.873927124824723,"(2, 4, 1, 0, 5, 3)",183
313,False,0.9092638748912467,2.8741329775378013,"(2, 4, 0, 1, 5, 3)",184
152,False,0.9080911155092657,2.8741528683589554,"(1, 2, 3, 4, 0, 5)",185
273,False,0.9033608615875848,2.874221253343548,"(2, 1, 3, 4, 5, 0)",186
118,False,0.9033608615875857,2.874221253343549,"(0, 5, 4, 3, 1, 2)",187
295,False,0.9079469340384985,2.874664332750503,"(2, 3, 1, 0, 5, 4)",188
238,False,0.904901256596616,2.8746972438462333,"(1, 5, 4, 3, 0, 2)",189
249,False,0.904901256596616,2.8746972438462333,"(2, 0, 3, 4, 5, 1)",190
289,False,0.9088322207424411,2.8749885400127,"(2, 3, 0, 1, 5, 4)",191
284,False,0.9051130038778548,2.8762234083022045,"(2, 1, 5, 3, 0, 4)",192
260,False,0.9047812929379351,2.876240393572348,"(2, 0, 5, 3, 1, 4)",193
72,False,0.90430187167415,2.8764497248807657,"(0, 4, 1, 2, 3, 5)",194
285,False,0.8932172728652598,2.87689537292363,"(2, 1, 5, 3, 4, 0)",195
88,False,0.8932172728652604,2.8768953729236313,"(0, 4, 3, 5, 1, 2)",196
192,False,0.9040508965421022,2.8772290642836085,"(1, 4, 0, 2, 3, 5)",197
261,False,0.8936822685284352,2.877348440438429,"(2, 0, 5, 3, 4, 1)",198
208,False,0.8936822685284352,2.877348440438429,"(1, 4, 3, 5, 0, 2)",199
287,False,0.8917976581986143,2.8779166463552364,"(2, 1, 5, 4, 3, 0)",200
64,False,0.8917976581986151,2.8779166463552373,"(0, 3, 4, 5, 1, 2)",201
262,False,0.9059655782089455,2.877999160273658,"(2, 0, 5, 4, 1, 3)",202
263,False,0.8913319479747319,2.8780518729571263,"(2, 0, 5, 4, 3, 1)",203
184,False,0.8913319479747321,2.878051872957127,"(1, 3, 4, 5, 0, 2)",204
286,False,0.9049277277828118,2.878300015916422,"(2, 1, 5, 4, 0, 3)",205
48,False,0.9066979462866946,2.8786314717421972,"(0, 3, 1, 2, 4, 5)",206
168,False,0.9072799714553254,2.879092970232133,"(1, 3, 0, 2, 4, 5)",207
321,False,0.9211281200039115,2.8883036613150486,"(2, 4, 1, 3, 5, 0)",208
109,False,0.9211281200039124,2.88830366131505,"(0, 5, 3, 1, 4, 2)",209
315,False,0.9226263438008098,2.889072028972266,"(2, 4, 0, 3, 5, 1)",210
229,False,0.9226263438008099,2.889072028972267,"(1, 5, 3, 0, 4, 2)",211
297,False,0.9196931757593865,2.8898819379127274,"(2, 3, 1, 4, 5, 0)",212
115,False,0.9196931757593875,2.889881937912729,"(0, 5, 4, 1, 3, 2)",213
86,False,0.8993547742399908,2.8906098944982213,"(0, 4, 3, 2, 1, 5)",214
291,False,0.9204204447231895,2.8907686601190625,"(2, 3, 0, 4, 5, 1)",215
235,False,0.9204204447231896,2.890768660119063,"(1, 5, 4, 0, 3, 2)",216
206,False,0.8994637331635696,2.891347261017184,"(1, 4, 3, 2, 0, 5)",217
62,False,0.8971123970160872,2.8916311679298277,"(0, 3, 4, 2, 1, 5)",218
182,False,0.8976837511454295,2.8920506935358827,"(1, 3, 4, 2, 0, 5)",219
308,False,0.8993330688428085,2.892610262004925,"(2, 3, 5, 1, 0, 4)",220
306,False,0.8966187049314447,2.892953519163115,"(2, 3, 5, 0, 1, 4)",221
309,False,0.9099403395368371,2.8932822266263503,"(2, 3, 5, 1, 4, 0)",222
77,False,0.909940339536838,2.8932822266263516,"(0, 4, 1, 5, 3, 2)",223
307,False,0.9089557246453581,2.894061566029195,"(2, 3, 5, 0, 4, 1)",224
197,False,0.9089557246453581,2.8940615660291953,"(1, 4, 0, 5, 3, 2)",225
333,False,0.9100085729655751,2.894415155488438,"(2, 4, 5, 1, 3, 0)",226
53,False,0.9100085729655759,2.8944151554884394,"(0, 3, 1, 5, 4, 2)",227
332,False,0.9010568326023143,2.8947985250496244,"(2, 4, 5, 1, 0, 3)",228
330,False,0.9012588469324948,2.894823941294906,"(2, 4, 5, 0, 1, 3)",229
331,False,0.911239191171569,2.8948766539783746,"(2, 4, 5, 0, 3, 1)",230
173,False,0.9112391911715692,2.894876653978375,"(1, 3, 0, 5, 4, 2)",231
37,False,0.9695290367455891,2.9938459216945716,"(0, 2, 4, 1, 5, 3)",232
31,False,0.9750970467759003,2.9938669316808384,"(0, 2, 3, 1, 5, 4)",233
151,False,0.9680996460925874,2.994389538366944,"(1, 2, 3, 0, 5, 4)",234
157,False,0.9744456345976679,2.9944868829297957,"(1, 2, 4, 0, 5, 3)",235
78,False,0.975270101694011,3.0034879758283437,"(0, 4, 2, 1, 3, 5)",236
198,False,0.9833466006589106,3.0040614625181066,"(1, 4, 2, 0, 3, 5)",237
274,False,0.9747560538196826,3.004525699779292,"(2, 1, 3, 5, 0, 4)",238
250,False,0.9840681089440093,3.004782432496029,"(2, 0, 3, 5, 1, 4)",239
275,False,0.9681650385954926,3.005197664400717,"(2, 1, 3, 5, 4, 0)",240
94,False,0.9681650385954933,3.005197664400718,"(0, 4, 5, 3, 1, 2)",241
281,False,0.9684058217489177,3.005475213723275,"(2, 1, 4, 5, 3, 0)",242
70,False,0.9684058217489184,3.0054752137232765,"(0, 3, 5, 4, 1, 2)",243
54,False,0.9837032479810375,3.0055855934288274,"(0, 3, 2, 1, 4, 5)",244
256,False,0.9765226224653942,3.005679120539172,"(2, 0, 4, 5, 1, 3)",245
174,False,0.9752035966199883,3.0057228846565667,"(1, 3, 2, 0, 4, 5)",246
257,False,0.9693221650543227,3.005731833222641,"(2, 0, 4, 5, 3, 1)",247
190,False,0.9693221650543228,3.0057318332226415,"(1, 3, 5, 4, 0, 2)",248
280,False,0.9839051070821767,3.005858583284461,"(2, 1, 4, 5, 0, 3)",249
251,False,0.9687599364317125,3.005890479362108,"(2, 0, 3, 5, 4, 1)",250
214,False,0.9687599364317128,3.0058904793621086,"(1, 4, 5, 3, 0, 2)",251
39,False,0.9381781861813978,3.0087849731290364,"(0, 2, 4, 3, 5, 1)",252
233,False,0.9381781861813978,3.008784973129037,"(1, 5, 3, 4, 2, 0)",253
159,False,0.9377972420404335,3.0088634194201234,"(1, 2, 4, 3, 5, 0)",254
113,False,0.937797242040434,3.008863419420124,"(0, 5, 3, 4, 2, 1)",255
153,False,0.9357858196374333,3.00960714352917,"(1, 2, 3, 4, 5, 0)",256
119,False,0.9357858196374345,3.0096071435291716,"(0, 5, 4, 3, 2, 1)",257
239,False,0.936256730939076,3.0096470517872014,"(1, 5, 4, 3, 2, 0)",258
33,False,0.9362567309390769,3.0096470517872027,"(0, 2, 3, 4, 5, 1)",259
44,False,0.9489743323653399,3.0111902015133176,"(0, 2, 5, 3, 1, 4)",260
164,False,0.9493855619826854,3.011609298487826,"(1, 2, 5, 3, 0, 4)",261
165,False,0.9299879790343286,3.012281263109251,"(1, 2, 5, 3, 4, 0)",262
89,False,0.9299879790343296,3.0122812631092524,"(0, 4, 3, 5, 2, 1)",263
73,False,0.9493091110246286,3.012287369612164,"(0, 4, 1, 2, 5, 3)",264
209,False,0.9305174899213509,3.012298248379396,"(1, 4, 3, 5, 2, 0)",265
45,False,0.9305174899213515,3.012298248379397,"(0, 2, 5, 3, 4, 1)",266
46,False,0.9503324823090182,3.0129489682146255,"(0, 2, 5, 4, 1, 3)",267
185,False,0.9276788909039829,3.0130016808980953,"(1, 3, 4, 5, 2, 0)",268
47,False,0.927678890903983,3.0130016808980953,"(0, 2, 5, 4, 3, 1)",269
193,False,0.9491154023933428,3.013066709015008,"(1, 4, 0, 2, 5, 3)",270
167,False,0.9286210838879475,3.013302536540858,"(1, 2, 5, 4, 3, 0)",271
65,False,0.928621083887949,3.01330253654086,"(0, 3, 4, 5, 2, 1)",272
49,False,0.9501277505612779,3.0134137822909857,"(0, 3, 1, 2, 5, 4)",273
166,False,0.9502190193818048,3.0136859061020433,"(1, 2, 5, 4, 0, 3)",274
169,False,0.949945955085165,3.013875280780921,"(1, 3, 0, 2, 5, 4)",275
80,False,0.9772140630596619,3.0183743145793396,"(0, 4, 2, 3, 1, 5)",276
200,False,0.9763302878669096,3.0188213685696197,"(1, 4, 2, 3, 0, 5)",277
298,False,0.976430124690293,3.0201863843484715,"(2, 3, 1, 5, 0, 4)",278
56,False,0.9751068824966121,3.020257666669112,"(0, 3, 2, 4, 1, 5)",279
176,False,0.9753361153544093,3.020268525197366,"(1, 3, 2, 4, 0, 5)",280
323,False,0.9873438596060006,3.0203013458038246,"(2, 4, 1, 5, 3, 0)",281
67,False,0.9873438596060014,3.0203013458038255,"(0, 3, 5, 1, 4, 2)",282
322,False,0.9749620964741381,3.0206847153650096,"(2, 4, 1, 5, 0, 3)",283
292,False,0.9756100639577374,3.0208538487688585,"(2, 3, 0, 5, 1, 4)",284
299,False,0.9793679673430601,3.020858348969897,"(2, 3, 1, 5, 4, 0)",285
91,False,0.9793679673430608,3.020858348969898,"(0, 4, 5, 1, 3, 2)",286
316,False,0.9792894940958514,3.020915984323371,"(2, 4, 0, 5, 1, 3)",287
317,False,0.980514469834352,3.0209686970068397,"(2, 4, 0, 5, 3, 1)",288
187,False,0.9805144698343521,3.0209686970068406,"(1, 3, 5, 0, 4, 2)",289
293,False,0.987697966751533,3.0219618956349374,"(2, 3, 0, 5, 4, 1)",290
211,False,0.9876979667515329,3.021961895634938,"(1, 4, 5, 0, 3, 2)",291
108,False,0.9837953792996484,3.0225815046345925,"(0, 5, 3, 1, 2, 4)",292
228,False,0.9796716495576999,3.023349872291809,"(1, 5, 3, 0, 2, 4)",293
114,False,0.9782003152680053,3.025215115414882,"(0, 5, 4, 1, 2, 3)",294
104,False,0.9530670965684682,3.0256934893213194,"(0, 5, 2, 3, 1, 4)",295
224,False,0.9552104682057909,3.025828287291662,"(1, 5, 2, 3, 0, 4)",296
234,False,0.9854163508882721,3.026101837621217,"(1, 5, 4, 0, 2, 3)",297
225,False,0.9350091638649282,3.026500251913088,"(1, 5, 2, 3, 4, 0)",298
87,False,0.9350091638649289,3.0265002519130895,"(0, 4, 3, 2, 5, 1)",299
207,False,0.9353017135384769,3.026801536187398,"(1, 4, 3, 2, 5, 0)",300
105,False,0.9353017135384777,3.026801536187399,"(0, 5, 2, 3, 4, 1)",301
106,False,0.9566870768156966,3.0274522560226282,"(0, 5, 2, 4, 1, 3)",302
183,False,0.934362437525119,3.027504968706097,"(1, 3, 4, 2, 5, 0)",303
107,False,0.9343624375251197,3.027504968706098,"(0, 5, 2, 4, 3, 1)",304
227,False,0.9351882104517392,3.027521525344695,"(1, 5, 2, 4, 3, 0)",305
63,False,0.9351882104517402,3.0275215253446963,"(0, 3, 4, 2, 5, 1)",306
226,False,0.9562488924603358,3.0279048949058804,"(1, 5, 2, 4, 0, 3)",307
76,False,0.956219134804921,3.028615404128505,"(0, 4, 1, 5, 2, 3)",308
52,False,0.9557396074007021,3.0286929988079825,"(0, 3, 1, 5, 2, 4)",309
172,False,0.9583441492930125,3.029154497297917,"(1, 3, 0, 5, 2, 4)",310
196,False,0.955227119082539,3.029394743531348,"(1, 4, 0, 5, 2, 3)",311
79,False,1.0281989317430857,3.139325620559742,"(0, 4, 2, 1, 5, 3)",312
34,False,1.0269692654256695,3.1397322404369974,"(0, 2, 3, 5, 1, 4)",313
199,False,1.027713019742982,3.1398991072495064,"(1, 4, 2, 0, 5, 3)",314
154,False,1.0277681843144195,3.139911589964913,"(1, 2, 3, 5, 0, 4)",315
55,False,1.0274554920995647,3.1403679039776162,"(0, 3, 2, 1, 5, 4)",316
175,False,1.0290119754479505,3.140505195205354,"(1, 3, 2, 0, 5, 4)",317
155,False,1.0048318495209678,3.1405835545863385,"(1, 2, 3, 5, 4, 0)",318
95,False,1.0048318495209692,3.1405835545863403,"(0, 4, 5, 3, 2, 1)",319
40,False,1.0303024343106755,3.14062892848014,"(0, 2, 4, 5, 1, 3)",320
191,False,1.0060856191545111,3.1406816411636087,"(1, 3, 5, 4, 2, 0)",321
41,False,1.0060856191545116,3.140681641163609,"(0, 2, 4, 5, 3, 1)",322
215,False,1.0050213145424236,3.140840287303076,"(1, 4, 5, 3, 2, 0)",323
35,False,1.0050213145424243,3.140840287303077,"(0, 2, 3, 5, 4, 1)",324
161,False,1.0056405263433221,3.140861103908898,"(1, 2, 4, 5, 3, 0)",325
71,False,1.0056405263433228,3.140861103908899,"(0, 3, 5, 4, 2, 1)",326
160,False,1.0302574913568676,3.1412444734700835,"(1, 2, 4, 5, 0, 3)",327
110,False,1.0330678772302306,3.1531675968737543,"(0, 5, 3, 2, 1, 4)",328
230,False,1.0350896238821718,3.1535927073727814,"(1, 5, 3, 2, 0, 4)",329
231,False,1.0112355770344623,3.1542646719942065,"(1, 5, 3, 2, 4, 0)",330
81,False,1.0112355770344634,3.154264671994208,"(0, 4, 2, 3, 5, 1)",331
201,False,1.0112660738801094,3.154275643739833,"(1, 4, 2, 3, 5, 0)",332
111,False,1.0112660738801105,3.1542756437398345,"(0, 5, 3, 2, 4, 1)",333
66,False,1.0341416535535566,3.1545791891233685,"(0, 3, 5, 1, 2, 4)",334
186,False,1.0353256756091966,3.1552465403263827,"(1, 3, 5, 0, 2, 4)",335
116,False,1.0331191141906848,3.1556700876841113,"(0, 5, 4, 2, 1, 3)",336
177,False,1.012155545341661,3.1557228003675797,"(1, 3, 2, 4, 5, 0)",337
117,False,1.012155545341662,3.1557228003675806,"(0, 5, 4, 2, 3, 1)",338
237,False,1.012349269110965,3.1561480240839788,"(1, 5, 4, 2, 3, 0)",339
57,False,1.0123492691109657,3.1561480240839797,"(0, 3, 2, 4, 5, 1)",340
90,False,1.033429100291936,3.156191526472051,"(0, 4, 5, 1, 2, 3)",341
236,False,1.0334683880497608,3.1565313936451638,"(1, 5, 4, 2, 0, 3)",342
210,False,1.0336761824202738,3.157295073137091,"(1, 4, 5, 0, 2, 3)",343
68,False,1.098428579173044,3.2851652813625303,"(0, 3, 5, 2, 1, 4)",344
188,False,1.0910530184093905,3.285489375407355,"(1, 3, 5, 2, 0, 4)",345
178,False,1.0915949679037535,3.2860272468033234,"(1, 3, 2, 5, 0, 4)",346
82,False,1.090818648793362,3.286108627345312,"(0, 4, 2, 5, 1, 3)",347
189,False,1.0807572121527527,3.28616134002878,"(1, 3, 5, 2, 4, 0)",348
83,False,1.0807572121527538,3.2861613400287815,"(0, 4, 2, 5, 3, 1)",349
58,False,1.0997585277938593,3.2862332127337748,"(0, 3, 2, 5, 1, 4)",350
203,False,1.0803547262631,3.286273328228609,"(1, 4, 2, 5, 3, 0)",351
69,False,1.0803547262631008,3.28627332822861,"(0, 3, 5, 2, 4, 1)",352
92,False,1.091344536025672,3.2866464987412805,"(0, 4, 5, 2, 1, 3)",353
202,False,1.0996360147829853,3.2866566977897946,"(1, 4, 2, 5, 0, 3)",354
179,False,1.0790289980374717,3.2866992114247484,"(1, 3, 2, 5, 4, 0)",355
93,False,1.0790289980374723,3.2866992114247493,"(0, 4, 5, 2, 3, 1)",356
213,False,1.0788776437712462,3.2873412595998537,"(1, 4, 5, 2, 3, 0)",357
59,False,1.0788776437712468,3.2873412595998546,"(0, 3, 2, 5, 4, 1)",358
212,False,1.0996933936345907,3.287724629161039,"(1, 4, 5, 2, 0, 3)",359
