,is_well_nested,ms,ee,perm,i
119,False,0.36532699712231104,2.0157536092675876,"(0, 5, 4, 3, 2, 1)",0
153,False,0.36532699712231104,2.0157536092675876,"(1, 2, 3, 4, 5, 0)",1
0,True,0.3637024577841542,2.016083089931454,"(0, 1, 2, 3, 4, 5)",2
360,True,0.3637024577841542,2.016083089931454,general_0,3
1,False,0.3686953900926309,2.0184413989404097,"(0, 1, 2, 3, 5, 4)",4
118,False,0.3691169682788734,2.018502692377062,"(0, 5, 4, 3, 1, 2)",5
273,False,0.3691169682788734,2.018502692377062,"(2, 1, 3, 4, 5, 0)",6
120,True,0.36874726396119245,2.020357763569798,"(1, 0, 2, 3, 4, 5)",7
144,False,0.371198430833274,2.0210627248224244,"(1, 2, 0, 3, 4, 5)",8
5,True,0.3700753761358322,2.021238081189093,"(0, 1, 2, 5, 4, 3)",9
155,False,0.37252038203685717,2.0226811522019448,"(1, 2, 3, 5, 4, 0)",10
95,False,0.37252038203685717,2.0226811522019448,"(0, 4, 5, 3, 2, 1)",11
121,False,0.37254116225804723,2.022716072578753,"(1, 0, 2, 3, 5, 4)",12
150,False,0.37235325534585384,2.0228693976921015,"(1, 2, 3, 0, 4, 5)",13
24,False,0.3696627498002336,2.0231366060839946,"(0, 2, 1, 3, 4, 5)",14
145,False,0.3733390300851832,2.0234210338313803,"(1, 2, 0, 3, 5, 4)",15
297,False,0.37170220047224567,2.023619351568602,"(2, 3, 1, 4, 5, 0)",16
115,False,0.37170220047224567,2.023619351568602,"(0, 5, 4, 1, 3, 2)",17
264,True,0.3713469246449677,2.0238118079318994,"(2, 1, 0, 3, 4, 5)",18
4,True,0.3716819840812229,2.0245443071166123,"(0, 1, 2, 5, 3, 4)",19
23,False,0.3706034467987484,2.0246599636293885,"(0, 1, 5, 4, 3, 2)",20
305,False,0.3706034467987484,2.0246599636293885,"(2, 3, 4, 5, 1, 0)",21
151,False,0.3727488084910265,2.025227706701057,"(1, 2, 3, 0, 5, 4)",22
114,False,0.3711358918550157,2.025343366789768,"(0, 5, 4, 1, 2, 3)",23
275,False,0.3740360055520824,2.0254302353114193,"(2, 1, 3, 5, 4, 0)",24
94,False,0.3740360055520824,2.0254302353114193,"(0, 4, 5, 3, 1, 2)",25
152,False,0.37084960018145696,2.025449298155134,"(1, 2, 3, 4, 0, 5)",26
25,False,0.37225466680307373,2.02549491509295,"(0, 2, 1, 3, 5, 4)",27
125,True,0.37304083276322586,2.025512754827437,"(1, 0, 2, 5, 4, 3)",28
270,False,0.3733345992178248,2.0256184808015756,"(2, 1, 3, 0, 4, 5)",29
117,False,0.3722742702157339,2.026143793625412,"(0, 5, 4, 2, 3, 1)",30
177,False,0.37227427021573434,2.026143793625413,"(1, 3, 2, 4, 5, 0)",31
265,False,0.37377901646670286,2.026170116940855,"(2, 1, 0, 3, 5, 4)",32
149,False,0.3729570109242103,2.026217716080064,"(1, 2, 0, 5, 4, 3)",33
22,False,0.3732082716639667,2.0263839788505544,"(0, 1, 5, 4, 2, 3)",34
6,False,0.37131724324940507,2.026933153568984,"(0, 1, 3, 2, 4, 5)",35
3,False,0.37297568649634744,2.0272454923291905,"(0, 1, 2, 4, 5, 3)",36
271,False,0.3741482217559077,2.0279767898105314,"(2, 1, 3, 0, 5, 4)",37
2,True,0.37139966128483953,2.028193409247754,"(0, 1, 2, 4, 3, 5)",38
272,False,0.37347386101213365,2.0281983812646085,"(2, 1, 3, 4, 0, 5)",39
113,False,0.3727998608321466,2.028234697562238,"(0, 5, 3, 4, 2, 1)",40
159,False,0.3727998608321466,2.028234697562238,"(1, 2, 4, 3, 5, 0)",41
29,False,0.3725715586755628,2.028291597341634,"(0, 2, 1, 5, 4, 3)",42
124,True,0.37427300376731387,2.0288189807549557,"(1, 0, 2, 5, 3, 4)",43
304,False,0.371868691184559,2.028934637267731,"(2, 3, 4, 5, 0, 1)",44
143,False,0.3718686911845594,2.0289346372677324,"(1, 0, 5, 4, 3, 2)",45
269,True,0.37223190584608706,2.028966799189538,"(2, 1, 0, 5, 4, 3)",46
7,False,0.3738313819583325,2.0292914625779397,"(0, 1, 3, 2, 5, 4)",47
19,False,0.3730250246346031,2.0293250636666027,"(0, 1, 5, 2, 4, 3)",48
148,False,0.3748304027629707,2.0295239420075832,"(1, 2, 0, 5, 3, 4)",49
303,False,0.3730746103253492,2.0298996611764353,"(2, 3, 4, 1, 5, 0)",50
101,False,0.3730746103253492,2.0298996611764353,"(0, 5, 1, 4, 3, 2)",51
240,True,0.37325250796131315,2.0301603628318112,"(2, 0, 1, 3, 4, 5)",52
299,False,0.3753691293431748,2.030546894502959,"(2, 3, 1, 5, 4, 0)",53
91,False,0.3753691293431748,2.030546894502959,"(0, 4, 5, 1, 3, 2)",54
116,False,0.37379770643989646,2.0306168919560523,"(0, 5, 4, 2, 1, 3)",55
142,False,0.37476059206541645,2.0306586524888974,"(1, 0, 5, 4, 2, 3)",56
294,False,0.37477446440081535,2.0307351399931153,"(2, 3, 1, 0, 4, 5)",57
167,False,0.37474576505529766,2.0308739255422625,"(1, 2, 5, 4, 3, 0)",58
65,False,0.3747457650552978,2.030873925542263,"(0, 3, 4, 5, 2, 1)",59
279,False,0.374793175511707,2.0309837806717126,"(2, 1, 4, 3, 5, 0)",60
112,False,0.374793175511707,2.0309837806717126,"(0, 5, 3, 4, 1, 2)",61
126,False,0.3749507609252183,2.0312078272073277,"(1, 0, 3, 2, 4, 5)",62
123,False,0.37631206050400545,2.031520165967534,"(1, 0, 2, 4, 5, 3)",63
28,False,0.37517433159176145,2.031597823269153,"(0, 2, 1, 5, 3, 4)",64
100,False,0.3726138760206913,2.0316236763976017,"(0, 5, 1, 4, 2, 3)",65
17,False,0.37617967839204947,2.031698078517352,"(0, 1, 4, 5, 3, 2)",66
311,False,0.3761796783920496,2.0316980785173526,"(2, 3, 5, 4, 1, 0)",67
147,False,0.3769689085022327,2.032225127220161,"(1, 2, 0, 4, 5, 3)",68
90,False,0.37423483178249006,2.032270909724125,"(0, 4, 5, 1, 2, 3)",69
268,True,0.3747280167203815,2.0322730251170578,"(2, 1, 0, 5, 3, 4)",70
71,False,0.3767359478242687,2.0322972146875555,"(0, 3, 5, 4, 2, 1)",71
161,False,0.3767359478242693,2.032297214687557,"(1, 2, 4, 5, 3, 0)",72
122,True,0.37446048651556896,2.0324680828860977,"(1, 0, 2, 4, 3, 5)",73
241,False,0.3758268701907401,2.0325186718407666,"(2, 0, 1, 3, 5, 4)",74
18,False,0.3743834440535646,2.0326312895941223,"(0, 1, 5, 2, 3, 4)",75
30,False,0.3740564518619688,2.03303495169515,"(0, 2, 3, 1, 4, 5)",76
93,False,0.3763267297171143,2.033071336559769,"(0, 4, 5, 2, 3, 1)",77
179,False,0.37632672971711467,2.03307133655977,"(1, 3, 2, 5, 4, 0)",78
295,False,0.37469804829904824,2.033093449002071,"(2, 3, 1, 0, 5, 4)",79
146,False,0.376796758552786,2.0331730441387244,"(1, 2, 0, 4, 3, 5)",80
174,False,0.37619647052146066,2.0332595820499266,"(1, 3, 2, 0, 4, 5)",81
296,False,0.373902197610606,2.0333150404561477,"(2, 3, 1, 4, 0, 5)",82
16,False,0.3756885112695593,2.0334220937385186,"(0, 1, 4, 5, 2, 3)",83
127,False,0.3759533985846971,2.033566136216283,"(1, 0, 3, 2, 5, 4)",84
139,False,0.3753137650215197,2.0335997373049457,"(1, 0, 5, 2, 4, 3)",85
64,False,0.37511683695222364,2.033623008651737,"(0, 3, 4, 5, 1, 2)",86
287,False,0.37511683695222375,2.0336230086517375,"(2, 1, 5, 4, 3, 0)",87
165,False,0.37658127092785904,2.0337389513513022,"(1, 2, 5, 3, 4, 0)",88
89,False,0.37658127092785904,2.0337389513513022,"(0, 4, 3, 5, 2, 1)",89
27,False,0.3760505927381547,2.0342990084817307,"(0, 2, 1, 4, 5, 3)",90
97,False,0.3745006620708381,2.03456476121365,"(0, 5, 1, 2, 4, 3)",91
154,False,0.37645274956195474,2.0347351500984465,"(1, 2, 3, 5, 0, 4)",92
267,False,0.37693185407500973,2.0349742103296355,"(2, 1, 0, 4, 5, 3)",93
70,False,0.37755688650370883,2.03504629779703,"(0, 3, 5, 4, 1, 2)",94
281,False,0.37755688650370883,2.03504629779703,"(2, 1, 4, 5, 3, 0)",95
26,False,0.3750376078079642,2.035246925400294,"(0, 2, 1, 4, 3, 5)",96
54,False,0.3737966642661502,2.035283650214974,"(0, 3, 2, 1, 4, 5)",97
245,True,0.3754790844625927,2.035315354089451,"(2, 0, 1, 5, 4, 3)",98
31,False,0.3761740023086954,2.035393260704106,"(0, 2, 3, 1, 5, 4)",99
175,False,0.37645322455706526,2.035617891058882,"(1, 3, 2, 0, 5, 4)",100
21,False,0.3764072331935816,2.0357444091523735,"(0, 1, 5, 3, 4, 2)",101
329,False,0.3764072331935816,2.0357444091523735,"(2, 4, 3, 5, 1, 0)",102
176,False,0.375242007257602,2.0358394825129578,"(1, 3, 2, 4, 0, 5)",103
266,True,0.37666634139332744,2.035922127248199,"(2, 1, 0, 4, 3, 5)",104
310,False,0.3784246775981609,2.035972752155695,"(2, 3, 5, 4, 0, 1)",105
137,False,0.3784246775981613,2.035972752155696,"(1, 0, 4, 5, 3, 2)",106
48,False,0.37529328991856886,2.036235368241348,"(0, 3, 1, 2, 4, 5)",107
285,False,0.3782959758546262,2.0364880344607768,"(2, 1, 5, 3, 4, 0)",108
88,False,0.3782959758546262,2.0364880344607768,"(0, 4, 3, 5, 1, 2)",109
138,False,0.37582689647513623,2.0369059632324658,"(1, 0, 5, 2, 3, 4)",110
9,False,0.37634618435919953,2.037358411264912,"(0, 1, 3, 4, 5, 2)",111
359,False,0.37634618435919964,2.0373584112649126,"(2, 5, 4, 3, 1, 0)",112
274,False,0.377426724213458,2.037484233207921,"(2, 1, 3, 5, 0, 4)",113
92,False,0.3773556150655286,2.0375444348904095,"(0, 4, 5, 2, 1, 3)",114
55,False,0.3753212382336631,2.0376419592239294,"(0, 3, 2, 1, 5, 4)",115
136,False,0.3784486836741713,2.037696767376862,"(1, 0, 4, 5, 2, 3)",116
96,False,0.3734480017139079,2.037870987141169,"(0, 5, 1, 2, 3, 4)",117
158,False,0.3769960494356174,2.0379303864497844,"(1, 2, 4, 3, 0, 5)",118
33,False,0.37508842123472125,2.0382898799423854,"(0, 2, 3, 4, 5, 1)",119
239,False,0.37508842123472175,2.0382898799423868,"(1, 5, 4, 3, 2, 0)",120
11,False,0.37887602546107074,2.038507490312394,"(0, 1, 3, 5, 4, 2)",121
335,False,0.3788760254610708,2.0385074903123943,"(2, 4, 5, 3, 1, 0)",122
49,False,0.37697351738309304,2.0385936772503035,"(0, 3, 1, 2, 5, 4)",123
244,True,0.37770380216619037,2.0386215800169696,"(2, 0, 1, 5, 3, 4)",124
288,False,0.3771808923134635,2.0388268127345945,"(2, 3, 0, 1, 4, 5)",125
163,False,0.378665841254681,2.0390821880990977,"(1, 2, 5, 0, 4, 3)",126
107,False,0.3768379600263742,2.0391572858333085,"(0, 5, 2, 4, 3, 1)",127
183,False,0.3768379600263744,2.0391572858333085,"(1, 3, 4, 2, 5, 0)",128
302,False,0.3754843111538398,2.0395953500639816,"(2, 3, 4, 1, 0, 5)",129
166,False,0.37954367924655064,2.039621697511245,"(1, 2, 5, 4, 0, 3)",130
328,False,0.3776538048487975,2.0400190827907165,"(2, 4, 3, 5, 0, 1)",131
141,False,0.37765380484879796,2.0400190827907174,"(1, 0, 5, 3, 4, 2)",132
8,False,0.37648456619132853,2.0400303434046414,"(0, 1, 3, 4, 2, 5)",133
246,False,0.3774702623911082,2.0400587084429667,"(2, 0, 3, 1, 4, 5)",134
57,False,0.3786036296595232,2.040538578462209,"(0, 3, 2, 4, 5, 1)",135
237,False,0.37860362965952343,2.0405385784622094,"(1, 5, 4, 2, 3, 0)",136
278,False,0.377109125283865,2.0406794695592585,"(2, 1, 4, 3, 0, 5)",137
20,False,0.37800620568454096,2.040774650301058,"(0, 1, 5, 3, 2, 4)",138
35,False,0.3795324862219762,2.040814190475393,"(0, 2, 3, 5, 4, 1)",139
215,False,0.37953248622197666,2.0408141904753943,"(1, 4, 5, 3, 2, 0)",140
47,False,0.37835113407664656,2.0409711044388015,"(0, 2, 5, 4, 3, 1)",141
185,False,0.37835113407664694,2.0409711044388024,"(1, 3, 4, 5, 2, 0)",142
99,False,0.3772403408932188,2.0409841066994208,"(0, 5, 1, 3, 4, 2)",143
327,False,0.3772403408932188,2.0409841066994208,"(2, 4, 3, 1, 5, 0)",144
160,False,0.3789809630230976,2.041044986656538,"(1, 2, 4, 5, 0, 3)",145
289,False,0.3783834193207285,2.04118512174355,"(2, 3, 0, 1, 5, 4)",146
103,False,0.3762243698806372,2.0412979438137127,"(0, 5, 2, 1, 4, 3)",147
243,False,0.3788853031533411,2.041322765229548,"(2, 0, 1, 4, 5, 3)",148
358,False,0.3788266501674445,2.0416330849032547,"(2, 5, 4, 3, 0, 1)",149
129,False,0.37882665016744493,2.041633084903256,"(1, 0, 3, 4, 5, 2)",150
353,False,0.37890694165040123,2.0416334449928564,"(2, 5, 3, 4, 1, 0)",151
15,False,0.37890694165040123,2.0416334449928564,"(0, 1, 4, 3, 5, 2)",152
283,False,0.37846345333649517,2.041831271208572,"(2, 1, 5, 0, 4, 3)",153
221,False,0.37850324914342565,2.042270377848183,"(1, 5, 0, 4, 3, 2)",154
301,False,0.37850324914342576,2.042270377848183,"(2, 3, 4, 0, 5, 1)",155
242,True,0.37867015196572335,2.042270682148111,"(2, 0, 1, 4, 3, 5)",156
168,False,0.37901603816121143,2.04230297281778,"(1, 3, 0, 2, 4, 5)",157
13,False,0.37751437111305597,2.0423705896946647,"(0, 1, 4, 2, 5, 3)",158
286,False,0.3798688375219454,2.0423707806207196,"(2, 1, 5, 4, 0, 3)",159
162,False,0.3789328325858732,2.042388414026617,"(1, 2, 5, 0, 3, 4)",160
247,False,0.37919791687880866,2.042417017451923,"(2, 0, 3, 1, 5, 4)",161
298,False,0.37812675712368077,2.0426008923994607,"(2, 3, 1, 5, 0, 4)",162
334,False,0.3810209676048777,2.0427821639507364,"(2, 4, 5, 3, 0, 1)",163
131,False,0.3810209676048781,2.0427821639507373,"(1, 0, 3, 5, 4, 2)",164
59,False,0.3794299358186712,2.043062888995217,"(0, 3, 2, 5, 4, 1)",165
213,False,0.37942993581867157,2.043062888995218,"(1, 4, 5, 2, 3, 0)",166
43,False,0.3783752148708076,2.0431117624192066,"(0, 2, 5, 1, 4, 3)",167
12,False,0.37778162866241305,2.043318506613228,"(0, 1, 4, 2, 3, 5)",168
111,False,0.37863894341484305,2.0433897874230706,"(0, 5, 3, 2, 4, 1)",169
201,False,0.37863894341484333,2.043389787423071,"(1, 4, 2, 3, 5, 0)",170
227,False,0.37869130614425706,2.0435047048700867,"(1, 5, 2, 4, 3, 0)",171
63,False,0.37869130614425706,2.0435047048700867,"(0, 3, 4, 2, 5, 1)",172
10,False,0.3785346339936192,2.043537731461079,"(0, 1, 3, 5, 2, 4)",173
106,False,0.376952526155184,2.043630384163948,"(0, 5, 2, 4, 1, 3)",174
32,False,0.3775262946142833,2.0437108951915888,"(0, 2, 3, 4, 1, 5)",175
280,False,0.379503101512985,2.0437940697660126,"(2, 1, 4, 5, 0, 3)",176
77,False,0.37997071817710926,2.043865318998756,"(0, 4, 1, 5, 3, 2)",177
309,False,0.37997071817710926,2.043865318998756,"(2, 3, 5, 1, 4, 0)",178
105,False,0.37726094972471674,2.043922191336316,"(0, 5, 2, 3, 4, 1)",179
207,False,0.37726094972471724,2.0439221913363177,"(1, 4, 3, 2, 5, 0)",180
220,False,0.37908632884933624,2.043994393069349,"(1, 5, 0, 4, 2, 3)",181
291,False,0.38118375193152265,2.0440817409818295,"(2, 3, 0, 4, 5, 1)",182
235,False,0.38118375193152304,2.044081740981831,"(1, 5, 4, 0, 3, 2)",183
128,False,0.37947445818464953,2.0443050170429853,"(1, 0, 3, 4, 2, 5)",184
14,False,0.3768088567022154,2.044305377132586,"(0, 1, 4, 3, 2, 5)",185
102,False,0.37787505815276057,2.0446041697412314,"(0, 5, 2, 1, 3, 4)",186
169,False,0.38055383838151413,2.044661281826736,"(1, 3, 0, 2, 5, 4)",187
140,False,0.3798564789066534,2.045049323939402,"(1, 0, 5, 3, 2, 4)",188
178,False,0.3801001145358997,2.0451253344562703,"(1, 3, 2, 5, 0, 4)",189
282,False,0.3801489445810292,2.0451374971360914,"(2, 1, 5, 0, 3, 4)",190
249,False,0.3802412559656017,2.045313636690202,"(2, 0, 3, 4, 5, 1)",191
238,False,0.3802412559656022,2.045313636690203,"(1, 5, 4, 3, 0, 2)",192
46,False,0.3806407306995983,2.0454442027694415,"(0, 2, 5, 4, 1, 3)",193
76,False,0.379251117704932,2.0455893342199225,"(0, 4, 1, 5, 2, 3)",194
45,False,0.38057344065513926,2.04573600994181,"(0, 2, 5, 3, 4, 1)",195
209,False,0.38057344065513965,2.0457360099418107,"(1, 4, 3, 5, 2, 0)",196
164,False,0.38162291298358286,2.0457929492478044,"(1, 2, 5, 3, 0, 4)",197
234,False,0.38136451689634543,2.0458057562029968,"(1, 5, 4, 0, 2, 3)",198
352,False,0.38130589833975836,2.045908118631199,"(2, 5, 3, 4, 0, 1)",199
135,False,0.38130589833975875,2.0459081186312,"(1, 0, 4, 3, 5, 2)",200
56,False,0.37799560870503934,2.0459595937114123,"(0, 3, 2, 4, 1, 5)",201
98,False,0.3778602692352737,2.0460143478481054,"(0, 5, 1, 3, 2, 4)",202
87,False,0.37993105755322465,2.0463697306791264,"(0, 4, 3, 2, 5, 1)",203
225,False,0.37993105755322465,2.0463697306791264,"(1, 5, 2, 3, 4, 0)",204
42,False,0.3795018730487072,2.0464179883467253,"(0, 2, 5, 1, 3, 4)",205
157,False,0.3813028072951983,2.0465128883844876,"(1, 2, 4, 0, 5, 3)",206
293,False,0.3812891183268954,2.0466060515148374,"(2, 3, 0, 5, 4, 1)",207
211,False,0.3812891183268958,2.0466060515148383,"(1, 4, 5, 0, 3, 2)",208
191,False,0.38225718463139563,2.0466303408380497,"(1, 3, 5, 4, 2, 0)",209
41,False,0.38225718463139563,2.0466303408380497,"(0, 2, 4, 5, 3, 1)",210
133,False,0.3811516072295047,2.046645263333008,"(1, 0, 4, 2, 5, 3)",211
357,False,0.38093661331277806,2.0466606259372764,"(2, 5, 4, 1, 3, 0)",212
51,False,0.38093661331277806,2.0466606259372764,"(0, 3, 1, 4, 5, 2)",213
217,False,0.3798700161319045,2.0469354778853983,"(1, 5, 0, 2, 4, 3)",214
321,False,0.37877324909784305,2.0471848853862378,"(2, 4, 1, 3, 5, 0)",215
109,False,0.37877324909784293,2.0471848853862378,"(0, 5, 3, 1, 4, 2)",216
69,False,0.38007977481269956,2.0474523045483877,"(0, 3, 5, 2, 4, 1)",217
203,False,0.38007977481270006,2.047452304548389,"(1, 4, 2, 5, 3, 0)",218
156,False,0.3812391892947544,2.0474608053030514,"(1, 2, 4, 0, 3, 5)",219
132,False,0.38111364246407087,2.047593180251571,"(1, 0, 4, 2, 3, 5)",220
300,False,0.3798331721422882,2.047691393097387,"(2, 3, 4, 0, 1, 5)",221
333,False,0.3813505314697103,2.047809704984758,"(2, 4, 5, 1, 3, 0)",222
53,False,0.3813505314697103,2.047809704984758,"(0, 3, 1, 5, 4, 2)",223
130,False,0.38165520366234496,2.047812405099423,"(1, 0, 3, 5, 2, 4)",224
251,False,0.38261875522275857,2.0478379472232096,"(2, 0, 3, 5, 4, 1)",225
214,False,0.38261875522275907,2.0478379472232113,"(1, 4, 5, 3, 0, 2)",226
263,False,0.38027851062365303,2.047994861186618,"(2, 0, 5, 4, 3, 1)",227
184,False,0.38027851062365337,2.047994861186619,"(1, 3, 4, 5, 0, 2)",228
210,False,0.381246452472602,2.0483300667360043,"(1, 4, 5, 0, 2, 3)",229
284,False,0.3819394906318585,2.048542032357278,"(2, 1, 5, 3, 0, 4)",230
134,False,0.38036117531921804,2.048580050770929,"(1, 0, 4, 3, 2, 5)",231
34,False,0.38137951002448656,2.0485935147335526,"(0, 2, 3, 5, 1, 4)",232
61,False,0.3810609157882849,2.04867503431878,"(0, 3, 4, 1, 5, 2)",233
347,False,0.38106091578828494,2.0486750343187805,"(2, 5, 1, 4, 3, 0)",234
182,False,0.38021360404631854,2.0488529747208553,"(1, 3, 4, 2, 0, 5)",235
39,False,0.3810942349348698,2.048870935808049,"(0, 2, 4, 3, 5, 1)",236
233,False,0.3810942349348702,2.04887093580805,"(1, 5, 3, 4, 2, 0)",237
62,False,0.37993438619812153,2.0489257201192905,"(0, 3, 4, 2, 1, 5)",238
277,False,0.3816524649072831,2.049261971493962,"(2, 1, 4, 0, 5, 3)",239
236,False,0.3824068817167598,2.049286350431193,"(1, 5, 4, 2, 0, 3)",240
50,False,0.37830701299962877,2.0493325580770057,"(0, 3, 1, 4, 2, 5)",241
290,False,0.3811712047266911,2.0495027562310333,"(2, 3, 0, 4, 1, 5)",242
259,False,0.38091345328278325,2.050135519167023,"(2, 0, 5, 1, 4, 3)",243
276,False,0.3823429947648278,2.0502098884125255,"(2, 1, 4, 0, 3, 5)",244
216,False,0.3804620016520138,2.050241703812917,"(1, 5, 0, 2, 3, 4)",245
326,False,0.37997696168494216,2.0506797955869667,"(2, 4, 3, 1, 0, 5)",246
248,False,0.38213357215171706,2.0507346519394054,"(2, 0, 3, 4, 1, 5)",247
58,False,0.3812575715584638,2.050842213253376,"(0, 3, 2, 5, 1, 4)",248
40,False,0.3822408613684808,2.0511034391686893,"(0, 2, 4, 5, 1, 3)",249
110,False,0.3798658650999147,2.05116911168123,"(0, 5, 3, 2, 1, 4)",250
323,False,0.3823283146667994,2.051247402511555,"(2, 4, 1, 5, 3, 0)",251
67,False,0.38232831466679934,2.051247402511555,"(0, 3, 5, 1, 4, 2)",252
60,False,0.3799537548777878,2.0513469664585102,"(0, 3, 4, 1, 2, 5)",253
345,False,0.381926220889522,2.05154006012782,"(2, 5, 1, 3, 4, 0)",254
85,False,0.381926220889522,2.05154006012782,"(0, 4, 3, 1, 5, 2)",255
104,False,0.38050623702522496,2.051701515594475,"(0, 5, 2, 3, 1, 4)",256
223,False,0.38248751125735003,2.0517129674269228,"(1, 5, 2, 0, 4, 3)",257
83,False,0.382103812385465,2.051744065166912,"(0, 4, 2, 5, 3, 1)",258
189,False,0.3821038123854654,2.051744065166913,"(1, 3, 5, 2, 4, 0)",259
86,False,0.378319110635433,2.05179074592833,"(0, 4, 3, 2, 1, 5)",260
212,False,0.383379692821871,2.0518106609642004,"(1, 4, 5, 2, 0, 3)",261
307,False,0.38353050157796725,2.0518328032691557,"(2, 3, 5, 0, 4, 1)",262
197,False,0.3835305015779676,2.0518328032691566,"(1, 4, 0, 5, 3, 2)",263
108,False,0.3811129887460732,2.0522151265349224,"(0, 5, 3, 1, 2, 4)",264
226,False,0.38303227603213685,2.0522524768390698,"(1, 5, 2, 4, 0, 3)",265
262,False,0.3827299659410037,2.052467959517258,"(2, 0, 5, 4, 1, 3)",266
355,False,0.3844155550400604,2.052728230513707,"(2, 5, 4, 0, 3, 1)",267
171,False,0.3844155550400609,2.0527282305137087,"(1, 3, 0, 4, 5, 2)",268
261,False,0.38328911469367555,2.0527597666896265,"(2, 0, 5, 3, 4, 1)",269
208,False,0.383289114693676,2.0527597666896273,"(1, 4, 3, 5, 0, 2)",270
52,False,0.38222034879916034,2.0528399461334432,"(0, 3, 1, 5, 2, 4)",271
200,False,0.38152174655375404,2.053085476310618,"(1, 4, 2, 3, 0, 5)",272
325,False,0.3832522664162529,2.0533548233711687,"(2, 4, 3, 0, 5, 1)",273
219,False,0.3832522664162529,2.0533548233711687,"(1, 5, 0, 3, 4, 2)",274
258,False,0.38206650487656135,2.053441745094542,"(2, 0, 5, 1, 3, 4)",275
44,False,0.38235262546820764,2.053515334199969,"(0, 2, 5, 3, 1, 4)",276
196,False,0.38338735387199796,2.0535568184903226,"(1, 4, 0, 5, 2, 3)",277
206,False,0.38066471593596746,2.0536178802238636,"(1, 4, 3, 2, 0, 5)",278
257,False,0.3850709849348976,2.053654097585865,"(2, 0, 4, 5, 3, 1)",279
190,False,0.385070984934898,2.0536540975858664,"(1, 3, 5, 4, 0, 2)",280
351,False,0.38268871260925647,2.0538006854742603,"(2, 5, 3, 1, 4, 0)",281
75,False,0.38268871260925647,2.0538006854742603,"(0, 4, 1, 3, 5, 2)",282
331,False,0.38434132010597905,2.0538773095611886,"(2, 4, 5, 0, 3, 1)",283
173,False,0.3843413201059794,2.0538773095611895,"(1, 3, 0, 5, 4, 2)",284
81,False,0.38353954894325737,2.053984660136913,"(0, 4, 2, 3, 5, 1)",285
231,False,0.38353954894325765,2.0539846601369134,"(1, 5, 3, 2, 4, 0)",286
84,False,0.381801324201489,2.05421199226755,"(0, 4, 3, 1, 2, 5)",287
38,False,0.3819612401030849,2.0542919510572526,"(0, 2, 4, 3, 1, 5)",288
292,False,0.3829218169558325,2.0543853757729966,"(2, 3, 0, 5, 1, 4)",289
73,False,0.38337596007246144,2.054537830176068,"(0, 4, 1, 2, 5, 3)",290
37,False,0.38304511544780984,2.054778409958551,"(0, 2, 4, 1, 5, 3)",291
222,False,0.3839003654669625,2.0550191933544415,"(1, 5, 2, 0, 3, 4)",292
68,False,0.3835984546368444,2.055231628806547,"(0, 3, 5, 2, 1, 4)",293
170,False,0.38423498289864794,2.055400162653438,"(1, 3, 0, 4, 2, 5)",294
356,False,0.3837004085755658,2.0554083979062594,"(2, 5, 4, 1, 0, 3)",295
72,False,0.3816330703988524,2.055485747094632,"(0, 4, 1, 2, 3, 5)",296
250,False,0.38459415037554007,2.0556172714813687,"(2, 0, 3, 5, 1, 4)",297
36,False,0.3809544871790641,2.0557263268771138,"(0, 2, 4, 1, 3, 5)",298
255,False,0.38566010621006624,2.0558946925558654,"(2, 0, 4, 3, 5, 1)",299
232,False,0.38566010621006663,2.0558946925558668,"(1, 5, 3, 4, 0, 2)",300
308,False,0.38403936781578896,2.0559193168952583,"(2, 3, 5, 1, 0, 4)",301
202,False,0.383333077598903,2.0562000765173716,"(1, 4, 2, 5, 0, 3)",302
82,False,0.383901258445142,2.0562171634975526,"(0, 4, 2, 5, 1, 3)",303
66,False,0.3831712847744059,2.0562776436602395,"(0, 3, 5, 1, 2, 4)",304
74,False,0.38213750037021754,2.05647261761399,"(0, 4, 1, 3, 2, 5)",305
332,False,0.384099297223399,2.0565574769537407,"(2, 4, 5, 1, 0, 3)",306
341,False,0.38486247695654974,2.0566983319537493,"(2, 5, 0, 4, 3, 1)",307
181,False,0.3848624769565502,2.0566983319537506,"(1, 3, 4, 0, 5, 2)",308
320,False,0.38203625841996824,2.0568805742737837,"(2, 4, 1, 3, 0, 5)",309
343,False,0.3842227578759896,2.0568832968756157,"(2, 5, 1, 0, 4, 3)",310
354,False,0.3850445120959075,2.0572013288443474,"(2, 5, 4, 0, 1, 3)",311
346,False,0.38306350950057283,2.057422806287763,"(2, 5, 1, 4, 0, 3)",312
256,False,0.385634002881937,2.058127195916506,"(2, 0, 4, 5, 1, 3)",313
330,False,0.3838621256425189,2.0583504078918287,"(2, 4, 5, 0, 1, 3)",314
218,False,0.38417222586938954,2.058385064519854,"(1, 5, 0, 3, 2, 4)",315
224,False,0.38521355793856604,2.058423728575628,"(1, 5, 2, 3, 0, 4)",316
324,False,0.384049988092865,2.0587758386203725,"(2, 4, 3, 0, 1, 5)",317
337,False,0.3830714756631307,2.0588389899341544,"(2, 5, 0, 1, 4, 3)",318
172,False,0.3850667889577566,2.0589075507098746,"(1, 3, 0, 5, 2, 4)",319
180,False,0.3849513657010316,2.05937026409348,"(1, 3, 4, 0, 2, 5)",320
80,False,0.3828447721399011,2.059405675386116,"(0, 4, 2, 3, 1, 5)",321
306,False,0.3845745768541384,2.0596121275273145,"(2, 3, 5, 0, 1, 4)",322
79,False,0.3840939568032953,2.059892134287414,"(0, 4, 2, 1, 5, 3)",323
322,False,0.38404737274922224,2.0599951744805374,"(2, 4, 1, 5, 0, 3)",324
342,False,0.3849013201564114,2.060189522803135,"(2, 5, 1, 0, 3, 4)",325
260,False,0.3848734560546029,2.0605390909477856,"(2, 0, 5, 3, 1, 4)",326
78,False,0.38428780124209594,2.060840051205977,"(0, 4, 2, 1, 3, 5)",327
340,False,0.38506731604148925,2.0611714302843898,"(2, 5, 0, 4, 1, 3)",328
254,False,0.38530207251668425,2.0613157078050692,"(2, 0, 4, 3, 1, 5)",329
339,False,0.3856902865451111,2.0614632374567576,"(2, 5, 0, 3, 4, 1)",330
205,False,0.38569028654511156,2.061463237456759,"(1, 4, 3, 0, 5, 2)",331
199,False,0.385113577620918,2.061667978245321,"(1, 4, 2, 0, 5, 3)",332
349,False,0.38718607336170197,2.0617681697446595,"(2, 5, 3, 0, 4, 1)",333
195,False,0.38718607336170224,2.06176816974466,"(1, 4, 0, 3, 5, 2)",334
253,False,0.38603817981466887,2.061802166706367,"(2, 0, 4, 1, 5, 3)",335
336,False,0.38432803716213637,2.0621452158616735,"(2, 5, 0, 1, 3, 4)",336
193,False,0.38666152283975114,2.0625053144464687,"(1, 4, 0, 2, 5, 3)",337
198,False,0.3861768688389431,2.0626158951638844,"(1, 4, 2, 0, 3, 5)",338
252,False,0.3861289770339645,2.0627500836249304,"(2, 0, 4, 1, 3, 5)",339
192,False,0.3867060747204547,2.063453231365032,"(1, 4, 0, 2, 3, 5)",340
317,False,0.3875674244374956,2.0635066474004784,"(2, 4, 0, 5, 3, 1)",341
187,False,0.38756742443749603,2.0635066474004793,"(1, 3, 5, 0, 4, 2)",342
344,False,0.38669254060713204,2.0635940580243215,"(2, 5, 1, 3, 0, 4)",343
188,False,0.3875133108748591,2.0637980630634147,"(1, 3, 5, 2, 0, 4)",344
204,False,0.3865872880737007,2.0641351695964882,"(1, 4, 3, 0, 2, 5)",345
194,False,0.386884573347447,2.0644401018843888,"(1, 4, 0, 3, 2, 5)",346
319,False,0.38645965249824243,2.065463076208488,"(2, 4, 1, 0, 5, 3)",347
315,False,0.38814695918356584,2.0657472423704784,"(2, 4, 0, 3, 5, 1)",348
229,False,0.38814695918356634,2.0657472423704797,"(1, 5, 3, 0, 4, 2)",349
350,False,0.3876397408288146,2.0658546833707616,"(2, 5, 3, 1, 0, 4)",350
230,False,0.3878012868539462,2.066038658033415,"(1, 5, 3, 2, 0, 4)",351
318,False,0.387068025509533,2.0664109931270507,"(2, 4, 1, 0, 3, 5)",352
316,False,0.3874220718938826,2.0679797457311184,"(2, 4, 0, 5, 1, 3)",353
186,False,0.38726865724451354,2.068536888549164,"(1, 3, 5, 0, 2, 4)",354
338,False,0.3875110477600286,2.0692425617149173,"(2, 5, 0, 3, 1, 4)",355
348,False,0.3889890449960626,2.0695474940028187,"(2, 5, 3, 0, 1, 4)",356
228,False,0.3898418949388052,2.070777483519165,"(1, 5, 3, 0, 2, 4)",357
314,False,0.38930081918862125,2.071168257619682,"(2, 4, 0, 3, 1, 5)",358
313,False,0.3892518208012271,2.0716547165209804,"(2, 4, 0, 1, 5, 3)",359
312,False,0.3888039386570039,2.0726026334395433,"(2, 4, 0, 1, 3, 5)",360
655,False,0.4238215521350386,2.183548453799022,general_295,361
659,False,0.42392784605292855,2.1838052198325855,general_299,362
498,False,0.424025348240578,2.183939580866211,general_138,363
614,False,0.42394649038408533,2.183987512811674,general_254,364
570,False,0.4239975589607913,2.1840559543790117,general_210,365
466,False,0.4240370892943511,2.184190158106981,general_106,366
578,False,0.42406456102063167,2.1842025379247136,general_218,367
376,False,0.42407347234077675,2.1842075152264444,general_16,368
571,False,0.42408063377946587,2.184214546622023,general_211,369
641,False,0.42404015502588144,2.184249476401302,general_281,370
491,False,0.4241385919545059,2.184276906054116,general_131,371
624,False,0.42408710443829023,2.1842952902404273,general_264,372
389,False,0.42409237235819475,2.1842968129573856,general_29,373
567,False,0.42406177123242095,2.184301049233222,general_207,374
402,False,0.42406762111179186,2.1843142372977997,general_42,375
698,False,0.4240756811986594,2.1843217478501504,general_338,376
396,False,0.4241153811992527,2.1843260800418567,general_36,377
440,False,0.42410715246360015,2.184332779784039,general_80,378
585,False,0.4241512197461509,2.1843377301530476,general_225,379
525,False,0.4240605121575476,2.184343277475487,general_165,380
489,False,0.4240881437605449,2.1843469355793035,general_129,381
581,False,0.4241292607341163,2.184352286995891,general_221,382
522,False,0.42416682672838707,2.1844061305495517,general_162,383
716,False,0.42421536515612557,2.184413979396793,general_356,384
372,False,0.4242048469693319,2.184432078548828,general_12,385
610,False,0.4241814936640267,2.1844322821629967,general_250,386
553,False,0.4240875182986427,2.184448207423338,general_193,387
425,False,0.42412823783886366,2.1844502375185177,general_65,388
408,False,0.42414780397824603,2.1844597193447077,general_48,389
547,False,0.42417757560695746,2.184464568425202,general_187,390
523,False,0.4241396867286117,2.1844650608763114,general_163,391
510,False,0.4241739508749833,2.184472558259995,general_150,392
395,False,0.4241470901712686,2.1844786685424653,general_35,393
642,False,0.42411805719765844,2.18449068215516,general_282,394
693,False,0.4241332254231346,2.1844922774917244,general_333,395
470,False,0.4241871416100631,2.184501231241473,general_110,396
573,False,0.42415037793926835,2.184503917146812,general_213,397
490,False,0.4241064847418943,2.1845057831007773,general_130,398
708,False,0.42411594015076837,2.184523603009568,general_348,399
505,False,0.42418545028779214,2.1845518773325945,general_145,400
626,False,0.4241878668569475,2.184551894652438,general_266,401
552,False,0.42423548221689217,2.1845591109474665,general_192,402
521,False,0.42420115526406216,2.1845665482359586,general_161,403
638,False,0.42425663088642607,2.1845698554324455,general_278,404
683,False,0.4242168947450736,2.1845731504524055,general_323,405
667,False,0.4241747409671114,2.184584725619618,general_307,406
661,False,0.424173258710201,2.184590060073432,general_301,407
603,False,0.4242337076575502,2.1845936111682787,general_243,408
432,False,0.42417277805047116,2.1846069686492218,general_72,409
674,False,0.42419197277226117,2.1846138821157117,general_314,410
665,False,0.42415922661922467,2.1846239866873094,general_305,411
613,False,0.42420361117200855,2.1846334971878,general_253,412
400,False,0.4241796590109462,2.184636690635744,general_40,413
540,False,0.42420928947451403,2.184680482250736,general_180,414
713,False,0.42421454497237154,2.184693091447799,general_353,415
530,False,0.42422230957105084,2.184696391971797,general_170,416
431,False,0.42425076533704786,2.1846983105034683,general_71,417
623,False,0.42419320041202585,2.1847009885284003,general_263,418
593,False,0.42427628906042,2.1847027190736794,general_233,419
575,False,0.42422325423390583,2.1847470292403743,general_215,420
640,False,0.4242074143561549,2.1847507598521068,general_280,421
479,False,0.4242704205399412,2.1847508275957983,general_119,422
584,False,0.42418374198453945,2.1847571157950525,general_224,423
717,False,0.4242676007163857,2.1847577538707696,general_357,424
681,False,0.42423974045940865,2.1847619051200127,general_321,425
536,False,0.424208562024504,2.1847626133683904,general_176,426
686,False,0.42415547055248376,2.184766147219407,general_326,427
631,False,0.4242700873710378,2.1847669307137347,general_271,428
704,False,0.42418728187993804,2.184767904446348,general_344,429
709,False,0.42414071836182377,2.1847718353021515,general_349,430
519,False,0.42414276446755567,2.1847746909145616,general_159,431
687,False,0.42425329946193696,2.1847799154917222,general_327,432
366,False,0.42423327934344496,2.1847887351103727,general_6,433
379,False,0.4242260150347318,2.1847905543396795,general_19,434
461,False,0.42424503620704773,2.1847910936010178,general_101,435
438,False,0.4241999890635487,2.184793334377627,general_78,436
650,False,0.424289427067912,2.1847970387549376,general_290,437
419,False,0.4242248873710132,2.184800324850027,general_59,438
434,False,0.42419766270472836,2.1848044027595774,general_74,439
393,False,0.4242174871639045,2.1848049089229997,general_33,440
529,False,0.42428132377690325,2.1848084620372186,general_169,441
501,False,0.4242563325790929,2.1848105362986168,general_141,442
544,False,0.4242690186132865,2.1848126578879707,general_184,443
595,False,0.42424126540121476,2.184814935255102,general_235,444
639,False,0.42422690771789495,2.184815696715253,general_279,445
582,False,0.42423909770486967,2.1848160942500385,general_222,446
386,False,0.4242480786010093,2.184816586110318,general_26,447
426,False,0.42424479771248724,2.1848192853443953,general_66,448
678,False,0.42412802234856384,2.1848193570623033,general_318,449
369,False,0.42418980369359494,2.1848198469558318,general_9,450
608,False,0.4242035585553101,2.1848297326006207,general_248,451
588,False,0.42413163039803525,2.1848305189546178,general_228,452
576,False,0.4242782345288582,2.184834862056357,general_216,453
427,False,0.42421665350277016,2.1848459176757116,general_67,454
517,False,0.4242782635212192,2.18485148243139,general_157,455
483,False,0.4242740219930526,2.184858912022896,general_123,456
701,False,0.424239888782209,2.1848616645244165,general_341,457
518,False,0.4242738895601371,2.184866063542136,general_158,458
668,False,0.4242564281787882,2.1848672306099024,general_308,459
648,False,0.42423900786792823,2.1848693480962758,general_288,460
545,False,0.42420786543261435,2.1848769184024737,general_185,461
689,False,0.4242634932474454,2.184878669268574,general_329,462
600,False,0.42425298257043365,2.1848808716059493,general_240,463
508,False,0.4242480861160869,2.184883569712479,general_148,464
388,False,0.4243062142144975,2.184898253951644,general_28,465
627,False,0.42427685091602135,2.1849037646726535,general_267,466
629,False,0.4242619871691834,2.184905517035313,general_269,467
707,False,0.4241821765321414,2.184908907674963,general_347,468
422,False,0.4242884514689933,2.1849117909968854,general_62,469
514,False,0.4242361269946473,2.1849126053540417,general_154,470
673,False,0.42429338513160525,2.1849201432398155,general_313,471
554,False,0.424258237392063,2.1849202883656886,general_194,472
449,False,0.424294682686716,2.184925269096331,general_89,473
680,False,0.4242923035354313,2.1849257783981555,general_320,474
488,False,0.4242674756876369,2.18493506672867,general_128,475
660,False,0.42427912796028433,2.1849390565433824,general_300,476
456,False,0.42433215283446124,2.184949890768318,general_96,477
406,False,0.42433496027373335,2.184952149252098,general_46,478
618,False,0.4241773455937734,2.1849585620016923,general_258,479
524,False,0.4242562088056605,2.1849597599544013,general_164,480
407,False,0.4243090888769271,2.1849613735282434,general_47,481
596,False,0.4242733913940764,2.1849627391058686,general_236,482
572,False,0.4242849448979826,2.1849646587489477,general_212,483
377,False,0.4243023642279657,2.18497393155314,general_17,484
706,False,0.4242795024787145,2.1849749564019767,general_346,485
557,False,0.4242757623793094,2.1849782641441626,general_197,486
677,False,0.4242785232400297,2.184978709799383,general_317,487
633,False,0.42425493215317955,2.184978738480746,general_273,488
441,False,0.4243234617408108,2.1849967413472733,general_81,489
711,False,0.424268210321733,2.1849973444167716,general_351,490
592,False,0.42433973194682517,2.1849980803541467,general_232,491
579,False,0.42430786345167926,2.1850031086432034,general_219,492
414,False,0.4242974959726383,2.185003495819104,general_54,493
534,False,0.4243120760265469,2.185008682148271,general_174,494
477,False,0.4243584148470825,2.185011820367163,general_117,495
551,False,0.42433053252861297,2.1850126634500455,general_191,496
645,False,0.42434714257131056,2.185016507711089,general_285,497
375,False,0.42428198112691623,2.1850177777295174,general_15,498
399,False,0.42431932139863215,2.1850186654328403,general_39,499
496,False,0.42425219417397986,2.1850189182742756,general_136,500
664,False,0.424267804682318,2.185023014604404,general_304,501
384,False,0.4243346729840269,2.1850234719422374,general_24,502
401,False,0.42430215401422045,2.1850346282502713,general_41,503
620,False,0.4243339716137408,2.185037009964657,general_260,504
548,False,0.4242462637197353,2.185038078657745,general_188,505
397,False,0.42425534049056624,2.1850488491729068,general_37,506
433,False,0.4242997645978601,2.185049911605225,general_73,507
417,False,0.4243663224174382,2.1850506842306503,general_57,508
480,False,0.42430424490980695,2.185054617055961,general_120,509
462,False,0.42432285892622545,2.1850546908891637,general_102,510
527,False,0.4243685113867065,2.1850572438772895,general_167,511
368,False,0.42437496554251986,2.185057388993814,general_8,512
457,False,0.42432504154067785,2.1850677256085835,general_97,513
587,False,0.42424969330067275,2.185084956111724,general_227,514
580,False,0.42434910244048973,2.1850890873521127,general_220,515
712,False,0.424437209782745,2.185089886746751,general_352,516
439,False,0.42435534288538523,2.1850988071742217,general_79,517
446,False,0.4243562513375812,2.185104534394215,general_86,518
445,False,0.4243286201884555,2.1851076612478395,general_85,519
672,False,0.4244093691776794,2.1851104081594763,general_312,520
550,False,0.4243325408282947,2.18511055602281,general_190,521
364,False,0.4243573924661888,2.1851123748790893,general_4,522
509,False,0.424381647442035,2.1851131872930427,general_149,523
465,False,0.42439239158619624,2.1851140886885654,general_105,524
685,False,0.4243817983690387,2.1851180553091103,general_325,525
443,False,0.4243246259993758,2.1851256756923667,general_83,526
583,False,0.4243454872834996,2.1851398490929332,general_223,527
374,False,0.4243693092588947,2.185143206211171,general_14,528
416,False,0.4243482572481897,2.185143612839707,general_56,529
705,False,0.42437284105446194,2.185145738142131,general_345,530
363,False,0.4243033120223586,2.185155415046646,general_3,531
533,False,0.42441079943557586,2.185165958385408,general_173,532
649,False,0.4243918540483151,2.185173437052862,general_289,533
562,False,0.42441095731343764,2.1851742601109274,general_202,534
469,False,0.4242764676287385,2.1851787339315907,general_109,535
497,False,0.42430540788673327,2.185183190652054,general_137,536
539,False,0.4243136308804826,2.185184496473824,general_179,537
420,False,0.4243436950525693,2.1851861845010294,general_60,538
546,False,0.4243949645282644,2.185188115985245,general_186,539
430,False,0.4243827090816859,2.1851916629711345,general_70,540
394,False,0.42441618037974865,2.185191768461997,general_34,541
421,False,0.42430780610973673,2.185193337209368,general_61,542
418,False,0.42433401966617773,2.185193589839683,general_58,543
472,False,0.4243142539300647,2.185200331725323,general_112,544
474,False,0.4243517683807079,2.1852006393249894,general_114,545
632,False,0.4243782052250645,2.18520080884084,general_272,546
565,False,0.42442730753441793,2.185210409217749,general_205,547
516,False,0.42439213992865144,2.185212661220577,general_156,548
378,False,0.4243702882843934,2.1852147876858936,general_18,549
568,False,0.4243784134948223,2.185227988817366,general_208,550
621,False,0.42444723454026406,2.1852282792140385,general_261,551
684,False,0.42439498794243957,2.1852332099085556,general_324,552
586,False,0.42435920372433567,2.1852402340777064,general_226,553
382,False,0.4243324963689674,2.1852413838314746,general_22,554
392,False,0.4243540989165451,2.1852461453173833,general_32,555
653,False,0.4243971486089685,2.185248808814727,general_293,556
696,False,0.42436212210939817,2.1852547522196946,general_336,557
537,False,0.4244136158397594,2.185264521852734,general_177,558
643,False,0.4244616006504811,2.1852794121717483,general_283,559
448,False,0.42439259744602875,2.1852796821067306,general_88,560
492,False,0.42442035942541784,2.1852796951417206,general_132,561
495,False,0.42441727894710235,2.1852798557762867,general_135,562
541,False,0.42443315357734934,2.185289762410207,general_181,563
622,False,0.4243887506134362,2.1852946416307213,general_262,564
437,False,0.4243608543632017,2.185301709383825,general_77,565
675,False,0.4244684027316205,2.185304525629104,general_315,566
365,False,0.4244369989142096,2.185306120892908,general_5,567
564,False,0.4243634186491988,2.1853074049737664,general_204,568
468,False,0.42434696458776233,2.1853134374086096,general_108,569
617,False,0.4243960258128441,2.185316722078464,general_257,570
502,False,0.4244060068333822,2.185320471110269,general_142,571
494,False,0.42435932082501715,2.1853221623454457,general_134,572
679,False,0.42440524758959186,2.1853252446240647,general_319,573
455,False,0.42439536405020245,2.1853301290621223,general_95,574
486,False,0.4243870657993508,2.1853308830687332,general_126,575
487,False,0.42440482046252065,2.1853320123440794,general_127,576
424,False,0.424392641249599,2.185343962126991,general_64,577
511,False,0.4243532900664093,2.185350103569597,general_151,578
555,False,0.4244492187300607,2.1853511208780727,general_195,579
447,False,0.42435763994317155,2.1853526380304027,general_87,580
531,False,0.4244088520002618,2.1853649777085375,general_171,581
602,False,0.42443481557688423,2.1853722146036256,general_242,582
615,False,0.424455165310916,2.185373264805076,general_255,583
436,False,0.4244588497516091,2.185374868947144,general_76,584
703,False,0.42436873188324464,2.1853865636586534,general_343,585
538,False,0.42434283377316506,2.1853888657492124,general_178,586
646,False,0.4244257374010362,2.1853893387328416,general_286,587
591,False,0.4244251339812235,2.185389431881786,general_231,588
619,False,0.4243975471621767,2.185392716163989,general_259,589
628,False,0.4244889811295902,2.1853960836936226,general_268,590
676,False,0.4244019719597998,2.1854046269326437,general_316,591
574,False,0.42443517676642417,2.185404736091238,general_214,592
644,False,0.42440919742438027,2.1854065105590625,general_284,593
589,False,0.424433977848306,2.1854275591194816,general_229,594
691,False,0.4244450678922024,2.185428342652817,general_331,595
719,False,0.4243820636657086,2.185428581718516,general_359,596
482,False,0.4243859847033678,2.185430146284895,general_122,597
500,False,0.4244099025941902,2.185433303975886,general_140,598
387,False,0.42442881238349905,2.1854394218519833,general_27,599
694,False,0.4244962287052563,2.1854507756267076,general_334,600
506,False,0.42442002939001106,2.185450888911634,general_146,601
380,False,0.42437325986593133,2.185451507315737,general_20,602
381,False,0.4243719933358826,2.185457808163744,general_21,603
652,False,0.42444630249861354,2.185460938678711,general_292,604
607,False,0.4244283172685417,2.1854630652878573,general_247,605
605,False,0.42433124127128435,2.1854697825902387,general_245,606
458,False,0.42434769180949145,2.185470509290788,general_98,607
609,False,0.4244000768552079,2.185472731118156,general_249,608
543,False,0.4244185801421153,2.185478069599852,general_183,609
690,False,0.42443335190728887,2.1854846549142506,general_330,610
454,False,0.4244977875971575,2.1854850923764224,general_94,611
435,False,0.42443321548079926,2.18548752089084,general_75,612
411,False,0.4244526556480793,2.185494760993073,general_51,613
634,False,0.42444957165521324,2.1855121057295035,general_274,614
710,False,0.4244379100355807,2.185513957870908,general_350,615
663,False,0.42443906058189174,2.1855191896921724,general_303,616
423,False,0.4244436372732733,2.185522637430127,general_63,617
616,False,0.4244523035128974,2.1855367880083434,general_256,618
535,False,0.4245237085887663,2.185545146335931,general_175,619
467,False,0.4244267697312105,2.1855455745968517,general_107,620
451,False,0.4244894048662229,2.185557352175247,general_91,621
566,False,0.42450457639813655,2.1855610377397907,general_206,622
590,False,0.4244026363241683,2.1855682833775845,general_230,623
636,False,0.42447664394820134,2.185571413930532,general_276,624
415,False,0.42447074760012793,2.1855718430268216,general_55,625
403,False,0.42446091132331526,2.1855821731208955,general_43,626
459,False,0.4244523422815655,2.1855836253561938,general_99,627
475,False,0.4244479736620835,2.1855918505480396,general_115,628
444,False,0.42452929817981583,2.1855941407282495,general_84,629
606,False,0.42449348135902715,2.185595639441318,general_246,630
390,False,0.4244870768347554,2.185602685213011,general_30,631
473,False,0.4244903359428659,2.1856075411363216,general_113,632
666,False,0.4244744468660188,2.1856104528803906,general_306,633
682,False,0.42446846008900274,2.18561048126676,general_322,634
662,False,0.4245110160748504,2.185614680730561,general_302,635
702,False,0.42444507922096336,2.1856179893991525,general_342,636
367,False,0.42453986868213345,2.185619257216976,general_7,637
688,False,0.42452261829686805,2.185622045867002,general_328,638
362,False,0.4244986346791332,2.185630985203555,general_2,639
409,False,0.4244988737839132,2.1856342624468246,general_49,640
405,False,0.42447054704301573,2.1856395358271827,general_45,641
647,False,0.42446949151366975,2.1856449343638205,general_287,642
599,False,0.4244866188600601,2.185648417698914,general_239,643
601,False,0.42447965449351543,2.1856650048161024,general_241,644
385,False,0.42450899275354814,2.1856654231808674,general_25,645
398,False,0.424487195915325,2.18567045640114,general_38,646
410,False,0.424510606412616,2.1856708366393094,general_50,647
612,False,0.42444973572349487,2.185674322458981,general_252,648
442,False,0.42447297961759284,2.18567534794214,general_82,649
699,False,0.4244247333484754,2.1856946340663512,general_339,650
504,False,0.4244912930169886,2.18569673804072,general_144,651
450,False,0.4244920800551476,2.1857027277429992,general_90,652
597,False,0.42450181433871337,2.1857102901267496,general_237,653
429,False,0.4245350612313099,2.1857195320347698,general_69,654
604,False,0.4245244448028435,2.1857322828833414,general_244,655
637,False,0.42449009400936194,2.1857488810705634,general_277,656
560,False,0.42454294845038565,2.1857498508688984,general_200,657
577,False,0.42451748090864344,2.1857499239895506,general_217,658
428,False,0.42449307810532466,2.1857581068807237,general_68,659
558,False,0.4245498046757614,2.185759072969781,general_198,660
499,False,0.42454081435805713,2.1857604233328125,general_139,661
370,False,0.42447469124670056,2.185764298321445,general_10,662
559,False,0.42448713410473926,2.1857692628388694,general_199,663
478,False,0.42452071006405967,2.185771776216579,general_118,664
373,False,0.4244663044931328,2.185786951092351,general_13,665
471,False,0.42457014509544544,2.185791235686832,general_111,666
526,False,0.42454704633960677,2.185793654926625,general_166,667
700,False,0.4244996898730477,2.1858078084722656,general_340,668
513,False,0.42454240326735365,2.185812206446668,general_153,669
391,False,0.4245650425805463,2.1858151375496595,general_31,670
485,False,0.42457410422278363,2.185819110170008,general_125,671
453,False,0.42455494979309555,2.185834197310636,general_93,672
561,False,0.42453584631646324,2.185855194332852,general_201,673
484,False,0.42458603696461733,2.18585764770384,general_124,674
656,False,0.4245939504866066,2.1858612313471273,general_296,675
476,False,0.42461764757645326,2.18586239671865,general_116,676
651,False,0.42460106707966305,2.1858650189701234,general_291,677
714,False,0.42445830315748534,2.1858660459067636,general_354,678
452,False,0.424586002733503,2.18587198665905,general_92,679
692,False,0.42461678762358024,2.185883409534738,general_332,680
383,False,0.4245964519924338,2.185892632478409,general_23,681
563,False,0.42456198825667385,2.185893573573537,general_203,682
520,False,0.4245636722681784,2.1859081892238073,general_160,683
671,False,0.424539829365038,2.1859091098949994,general_311,684
670,False,0.4245202008395569,2.1859377822915036,general_310,685
697,False,0.4246247686956188,2.1859484362573234,general_337,686
611,False,0.42460097071024905,2.185948577076897,general_251,687
528,False,0.4245464939840581,2.185972908376941,general_168,688
549,False,0.4245465326987624,2.185987500049679,general_189,689
404,False,0.4246234156138435,2.185989892999306,general_44,690
556,False,0.42459042811310865,2.185995439078103,general_196,691
493,False,0.4246012932285575,2.1860350492755867,general_133,692
542,False,0.4246299870167452,2.186036754548364,general_182,693
654,False,0.4245533731446706,2.186044880193343,general_294,694
669,False,0.4246252753294193,2.1860477327497696,general_309,695
512,False,0.42464480279949357,2.186086658545144,general_152,696
532,False,0.4246116236975347,2.186113297634131,general_172,697
413,False,0.4246792352392923,2.186135445108527,general_53,698
658,False,0.42465786542884676,2.186142151708693,general_298,699
361,False,0.4246600644016284,2.1861485343376943,general_1,700
371,False,0.42463256790846315,2.186153973183915,general_11,701
460,False,0.4246522615532739,2.1861861674518783,general_100,702
598,False,0.42464167790362706,2.1861862799583713,general_238,703
481,False,0.4245962411910544,2.1861931798888676,general_121,704
515,False,0.4247033795369339,2.18620338935793,general_155,705
635,False,0.4247159672013304,2.1862038785771114,general_275,706
594,False,0.4246128780846649,2.1862472087199816,general_234,707
412,False,0.42473345656751715,2.186280408029443,general_52,708
718,False,0.4246856994409297,2.186293153936195,general_358,709
569,False,0.42475337449240663,2.1863359543813514,general_209,710
657,False,0.4247546708188721,2.1863689222646108,general_297,711
463,False,0.4246984111034003,2.18638352883327,general_103,712
507,False,0.4246944255204138,2.18640574797041,general_147,713
630,False,0.4247238233764362,2.186406211427722,general_270,714
464,False,0.4247308537479846,2.1864077326848346,general_104,715
625,False,0.4247902239940704,2.1864776627197866,general_265,716
503,False,0.42475992872104046,2.1865578157413283,general_143,717
695,False,0.42474062859656614,2.1866162104430105,general_335,718
715,False,0.42483018981535,2.1867556238489736,general_355,719
