,is_well_nested,ms,ee,perm,i
0,True,0.3365152584324162,1.958080982559258,"(0, 1, 2, 3, 4, 5)",0
360,True,0.3365152584324162,1.958080982559258,general_0,1
1,False,0.33819979285694385,1.9595421677629385,"(0, 1, 2, 3, 5, 4)",2
120,True,0.3383443688030364,1.959927796862808,"(1, 0, 2, 3, 4, 5)",3
264,True,0.33916081913469825,1.961301649930319,"(2, 1, 0, 3, 4, 5)",4
121,False,0.339581214650704,1.9613889820664878,"(1, 0, 2, 3, 5, 4)",5
4,True,0.3393044949139069,1.9613898536623497,"(0, 1, 2, 5, 3, 4)",6
5,True,0.3391963172145901,1.9614281289068272,"(0, 1, 2, 5, 4, 3)",7
2,True,0.3389875261384333,1.9615067068067835,"(0, 1, 2, 4, 3, 5)",8
144,False,0.3394087902225764,1.9616390078522692,"(1, 2, 0, 3, 4, 5)",9
24,False,0.33913347541278405,1.9617223747287535,"(0, 2, 1, 3, 4, 5)",10
6,False,0.3392786567546,1.9617646898929668,"(0, 1, 3, 2, 4, 5)",11
265,False,0.33978552753252483,1.9627628351339996,"(2, 1, 0, 3, 5, 4)",12
3,False,0.3395160441476151,1.9630061672549415,"(0, 1, 2, 4, 5, 3)",13
145,False,0.3402357718540329,1.9631001930559495,"(1, 2, 0, 3, 5, 4)",14
25,False,0.3396509925529745,1.9631835599324339,"(0, 2, 1, 3, 5, 4)",15
7,False,0.34003219463129203,1.9632258750966471,"(0, 1, 3, 2, 5, 4)",16
240,True,0.3396664646897515,1.9632318311103534,"(2, 0, 1, 3, 4, 5)",17
124,True,0.34027465051905026,1.9632366679658992,"(1, 0, 2, 5, 3, 4)",18
125,True,0.33993943487215184,1.9632749432103769,"(1, 0, 2, 5, 4, 3)",19
294,False,0.340387075030244,1.9632769755900699,"(2, 3, 1, 0, 4, 5)",20
270,False,0.3404607762645853,1.963348960895232,"(2, 1, 3, 0, 4, 5)",21
122,True,0.3396914862050028,1.963353521110333,"(1, 0, 2, 4, 3, 5)",22
18,False,0.33997534576089383,1.9635394525491519,"(0, 1, 5, 2, 3, 4)",23
19,False,0.3405312226362547,1.9635777277936295,"(0, 1, 5, 2, 4, 3)",24
126,False,0.340172466344992,1.9636115041965165,"(1, 0, 3, 2, 4, 5)",25
150,False,0.34007457334093627,1.9636863188171816,"(1, 2, 3, 0, 4, 5)",26
22,False,0.34054696481773683,1.963910819232376,"(0, 1, 5, 4, 2, 3)",27
305,False,0.33994786568542534,1.9643650613707853,"(2, 3, 4, 5, 1, 0)",28
23,False,0.33994786568542534,1.9643650613707853,"(0, 1, 5, 4, 3, 2)",29
268,True,0.34067641630272777,1.9646105210334104,"(2, 1, 0, 5, 3, 4)",30
269,True,0.3401642754497134,1.9646487962778882,"(2, 1, 0, 5, 4, 3)",31
241,False,0.3407060632469762,1.9646930163140335,"(2, 0, 1, 3, 5, 4)",32
266,True,0.3402424310622076,1.9647273741778444,"(2, 1, 0, 4, 3, 5)",33
295,False,0.3408920737680149,1.9647381607937504,"(2, 3, 1, 0, 5, 4)",34
271,False,0.3410781154431376,1.964810146098912,"(2, 1, 3, 0, 5, 4)",35
123,False,0.3407327915531909,1.9648529815584914,"(1, 0, 2, 4, 5, 3)",36
148,False,0.3409298834272059,1.9649478789553605,"(1, 2, 0, 5, 3, 4)",37
149,False,0.3408707778132817,1.9649861541998381,"(1, 2, 0, 5, 4, 3)",38
28,False,0.34082997135934145,1.9650312458318455,"(0, 2, 1, 5, 3, 4)",39
146,False,0.34084764961724184,1.9650647320997945,"(1, 2, 0, 4, 3, 5)",40
29,False,0.34038723843826657,1.9650695210763232,"(0, 2, 1, 5, 4, 3)",41
127,False,0.34044533928875503,1.9650726894001966,"(1, 0, 3, 2, 5, 4)",42
151,False,0.3408938852976874,1.9651475040208624,"(1, 2, 3, 0, 5, 4)",43
26,False,0.3404672121127199,1.965148098976279,"(0, 2, 1, 4, 3, 5)",44
96,False,0.34021692048955443,1.965241403726735,"(0, 5, 1, 2, 3, 4)",45
48,False,0.3406899042755896,1.9652724141459024,"(0, 3, 1, 2, 4, 5)",46
97,False,0.34096111380298133,1.9652796789712126,"(0, 5, 1, 2, 4, 3)",47
138,False,0.3409112765118185,1.9653862668527011,"(1, 0, 5, 2, 3, 4)",48
139,False,0.341213257092265,1.965424542097179,"(1, 0, 5, 2, 4, 3)",49
12,False,0.3408339492819933,1.9654425260565935,"(0, 1, 4, 2, 3, 5)",50
288,False,0.34081054535696576,1.965452789713049,"(2, 3, 0, 1, 4, 5)",51
114,False,0.34094704011684646,1.9655104824880703,"(0, 5, 4, 1, 2, 3)",52
296,False,0.341276087317988,1.9655204784215112,"(2, 3, 1, 4, 0, 5)",53
272,False,0.3411060911137266,1.9655924637266728,"(2, 1, 3, 4, 0, 5)",54
100,False,0.3413109557137835,1.965612770409959,"(0, 5, 1, 4, 2, 3)",55
302,False,0.3409397900310279,1.9656227663434005,"(2, 3, 4, 1, 0, 5)",56
16,False,0.34082764538367805,1.9656970395953846,"(0, 1, 4, 5, 2, 3)",57
142,False,0.34118360777430373,1.9657576335359257,"(1, 0, 5, 4, 2, 3)",58
54,False,0.34049547043783857,1.9658118319000852,"(0, 3, 2, 1, 4, 5)",59
8,False,0.3408812864578663,1.9658621532405616,"(0, 1, 3, 4, 2, 5)",60
152,False,0.3404374998685236,1.9659298216486227,"(1, 2, 3, 4, 0, 5)",61
30,False,0.3410174500664895,1.965945499816645,"(0, 2, 3, 1, 4, 5)",62
297,False,0.34121285336221374,1.965964724626479,"(2, 3, 1, 4, 5, 0)",63
115,False,0.34121285336221374,1.965964724626479,"(0, 5, 4, 1, 3, 2)",64
273,False,0.34089361937916646,1.966036709931641,"(2, 1, 3, 4, 5, 0)",65
118,False,0.34089361937916646,1.966036709931641,"(0, 5, 4, 3, 1, 2)",66
101,False,0.34108835144993466,1.9660670125483681,"(0, 5, 1, 4, 3, 2)",67
303,False,0.34108835144993477,1.9660670125483684,"(2, 3, 4, 1, 5, 0)",68
14,False,0.3405079886270843,1.966114265156663,"(0, 1, 4, 3, 2, 5)",69
17,False,0.3410433040405224,1.9661512817337936,"(0, 1, 4, 5, 3, 2)",70
311,False,0.3410433040405224,1.9661512817337936,"(2, 3, 5, 4, 1, 0)",71
143,False,0.34045269055617217,1.9662118756743348,"(1, 0, 5, 4, 3, 2)",72
304,False,0.34045269055617217,1.9662118756743348,"(2, 3, 4, 5, 0, 1)",73
267,False,0.3411757260653754,1.9662268346260023,"(2, 1, 0, 4, 5, 3)",74
119,False,0.33991528818958483,1.9663740678535906,"(0, 5, 4, 3, 2, 1)",75
153,False,0.3399152881895849,1.9663740678535908,"(1, 2, 3, 4, 5, 0)",76
244,True,0.3413383708991226,1.9665407022134445,"(2, 0, 1, 5, 3, 4)",77
147,False,0.3413636118155351,1.9665641925479527,"(1, 2, 0, 4, 5, 3)",78
245,True,0.34129320002759067,1.9665789774579223,"(2, 0, 1, 5, 4, 3)",79
27,False,0.3413334992733887,1.9666475594244375,"(0, 2, 1, 4, 5, 3)",80
242,True,0.3413166221580869,1.9666575553578787,"(2, 0, 1, 4, 3, 5)",81
49,False,0.34144864091480825,1.9667335993495825,"(0, 3, 1, 2, 5, 4)",82
289,False,0.3415643255268471,1.9669139749167293,"(2, 3, 0, 1, 5, 4)",83
13,False,0.3407747396710754,1.9669419865047517,"(0, 1, 4, 2, 5, 3)",84
20,False,0.34159160691136764,1.9670075777857585,"(0, 1, 5, 3, 2, 4)",85
174,False,0.3416491042415963,1.967052412788419,"(1, 3, 2, 0, 4, 5)",86
55,False,0.34101269521930166,1.9672730171037653,"(0, 3, 2, 1, 5, 4)",87
132,False,0.34143965374275875,1.9672893403601432,"(1, 0, 4, 2, 3, 5)",88
90,False,0.3412125328538049,1.9673123036329416,"(0, 4, 5, 1, 2, 3)",89
31,False,0.3415297476075758,1.9674066850203256,"(0, 2, 3, 1, 5, 4)",90
246,False,0.34100859757594554,1.9674549561982444,"(2, 0, 3, 1, 4, 5)",91
329,False,0.34127318058585254,1.9675000951686454,"(2, 4, 3, 5, 1, 0)",92
21,False,0.34127318058585254,1.9675000951686454,"(0, 1, 5, 3, 4, 2)",93
136,False,0.3417101456375951,1.967543853898934,"(1, 0, 4, 5, 2, 3)",94
128,False,0.34171445776416454,1.9677089675441108,"(1, 0, 3, 4, 2, 5)",95
91,False,0.34189934830103497,1.9677665457713511,"(0, 4, 5, 1, 3, 2)",96
299,False,0.34189934830103497,1.9677665457713511,"(2, 3, 1, 5, 4, 0)",97
300,False,0.3413790179823472,1.9678135677788893,"(2, 3, 4, 0, 1, 5)",98
359,False,0.3410490892719,1.9678158558271288,"(2, 5, 4, 3, 1, 0)",99
9,False,0.3410490892719001,1.967815855827129,"(0, 1, 3, 4, 5, 2)",100
275,False,0.3415767734286432,1.9678385310765123,"(2, 1, 3, 5, 4, 0)",101
94,False,0.3415767734286433,1.9678385310765125,"(0, 4, 5, 3, 1, 2)",102
134,False,0.3411971876714418,1.9679610794602127,"(1, 0, 4, 3, 2, 5)",103
310,False,0.34194304694729966,1.967998096037343,"(2, 3, 5, 4, 0, 1)",104
137,False,0.34194304694729966,1.967998096037343,"(1, 0, 4, 5, 3, 2)",105
353,False,0.3418003144891003,1.9680679677432305,"(2, 5, 3, 4, 1, 0)",106
15,False,0.3418003144891004,1.9680679677432305,"(0, 1, 4, 3, 5, 2)",107
243,False,0.3416346878653661,1.9681570158060366,"(2, 0, 1, 4, 5, 3)",108
95,False,0.3416258172197434,1.9681758889984622,"(0, 4, 5, 3, 2, 1)",109
155,False,0.34162581721974344,1.9681758889984624,"(1, 2, 3, 5, 4, 0)",110
175,False,0.3421281119207109,1.9685135979920994,"(1, 3, 2, 0, 5, 4)",111
10,False,0.34148797589181623,1.9685416862326652,"(0, 1, 3, 5, 2, 4)",112
168,False,0.34158172025007866,1.9686888091572148,"(1, 3, 0, 2, 4, 5)",113
98,False,0.3416918810408661,1.9687095289633418,"(0, 5, 1, 3, 2, 4)",114
326,False,0.34191500567868505,1.9687578001412605,"(2, 4, 3, 1, 0, 5)",115
298,False,0.3419737548545616,1.9687834847700632,"(2, 3, 1, 5, 0, 4)",116
133,False,0.3419109739176014,1.9687888008083014,"(1, 0, 4, 2, 5, 3)",117
282,False,0.3424166678632758,1.9688171733524442,"(2, 1, 5, 0, 3, 4)",118
140,False,0.3421550396923768,1.968854392089308,"(1, 0, 5, 3, 2, 4)",119
283,False,0.34209143185820745,1.9688554485969223,"(2, 1, 5, 0, 4, 3)",120
274,False,0.34241778891629376,1.9688554700752252,"(2, 1, 3, 5, 0, 4)",121
102,False,0.3421904351054732,1.9688800220060567,"(0, 5, 2, 1, 3, 4)",122
247,False,0.3420171147657757,1.9689161414019247,"(2, 0, 3, 1, 5, 4)",123
103,False,0.3422252699103221,1.9689182972505341,"(0, 5, 2, 1, 4, 3)",124
72,False,0.3416401002711329,1.9689462983790487,"(0, 4, 1, 2, 3, 5)",125
116,False,0.3419930867279496,1.9689485617644686,"(0, 5, 4, 2, 1, 3)",126
278,False,0.3422135489412935,1.968981299548497,"(2, 1, 4, 3, 0, 5)",127
335,False,0.3420373103139806,1.9690342036155521,"(2, 4, 5, 3, 1, 0)",128
11,False,0.3420373103139806,1.9690342036155521,"(0, 1, 3, 5, 4, 2)",129
162,False,0.3426019186968466,1.9691545312743943,"(1, 2, 5, 0, 3, 4)",130
163,False,0.3425287882328776,1.9691928065188722,"(1, 2, 5, 0, 4, 3)",131
154,False,0.3421471571685401,1.969192827997175,"(1, 2, 3, 5, 0, 4)",132
76,False,0.3416487420241853,1.9692008119178392,"(0, 4, 1, 5, 2, 3)",133
99,False,0.342356506904147,1.9692020463462285,"(0, 5, 1, 3, 4, 2)",134
327,False,0.342356506904147,1.9692020463462285,"(2, 4, 3, 1, 5, 0)",135
216,False,0.34219436982547796,1.9692790194657732,"(1, 5, 0, 2, 3, 4)",136
176,False,0.3418999758472898,1.96929591561986,"(1, 3, 2, 4, 0, 5)",137
217,False,0.342585279251857,1.9693172947102513,"(1, 5, 0, 2, 4, 3)",138
158,False,0.3422931903529543,1.9693186574704473,"(1, 2, 4, 3, 0, 5)",139
141,False,0.3420768036508276,1.969346909472195,"(1, 0, 5, 3, 4, 2)",140
328,False,0.3420768036508276,1.969346909472195,"(2, 4, 3, 5, 0, 1)",141
50,False,0.34116671063515513,1.969369877493497,"(0, 3, 1, 4, 2, 5)",142
112,False,0.3421067083920939,1.969425545753465,"(0, 5, 3, 4, 1, 2)",143
279,False,0.3421067083920939,1.969425545753465,"(2, 1, 4, 3, 5, 0)",144
74,False,0.3423224887248937,1.9696180374791181,"(0, 4, 1, 3, 2, 5)",145
220,False,0.3422301490355475,1.9696503861489976,"(1, 5, 0, 4, 2, 3)",146
77,False,0.34228622456641433,1.9696550540562485,"(0, 4, 1, 5, 3, 2)",147
309,False,0.3422862245664142,1.9696550540562485,"(2, 3, 5, 1, 4, 0)",148
358,False,0.3419855415399809,1.9696626701306783,"(2, 5, 4, 3, 0, 1)",149
129,False,0.3419855415399809,1.9696626701306783,"(1, 0, 3, 4, 5, 2)",150
177,False,0.3421126057108319,1.9697401618248278,"(1, 3, 2, 4, 5, 0)",151
117,False,0.3421126057108319,1.9697401618248278,"(0, 5, 4, 2, 3, 1)",152
113,False,0.34199437587810416,1.969762903675415,"(0, 5, 3, 4, 2, 1)",153
159,False,0.3419943758781042,1.9697629036754152,"(1, 2, 4, 3, 5, 0)",154
290,False,0.3419410725765144,1.9698870939799786,"(2, 3, 0, 4, 1, 5)",155
84,False,0.34235073603081856,1.9698888705483415,"(0, 4, 3, 1, 2, 5)",156
60,False,0.34227382332287726,1.9698928224788224,"(0, 3, 4, 1, 2, 5)",157
135,False,0.3423605839754782,1.9699147820467797,"(1, 0, 4, 3, 5, 2)",158
352,False,0.3423605839754782,1.96991478204678,"(2, 5, 3, 4, 0, 1)",159
285,False,0.34246765373027765,1.9699978724306337,"(2, 1, 5, 3, 4, 0)",160
88,False,0.34246765373027777,1.969997872430634,"(0, 4, 3, 5, 1, 2)",161
64,False,0.34198549395162314,1.9700018243611144,"(0, 3, 4, 5, 1, 2)",162
287,False,0.34198549395162314,1.9700018243611144,"(2, 1, 5, 4, 3, 0)",163
301,False,0.3422013877901944,1.9701046282874068,"(2, 3, 4, 0, 5, 1)",164
221,False,0.3422013877901944,1.9701046282874068,"(1, 5, 0, 4, 3, 2)",165
169,False,0.34244392466507984,1.9701499943608953,"(1, 3, 0, 2, 5, 4)",166
276,False,0.34240635334301506,1.9701635209645814,"(2, 1, 4, 0, 3, 5)",167
86,False,0.3414277331926932,1.970225711467677,"(0, 4, 3, 2, 1, 5)",168
62,False,0.3424340169325819,1.970229663398158,"(0, 3, 4, 2, 1, 5)",169
56,False,0.34257341442760836,1.9702461361670154,"(0, 3, 2, 4, 1, 5)",170
89,False,0.34253911087177236,1.9703352303525836,"(0, 4, 3, 5, 2, 1)",171
165,False,0.34253911087177236,1.9703352303525836,"(1, 2, 5, 3, 4, 0)",172
65,False,0.3421957364153765,1.9703391822830647,"(0, 3, 4, 5, 2, 1)",173
167,False,0.3421957364153765,1.9703391822830647,"(1, 2, 5, 4, 3, 0)",174
32,False,0.34207915453743437,1.970379804083575,"(0, 2, 3, 4, 1, 5)",175
130,False,0.3424781507570603,1.970388500536215,"(1, 0, 3, 5, 2, 4)",176
73,False,0.34256994146354436,1.9704457588272066,"(0, 4, 1, 2, 5, 3)",177
156,False,0.3426973272080438,1.9705008788865315,"(1, 2, 4, 0, 3, 5)",178
342,False,0.34292587497883925,1.9706618740567199,"(2, 5, 1, 0, 3, 4)",179
308,False,0.3428082637534249,1.9706719930549608,"(2, 3, 5, 1, 0, 4)",180
343,False,0.34271466902873216,1.9707001493011975,"(2, 5, 1, 0, 4, 3)",181
92,False,0.3428807816441346,1.9707503829093402,"(0, 4, 5, 2, 1, 3)",182
42,False,0.34280379713608894,1.970819462997969,"(0, 2, 5, 1, 3, 4)",183
43,False,0.34256181543408765,1.9708577382424466,"(0, 2, 5, 1, 4, 3)",184
334,False,0.34263705927844607,1.9708810179191019,"(2, 4, 5, 3, 0, 1)",185
131,False,0.34263705927844607,1.9708810179191019,"(1, 0, 3, 5, 4, 2)",186
324,False,0.34291547448236837,1.9709486015767494,"(2, 4, 3, 0, 1, 5)",187
284,False,0.34297258886881443,1.971014811429346,"(2, 1, 5, 3, 0, 4)",188
286,False,0.3428562711156571,1.9710570386043045,"(2, 1, 5, 4, 0, 3)",189
70,False,0.3429285755876308,1.9712313188288177,"(0, 3, 5, 4, 1, 2)",190
281,False,0.3429285755876308,1.9712313188288177,"(2, 1, 4, 5, 3, 0)",191
357,False,0.3425921854980106,1.9713235800800644,"(2, 5, 4, 1, 3, 0)",192
51,False,0.34259218549801074,1.9713235800800646,"(0, 3, 1, 4, 5, 2)",193
222,False,0.3430180515370912,1.9713360728980052,"(1, 5, 2, 0, 3, 4)",194
164,False,0.3430239967443266,1.9713521693512963,"(1, 2, 5, 3, 0, 4)",195
223,False,0.3430942775887802,1.9713743481424832,"(1, 5, 2, 0, 4, 3)",196
166,False,0.34315923609561694,1.9713943965262548,"(1, 2, 5, 4, 0, 3)",197
179,False,0.34272232994944885,1.9715419829696998,"(1, 3, 2, 5, 4, 0)",198
93,False,0.34272232994944885,1.9715419829696998,"(0, 4, 5, 2, 3, 1)",199
71,False,0.34270247665319065,1.9715686767507676,"(0, 3, 5, 4, 2, 1)",200
161,False,0.34270247665319065,1.9715686767507676,"(1, 2, 4, 5, 3, 0)",201
75,False,0.3427660187945122,1.9715717400656851,"(0, 4, 1, 3, 5, 2)",202
351,False,0.3427660187945122,1.9715717400656851,"(2, 5, 3, 1, 4, 0)",203
277,False,0.3434363436668016,1.9716629814127395,"(2, 1, 4, 0, 5, 3)",204
234,False,0.34318850862480993,1.9717239123500867,"(1, 5, 4, 0, 2, 3)",205
345,False,0.3430060359869438,1.9718425731349087,"(2, 5, 1, 3, 4, 0)",206
85,False,0.3430060359869438,1.9718425731349087,"(0, 4, 3, 1, 5, 2)",207
61,False,0.34279221322455977,1.9718465250653898,"(0, 3, 4, 1, 5, 2)",208
347,False,0.34279221322455977,1.9718465250653898,"(2, 5, 1, 4, 3, 0)",209
248,False,0.3430264448565818,1.9718892604651743,"(2, 0, 3, 4, 1, 5)",210
108,False,0.3430725888640012,1.9719960768632767,"(0, 5, 3, 1, 2, 4)",211
157,False,0.3433127849554518,1.9720003393346897,"(1, 2, 4, 0, 5, 3)",212
320,False,0.3426210290657203,1.9720443480411955,"(2, 4, 1, 3, 0, 5)",213
52,False,0.3432677427433799,1.972049410485601,"(0, 3, 1, 5, 2, 4)",214
235,False,0.34320484340132024,1.9721781544884962,"(1, 5, 4, 0, 3, 2)",215
291,False,0.34320484340132024,1.9721781544884962,"(2, 3, 0, 4, 5, 1)",216
336,False,0.3433943545372755,1.9722434389038097,"(2, 5, 0, 1, 3, 4)",217
337,False,0.3432777162804419,1.9722817141482873,"(2, 5, 0, 1, 4, 3)",218
280,False,0.3433381154325357,1.9722865330720079,"(2, 1, 4, 5, 0, 3)",219
258,False,0.3434378442649162,1.9723289193795686,"(2, 0, 5, 1, 3, 4)",220
78,False,0.3432040779782755,1.97236142189191,"(0, 4, 2, 1, 3, 5)",221
259,False,0.34364119039010416,1.9723671946240464,"(2, 0, 5, 1, 4, 3)",222
356,False,0.3429879515730415,1.972378794323255,"(2, 5, 4, 1, 0, 3)",223
109,False,0.34303226673877896,1.9724885942461636,"(0, 5, 3, 1, 4, 2)",224
321,False,0.34303226673877896,1.9724885942461636,"(2, 4, 1, 3, 5, 0)",225
36,False,0.34243057838371693,1.9724990417389512,"(0, 2, 4, 1, 3, 5)",226
306,False,0.3435682830564228,1.9725019129072439,"(2, 3, 5, 0, 1, 4)",227
225,False,0.3428132531828265,1.9725167719761942,"(1, 5, 2, 3, 4, 0)",228
87,False,0.3428132531828265,1.9725167719761942,"(0, 4, 3, 2, 5, 1)",229
63,False,0.3433222322800714,1.972520723906675,"(0, 3, 4, 2, 5, 1)",230
227,False,0.3433222322800714,1.972520723906675,"(1, 5, 2, 4, 3, 0)",231
57,False,0.34318712607977336,1.9725371966755323,"(0, 3, 2, 4, 5, 1)",232
237,False,0.34318712607977336,1.9725371966755323,"(1, 5, 4, 2, 3, 0)",233
333,False,0.3430952599081981,1.972541927868488,"(2, 4, 5, 1, 3, 0)",234
53,False,0.3430952599081981,1.972541927868488,"(0, 3, 1, 5, 4, 2)",235
110,False,0.34305213837522175,1.9725555095558547,"(0, 5, 3, 2, 1, 4)",236
178,False,0.3435681472765735,1.9725589219684119,"(1, 3, 2, 5, 0, 4)",237
350,False,0.3433979237721528,1.9725886790643976,"(2, 5, 3, 1, 0, 4)",238
192,False,0.3434798120208389,1.9726230325348808,"(1, 4, 0, 2, 3, 5)",239
160,False,0.3434872440920487,1.9726238909939577,"(1, 2, 4, 5, 0, 3)",240
239,False,0.3423227999656654,1.9726708645920923,"(1, 5, 4, 3, 2, 0)",241
33,False,0.34232279996566545,1.9726708645920925,"(0, 2, 3, 4, 5, 1)",242
106,False,0.34279027501201376,1.97268946796568,"(0, 5, 2, 4, 1, 3)",243
218,False,0.3436423403399415,1.97274714470238,"(1, 5, 0, 3, 2, 4)",244
170,False,0.34348650438945305,1.9727862725048098,"(1, 3, 0, 4, 2, 5)",245
292,False,0.3438863531845369,1.972789218745325,"(2, 3, 0, 5, 1, 4)",246
344,False,0.343583689696095,1.9728595121336217,"(2, 5, 1, 3, 0, 4)",247
196,False,0.34388730544674684,1.9728775460736718,"(1, 4, 0, 5, 2, 3)",248
346,False,0.34258346683307217,1.97290173930858,"(2, 5, 1, 4, 0, 3)",249
104,False,0.34358668814657384,1.9729075799352414,"(0, 5, 2, 3, 1, 4)",250
200,False,0.3435933130253189,1.9729411386557236,"(1, 4, 2, 3, 0, 5)",251
182,False,0.34340454319433583,1.9730368218210712,"(1, 3, 4, 2, 0, 5)",252
58,False,0.343131636706073,1.9731482609323614,"(0, 3, 2, 5, 1, 4)",253
210,False,0.3438073610832335,1.9731648519117528,"(1, 4, 5, 0, 2, 3)",254
318,False,0.34347340341298793,1.9732265694572801,"(2, 4, 1, 0, 3, 5)",255
325,False,0.343632894334421,1.973239662085267,"(2, 4, 3, 0, 5, 1)",256
219,False,0.343632894334421,1.973239662085267,"(1, 5, 0, 3, 4, 2)",257
34,False,0.3436594546431715,1.9732819288489214,"(0, 2, 3, 5, 1, 4)",258
206,False,0.34329797417434366,1.9732932090351105,"(1, 4, 3, 2, 0, 5)",259
194,False,0.34320514123914425,1.9732947716349505,"(1, 4, 0, 3, 2, 5)",260
197,False,0.3439232019457764,1.9733317882120809,"(1, 4, 0, 5, 3, 2)",261
307,False,0.3439232019457765,1.973331788212081,"(2, 3, 5, 0, 4, 1)",262
80,False,0.3429851143132192,1.9733700019113147,"(0, 4, 2, 3, 1, 5)",263
111,False,0.34356903002500705,1.9733853848606917,"(0, 5, 3, 2, 4, 1)",264
201,False,0.34356903002500705,1.9733853848606917,"(1, 4, 2, 3, 5, 0)",265
183,False,0.34366171957071934,1.973481068026039,"(1, 3, 4, 2, 5, 0)",266
107,False,0.34366171957071945,1.9734810680260393,"(0, 5, 2, 4, 3, 1)",267
38,False,0.3435854258390828,1.9735076217583556,"(0, 2, 4, 3, 1, 5)",268
224,False,0.3435143391609409,1.9735337109749072,"(1, 5, 2, 3, 0, 4)",269
226,False,0.3438337486700018,1.9735759381498654,"(1, 5, 2, 4, 0, 3)",270
236,False,0.3437248645419071,1.973592410918723,"(1, 5, 4, 2, 0, 3)",271
332,False,0.3438234622875065,1.973597142111678,"(2, 4, 5, 1, 0, 3)",272
293,False,0.34372837201633427,1.973619094050162,"(2, 3, 0, 5, 4, 1)",273
211,False,0.34372837201633427,1.973619094050162,"(1, 4, 5, 0, 3, 2)",274
105,False,0.3430448998661876,1.9737374552400784,"(0, 5, 2, 3, 4, 1)",275
207,False,0.3430448998661876,1.9737374552400784,"(1, 4, 3, 2, 5, 0)",276
66,False,0.3437335164397617,1.9738018499386294,"(0, 3, 5, 1, 2, 4)",277
79,False,0.3433503959111974,1.973860882340068,"(0, 4, 2, 1, 5, 3)",278
354,False,0.34395520926417567,1.9739483750310176,"(2, 5, 4, 0, 1, 3)",279
213,False,0.3435673284629222,1.9739781362371984,"(1, 4, 5, 2, 3, 0)",280
59,False,0.3435673284629222,1.9739781362371984,"(0, 3, 2, 5, 4, 1)",281
37,False,0.3439873028696556,1.9739985021871091,"(0, 2, 4, 1, 5, 3)",282
252,False,0.3439727201242218,1.9740084981205503,"(2, 0, 4, 1, 3, 5)",283
215,False,0.3437043345606968,1.9741118041537582,"(1, 4, 5, 3, 2, 0)",284
35,False,0.3437043345606968,1.9741118041537582,"(0, 2, 3, 5, 4, 1)",285
193,False,0.343785914578263,1.9741224929830392,"(1, 4, 0, 2, 5, 3)",286
198,False,0.34358054542807137,1.9741233600718078,"(1, 4, 2, 0, 3, 5)",287
249,False,0.3434318232865745,1.974180320973692,"(2, 0, 3, 4, 5, 1)",288
238,False,0.34343182328657457,1.9741803209736921,"(1, 5, 4, 3, 0, 2)",289
67,False,0.3439114258958081,1.9742943673215163,"(0, 3, 5, 1, 4, 2)",290
323,False,0.3439114258958081,1.9742943673215163,"(2, 4, 1, 5, 3, 0)",291
68,False,0.3437993963188821,1.9743612826312071,"(0, 3, 5, 2, 1, 4)",292
348,False,0.34392729931732213,1.974418598916681,"(2, 5, 3, 0, 1, 4)",293
46,False,0.34387642942026875,1.9746289089575926,"(0, 2, 5, 4, 1, 3)",294
319,False,0.34423401210988586,1.974726029905438,"(2, 4, 1, 0, 5, 3)",295
355,False,0.3441695389613008,1.974739975091377,"(2, 5, 4, 0, 3, 1)",296
171,False,0.3441695389613009,1.9747399750913772,"(1, 3, 0, 4, 5, 2)",297
250,False,0.3440348890906782,1.9747913852305208,"(2, 0, 3, 5, 1, 4)",298
44,False,0.3437762762593537,1.974847020927154,"(0, 2, 5, 3, 1, 4)",299
180,False,0.3441243757944709,1.9748907823372246,"(1, 3, 4, 0, 2, 5)",300
254,False,0.3437162347458068,1.975017078139955,"(2, 0, 4, 3, 1, 5)",301
212,False,0.3441179380007772,1.9750333504803885,"(1, 4, 5, 2, 0, 3)",302
312,False,0.3439501626386514,1.9751413654332146,"(2, 4, 0, 1, 3, 5)",303
204,False,0.3440519963611244,1.975147169551264,"(1, 4, 3, 0, 2, 5)",304
330,False,0.3441368634377048,1.975166722819441,"(2, 4, 5, 0, 1, 3)",305
69,False,0.3435259554177817,1.9751911579360442,"(0, 3, 5, 2, 4, 1)",306
203,False,0.3435259554177817,1.9751911579360442,"(1, 4, 2, 5, 3, 0)",307
195,False,0.344021669402495,1.9752484742215177,"(1, 4, 0, 3, 5, 2)",308
349,False,0.34402166940249507,1.975248474221518,"(2, 5, 3, 0, 4, 1)",309
322,False,0.34467123435362135,1.9753495815647066,"(2, 4, 1, 5, 0, 3)",310
47,False,0.3437884123661781,1.9754205090179502,"(0, 2, 5, 4, 3, 1)",311
185,False,0.34378841236617846,1.9754205090179515,"(1, 3, 4, 5, 2, 0)",312
172,False,0.3443680375598714,1.9754658054969134,"(1, 3, 0, 5, 2, 4)",313
253,False,0.34410145842740314,1.9755079585687085,"(2, 0, 4, 1, 5, 3)",314
251,False,0.3441720443758991,1.9756212605353576,"(2, 0, 3, 5, 4, 1)",315
214,False,0.3441720443758991,1.9756212605353576,"(1, 4, 5, 3, 0, 2)",316
199,False,0.34450760455035356,1.9756228205199662,"(1, 4, 2, 0, 5, 3)",317
81,False,0.34430166059583983,1.975661062419832,"(0, 4, 2, 3, 5, 1)",318
231,False,0.3443016605958399,1.9756610624198323,"(1, 5, 3, 2, 4, 0)",319
209,False,0.3443247319144509,1.9756768962319908,"(1, 4, 3, 5, 2, 0)",320
45,False,0.3443247319144509,1.9756768962319908,"(0, 2, 5, 3, 4, 1)",321
39,False,0.34387191615146595,1.9757986822668727,"(0, 2, 4, 3, 5, 1)",322
233,False,0.34387191615146595,1.9757986822668727,"(1, 5, 3, 4, 2, 0)",323
173,False,0.34465487353537094,1.9759583228798,"(1, 3, 0, 5, 4, 2)",324
331,False,0.34465487353537094,1.9759583228798,"(2, 4, 5, 0, 3, 1)",325
340,False,0.34488256534993933,1.9760528848634327,"(2, 5, 0, 4, 1, 3)",326
82,False,0.3447747002893252,1.9760540147070995,"(0, 4, 2, 5, 1, 3)",327
262,False,0.3447125077464007,1.976138365339192,"(2, 0, 5, 4, 1, 3)",328
314,False,0.34481576516031703,1.9761499454526195,"(2, 4, 0, 3, 1, 5)",329
40,False,0.34423935882221346,1.9761916345541406,"(0, 2, 4, 5, 1, 3)",330
202,False,0.34433931633329296,1.9762463721792345,"(1, 4, 2, 5, 0, 3)",331
338,False,0.3444033790942734,1.9762709968329941,"(2, 5, 0, 3, 1, 4)",332
260,False,0.3447378561318697,1.9763564773087532,"(2, 0, 5, 3, 1, 4)",333
313,False,0.34496008579526555,1.976640825881373,"(2, 4, 0, 1, 5, 3)",334
230,False,0.3445749564757606,1.976678001418545,"(1, 5, 3, 2, 0, 4)",335
341,False,0.3448857283884641,1.976844484923792,"(2, 5, 0, 4, 3, 1)",336
181,False,0.3448857283884642,1.9768444849237923,"(1, 3, 4, 0, 5, 2)",337
83,False,0.34419421579711895,1.976845614767459,"(0, 4, 2, 5, 3, 1)",338
189,False,0.34419421579711895,1.976845614767459,"(1, 3, 5, 2, 4, 0)",339
184,False,0.3444151049316946,1.9769299653995507,"(1, 3, 4, 5, 0, 2)",340
263,False,0.3444151049316947,1.9769299653995511,"(2, 0, 5, 4, 3, 1)",341
191,False,0.34458240333719115,1.9769832346144993,"(1, 3, 5, 4, 2, 0)",342
41,False,0.3445824033371912,1.9769832346144995,"(0, 2, 4, 5, 3, 1)",343
205,False,0.3451185137232048,1.9771008721378314,"(1, 4, 3, 0, 5, 2)",344
339,False,0.3451185137232048,1.9771008721378314,"(2, 5, 0, 3, 4, 1)",345
261,False,0.344893705152035,1.9771863526135904,"(2, 0, 5, 3, 4, 1)",346
208,False,0.344893705152035,1.9771863526135904,"(1, 4, 3, 5, 0, 2)",347
232,False,0.3448097151494457,1.9773081386484723,"(1, 5, 3, 4, 0, 2)",348
255,False,0.3448097151494458,1.9773081386484725,"(2, 0, 4, 3, 5, 1)",349
256,False,0.3452812575534206,1.9777010909357398,"(2, 0, 4, 5, 1, 3)",350
188,False,0.34527500766581515,1.9778625537661716,"(1, 3, 5, 2, 0, 4)",351
228,False,0.3453299732724766,1.9779484885782501,"(1, 5, 3, 0, 2, 4)",352
315,False,0.34498968495853644,1.978441005961137,"(2, 4, 0, 3, 5, 1)",353
229,False,0.3449896849585365,1.9784410059611373,"(1, 5, 3, 0, 4, 2)",354
190,False,0.34519682051894274,1.978492690996099,"(1, 3, 5, 4, 0, 2)",355
257,False,0.34519682051894274,1.9784926909960991,"(2, 0, 4, 5, 3, 1)",356
316,False,0.3452928049198541,1.9788339582484042,"(2, 4, 0, 5, 1, 3)",357
186,False,0.3451677432160708,1.9791330409258767,"(1, 3, 5, 0, 2, 4)",358
187,False,0.3459722372620551,1.9796255583087636,"(1, 3, 5, 0, 4, 2)",359
317,False,0.3459722372620551,1.9796255583087636,"(2, 4, 0, 5, 3, 1)",360
623,False,0.3759363239771861,2.065406561583363,general_263,361
453,False,0.3759252314662791,2.065431177259315,general_93,362
701,False,0.3759679506003959,2.0655268454163846,general_341,363
464,False,0.37597528208871106,2.0655679301261882,general_104,364
687,False,0.3759713589557008,2.065610000675831,general_327,365
428,False,0.37598337967523393,2.065620147767844,general_68,366
686,False,0.37595993853421067,2.0656300854981464,general_326,367
488,False,0.3759961390162792,2.065670746651011,general_128,368
670,False,0.3759737253364377,2.065673220739582,general_310,369
718,False,0.3759879903956241,2.0656780787094053,general_358,370
646,False,0.3760243267891108,2.065701898392968,general_286,371
584,False,0.3760161578264465,2.065705916566367,general_224,372
685,False,0.3760052683629758,2.0657169312056216,general_325,373
403,False,0.37601520039869973,2.0657229323445923,general_43,374
443,False,0.37597892819241785,2.065726363578934,general_83,375
659,False,0.3759844967493154,2.0657294792470164,general_299,376
588,False,0.3760169854623587,2.065743281900457,general_228,377
712,False,0.37601783797994603,2.0657685508828747,general_352,378
509,False,0.37601427985414887,2.0657777036516505,general_149,379
492,False,0.37596708194240713,2.065783473637855,general_132,380
447,False,0.37597430067888743,2.065785756056143,general_87,381
692,False,0.3760176404498522,2.0657959935701493,general_332,382
716,False,0.3760118688617904,2.0657967056291717,general_356,383
472,False,0.37604505563773305,2.0657991687868567,general_112,384
577,False,0.3760365550112309,2.0658057270675414,general_217,385
573,False,0.3760106544083489,2.0658136286248574,general_213,386
598,False,0.3760139762383282,2.0658209523304647,general_238,387
607,False,0.3760401470005376,2.065822155304193,general_247,388
483,False,0.3760497323214838,2.065824450313708,general_123,389
580,False,0.3760621526338019,2.065837266069844,general_220,390
624,False,0.37601729859274463,2.065846891791898,general_264,391
489,False,0.37603698059164337,2.065849219983142,general_129,392
386,False,0.3760507570146355,2.0658629379669984,general_26,393
373,False,0.37603586918087345,2.06586670456418,general_13,394
697,False,0.3760592745501003,2.065881954093399,general_337,395
656,False,0.3760405700411049,2.0658946737005177,general_296,396
418,False,0.3760518276763601,2.065894983979434,general_58,397
608,False,0.37606589452432193,2.06589630808532,general_248,398
689,False,0.3760450318509654,2.0659016254782108,general_329,399
552,False,0.3760708489554557,2.0659020429069956,general_192,400
511,False,0.37607058913062313,2.0659048172410337,general_151,401
414,False,0.3760531004796297,2.0659067829140416,general_54,402
648,False,0.3760787326992641,2.065909151204414,general_288,403
684,False,0.3760670924452934,2.0659203481371016,general_324,404
681,False,0.37601841870326264,2.0659237106389323,general_321,405
613,False,0.37606555097273153,2.065925442856343,general_253,406
567,False,0.3760555678214768,2.065926592170162,general_207,407
465,False,0.3760410742450414,2.065928126651804,general_105,408
586,False,0.3760269873954045,2.0659300415838495,general_226,409
568,False,0.37606328003876655,2.065938609610463,general_208,410
430,False,0.3760961296728556,2.065939512126,general_70,411
606,False,0.3760628009054111,2.0659402111956924,general_246,412
528,False,0.3760687844180922,2.0659435541697504,general_168,413
377,False,0.376063540485458,2.065944987238347,general_17,414
398,False,0.376090068305321,2.0659462265895048,general_38,415
642,False,0.3760393990877238,2.065947843242002,general_282,416
384,False,0.3760350026836947,2.0659501137512315,general_24,417
475,False,0.3760477778065851,2.065952251705292,general_115,418
554,False,0.37605592542629285,2.0659529224678366,general_194,419
506,False,0.3760599821852799,2.06595337845146,general_146,420
591,False,0.3760608018338648,2.065956781602208,general_231,421
477,False,0.37608263752606186,2.0659588971447684,general_117,422
521,False,0.37607782774224224,2.0659602777334354,general_161,423
599,False,0.37609071607624817,2.0659644442550555,general_239,424
654,False,0.37608684619629884,2.0659710493783865,general_294,425
653,False,0.37608098243790494,2.065973666785327,general_293,426
643,False,0.37609811640315105,2.065981149603972,general_283,427
698,False,0.3760727076184432,2.065981400704323,general_338,428
540,False,0.37605558549729223,2.065981918972017,general_180,429
438,False,0.37607972107059784,2.0659844440478894,general_78,430
500,False,0.37607765687812594,2.065985698916608,general_140,431
609,False,0.37605853978409903,2.065985739786629,general_249,432
445,False,0.37607218743362997,2.065985982662896,general_85,433
429,False,0.3760709647431566,2.0659887454729047,general_69,434
392,False,0.37606676147966545,2.065988834583697,general_32,435
602,False,0.376100349831552,2.0659935213237732,general_242,436
389,False,0.37606487805381505,2.065996000898578,general_29,437
380,False,0.3760716791039067,2.065996234789983,general_20,438
523,False,0.3760994524553322,2.065996444158329,general_163,439
553,False,0.37610759813110656,2.0659964856002393,general_193,440
424,False,0.376103145961048,2.0660046208742644,general_64,441
499,False,0.3760720956442521,2.0660046778428356,general_139,442
413,False,0.3760845110214016,2.066006514051896,general_53,443
632,False,0.3760718149518992,2.0660066489485107,general_272,444
690,False,0.37606937316222044,2.0660117387838954,general_330,445
466,False,0.37609321154639896,2.066014489526996,general_106,446
717,False,0.3760818472684192,2.0660153717768814,general_357,447
556,False,0.3760894082931597,2.0660164174372238,general_196,448
563,False,0.3761123857177021,2.0660180101970296,general_203,449
446,False,0.3760963862668367,2.0660202632117963,general_86,450
663,False,0.37606971762350627,2.066020357056294,general_303,451
537,False,0.3760698581415508,2.0660233556889214,general_177,452
597,False,0.3761170683268298,2.0660238983207764,general_237,453
480,False,0.3760974790752409,2.066027022610742,general_120,454
662,False,0.3761178798322402,2.0660314300605167,general_302,455
442,False,0.3761051518576103,2.0660329612028567,general_82,456
531,False,0.376081564316342,2.0660334236204334,general_171,457
532,False,0.3760918514039254,2.06603515126554,general_172,458
364,False,0.3760912538707787,2.066035604968954,general_4,459
562,False,0.3761163023000178,2.066036765967847,general_202,460
504,False,0.37610355919998717,2.066039996105312,general_144,461
457,False,0.3761252904315212,2.066041663446574,general_97,462
650,False,0.3760830664419463,2.066045638126056,general_290,463
710,False,0.3760723021148849,2.0660467846423485,general_350,464
555,False,0.37608762763686443,2.066046946465849,general_195,465
536,False,0.3760820188359944,2.066048885669239,general_176,466
675,False,0.37608271295650675,2.0660527985153707,general_315,467
520,False,0.3760807994590772,2.06605334963764,general_160,468
558,False,0.3761072851731082,2.0660586981877316,general_198,469
383,False,0.376081900501461,2.0660592824078963,general_23,470
600,False,0.3760840275612904,2.0660616485657197,general_240,471
714,False,0.3760973219963106,2.0660627812724917,general_354,472
452,False,0.3760942795085379,2.066062814059742,general_92,473
421,False,0.37611527870844885,2.066063890626846,general_61,474
431,False,0.37611264090375673,2.066064991239318,general_71,475
469,False,0.3761015411353593,2.0660675869043255,general_109,476
526,False,0.37612080340499743,2.0660682790002953,general_166,477
548,False,0.3761072409507344,2.0660691386005396,general_188,478
658,False,0.3761075407090799,2.0660691565383025,general_298,479
519,False,0.37608037356840573,2.06607051094933,general_159,480
645,False,0.37610625779690676,2.06607086667322,general_285,481
711,False,0.37609669564481485,2.066071582762598,general_351,482
363,False,0.3761256434252537,2.0660738608487472,general_3,483
688,False,0.3760870569207909,2.066073931545551,general_328,484
417,False,0.37610829140762125,2.066074471668109,general_57,485
541,False,0.37608498929924616,2.0660774172919405,general_181,486
676,False,0.37609043665483355,2.066080172361357,general_316,487
516,False,0.37610528844437446,2.066082345280371,general_156,488
385,False,0.3761162606530245,2.0660843110111147,general_25,489
444,False,0.3761105892373199,2.0660861061331675,general_84,490
579,False,0.37610000532663923,2.0660875791161626,general_219,491
707,False,0.3760991910827501,2.0660883161534187,general_347,492
525,False,0.37609817928689054,2.066088613558379,general_165,493
449,False,0.37612317368423903,2.0660894895175557,general_89,494
539,False,0.37611918405709455,2.0660897220578893,general_179,495
402,False,0.37608518530936075,2.0660916085959338,general_42,496
416,False,0.3760934157041815,2.066095793449321,general_56,497
468,False,0.37612804167196034,2.066098254589412,general_108,498
644,False,0.3761253255000165,2.066099118714188,general_284,499
615,False,0.3761127867865797,2.06610015863562,general_255,500
388,False,0.37609862710937275,2.066101249891085,general_28,501
490,False,0.37609700155591286,2.066102204746726,general_130,502
666,False,0.3761184213362212,2.0661033515989162,general_306,503
361,False,0.37610324405645723,2.0661034996157355,general_1,504
543,False,0.37610066784085255,2.0661055404181194,general_183,505
693,False,0.3761263588887155,2.066108804405203,general_333,506
518,False,0.3760808354756742,2.0661091210552383,general_158,507
382,False,0.37611540256087445,2.066111092623146,general_22,508
617,False,0.3761260072482247,2.066111294423297,general_257,509
647,False,0.37611709321228565,2.066114700298076,general_287,510
572,False,0.3761177210277989,2.066116346038199,general_212,511
595,False,0.3761159940624821,2.0661177302861864,general_235,512
399,False,0.3761194091535097,2.066120424692902,general_39,513
425,False,0.3761120886562726,2.066120580645828,general_65,514
415,False,0.3761156124946159,2.066122046232705,general_55,515
614,False,0.3761342023724078,2.0661226166970605,general_254,516
407,False,0.376140246530617,2.066122662463872,general_47,517
627,False,0.3761281088870334,2.0661238502940886,general_267,518
378,False,0.37610158710741104,2.066124505673064,general_18,519
678,False,0.3761179545677135,2.0661270059103183,general_318,520
448,False,0.3761180855035279,2.066128531169621,general_88,521
395,False,0.3761261335853385,2.066131586298269,general_35,522
706,False,0.37611700282002913,2.0661339301110635,general_346,523
695,False,0.3761219088703591,2.066133937702946,general_335,524
422,False,0.37616541270715975,2.0661339663116793,general_62,525
620,False,0.37612961087678354,2.0661343340516796,general_260,526
514,False,0.3761171022699017,2.0661344780607047,general_154,527
495,False,0.3761437792903344,2.0661352295925957,general_135,528
481,False,0.37612774467299714,2.066141954053683,general_121,529
585,False,0.3761324643557927,2.0661446688756455,general_225,530
700,False,0.37610479908455285,2.0661454660768097,general_340,531
485,False,0.3761221827709913,2.0661486916963483,general_125,532
423,False,0.3760994801969665,2.0661491150852878,general_63,533
664,False,0.3761208237221533,2.066151285443815,general_304,534
649,False,0.3761318283646895,2.066152276577529,general_289,535
493,False,0.3761073938881937,2.066155746290999,general_133,536
665,False,0.37612846536446237,2.066158017858691,general_305,537
471,False,0.37609747431821183,2.0661591282957463,general_111,538
640,False,0.37612220236779714,2.0661607178606562,general_280,539
505,False,0.37610327583234476,2.0661652614506556,general_145,540
708,False,0.3761395173031623,2.066167401656493,general_348,541
473,False,0.37612965664829,2.0661681952187863,general_113,542
582,False,0.37610644441889207,2.0661682889885995,general_222,543
610,False,0.3761224503996725,2.0661689939682475,general_250,544
535,False,0.3761255003264354,2.0661695309834895,general_175,545
631,False,0.3761327046729112,2.0661751689837464,general_271,546
671,False,0.3761456637504572,2.0661787742497193,general_311,547
713,False,0.37613046893322977,2.0661826029005605,general_353,548
625,False,0.37613423521518174,2.066184962149276,general_265,549
439,False,0.3761324735184996,2.0661861501454446,general_79,550
530,False,0.37614726481389305,2.0661899794392173,general_170,551
581,False,0.3761333120727498,2.0661910766077796,general_221,552
503,False,0.37614581146861636,2.0661935228956883,general_143,553
660,False,0.37611960172333686,2.06619532053679,general_300,554
583,False,0.376099036345352,2.0662020344957233,general_223,555
673,False,0.37611974584257013,2.066202399298734,general_313,556
456,False,0.3761323015184088,2.0662052885755613,general_96,557
605,False,0.37613117419865616,2.0662060605564427,general_245,558
484,False,0.37614176103340063,2.0662079378748497,general_124,559
401,False,0.3761301052390129,2.06620812559069,general_41,560
538,False,0.37612900818038486,2.0662082200473,general_178,561
619,False,0.376149497704704,2.0662084353586074,general_259,562
636,False,0.3761364144036083,2.066208801456953,general_276,563
458,False,0.3761449432027437,2.066209547328416,general_98,564
462,False,0.37614767568970564,2.066212144081559,general_102,565
513,False,0.37614477757862874,2.0662122759826524,general_153,566
551,False,0.37611942613696975,2.066212879639182,general_191,567
454,False,0.37616097328749726,2.066227812237355,general_94,568
549,False,0.376148590402885,2.066228201429519,general_189,569
420,False,0.37615437101241095,2.0662294914379187,general_60,570
410,False,0.3761410320152803,2.066230335589635,general_50,571
387,False,0.37614406663231603,2.0662327507350615,general_27,572
590,False,0.3761383576159496,2.0662328343291403,general_230,573
715,False,0.3761573573264878,2.066233931535744,general_355,574
498,False,0.37614765270479866,2.066241870059234,general_138,575
565,False,0.3761585457095678,2.066245872163358,general_205,576
435,False,0.37615741425335786,2.0662458781831408,general_75,577
497,False,0.37614251178320485,2.0662470133636726,general_137,578
569,False,0.3761257480491577,2.066248771913795,general_209,579
436,False,0.37613202726174966,2.066249595060279,general_76,580
362,False,0.37618325813934733,2.0662510099818006,general_2,581
638,False,0.37615590760590534,2.0662511517884505,general_278,582
375,False,0.3761536291531685,2.0662513989651834,general_15,583
512,False,0.3761581897380579,2.066253044391768,general_152,584
461,False,0.3761711365557285,2.066258410002904,general_101,585
657,False,0.37616243356749113,2.06625922144942,general_297,586
397,False,0.37615983295556804,2.0662600835372644,general_37,587
459,False,0.37616149637488894,2.066260964212667,general_99,588
618,False,0.37616592071190696,2.0662619532743154,general_258,589
412,False,0.37613966407924665,2.0662624721614367,general_52,590
391,False,0.3761860888686201,2.0662653112135665,general_31,591
501,False,0.3761603938258774,2.066265406857282,general_141,592
494,False,0.3761629527117349,2.06626590186015,general_134,593
394,False,0.37614258431059683,2.0662742107212644,general_34,594
427,False,0.3761350403556343,2.066274296501546,general_67,595
629,False,0.3761589281177007,2.0662750834504475,general_269,596
491,False,0.3761464657648279,2.066275783665882,general_131,597
372,False,0.37615841335446537,2.0662789143914546,general_12,598
478,False,0.3761609703120935,2.0662807018644456,general_118,599
634,False,0.3761655299627959,2.066285410872978,general_274,600
542,False,0.3761651262298247,2.066287612235892,general_182,601
680,False,0.37617966278851445,2.066287863702593,general_320,602
576,False,0.37617211905778725,2.0662895638590237,general_216,603
626,False,0.37616765561675686,2.066296844284169,general_266,604
709,False,0.3761374893045635,2.0662973990369387,general_349,605
561,False,0.3761495311249475,2.0662980999922107,general_201,606
376,False,0.3761587247066955,2.0662987108302686,general_16,607
396,False,0.3761543040572681,2.0663007071074806,general_36,608
393,False,0.3761731392373504,2.066303823074466,general_33,609
524,False,0.37614714772694324,2.066304013005281,general_164,610
674,False,0.37614489287832376,2.0663042204982145,general_314,611
564,False,0.3761559072399586,2.0663105681847007,general_204,612
612,False,0.376151806463905,2.066310829424089,general_252,613
406,False,0.37615482014685836,2.066313068219343,general_46,614
639,False,0.3761603398690448,2.0663145352475603,general_279,615
601,False,0.3761645384363919,2.0663210323169805,general_241,616
696,False,0.3761810601507791,2.066321491259521,general_336,617
705,False,0.3761581375141656,2.066322100078358,general_345,618
557,False,0.3761490634662487,2.0663233260660663,general_197,619
603,False,0.3761719357362487,2.0663236148349693,general_243,620
486,False,0.37619870816190815,2.066326343501881,general_126,621
622,False,0.3761643417137684,2.0663274428569505,general_262,622
496,False,0.3761969599031779,2.066327532487052,general_136,623
667,False,0.3761815274375924,2.0663305747075276,general_307,624
409,False,0.37619946684177735,2.0663337322060507,general_49,625
370,False,0.376163601467236,2.0663353776614795,general_10,626
502,False,0.3761893473904431,2.0663395238198006,general_142,627
621,False,0.3761913558418786,2.066348305647743,general_261,628
669,False,0.3761936743604134,2.0663489824192647,general_309,629
400,False,0.3761651053304128,2.066353858291998,general_40,630
702,False,0.37616764711035844,2.0663547013871586,general_342,631
545,False,0.3762093627084625,2.066357631218408,general_185,632
571,False,0.3761620760722707,2.0663605928373645,general_211,633
433,False,0.3761958587842366,2.06636258353627,general_73,634
434,False,0.37618201018616315,2.0663637719769508,general_74,635
635,False,0.37616044469324195,2.0663642304150187,general_275,636
404,False,0.37617497067632194,2.0663697083657975,general_44,637
474,False,0.37618434339608003,2.0663727610759643,general_114,638
560,False,0.37619338820806975,2.066378435549013,general_200,639
587,False,0.37619179731984226,2.066382780196191,general_227,640
479,False,0.37618176737052045,2.066384478175938,general_119,641
517,False,0.37619213445731864,2.066385513347371,general_157,642
371,False,0.37620373960072423,2.0663886612066626,general_11,643
534,False,0.3761523862607968,2.066388902630363,general_174,644
594,False,0.37620071540441874,2.0663984328734983,general_234,645
365,False,0.37620412807161263,2.0664017696935,general_5,646
668,False,0.37617102465315067,2.0664048532812447,general_308,647
699,False,0.37621049130183687,2.0664051561305907,general_339,648
390,False,0.3761862508393858,2.066405386006659,general_30,649
455,False,0.37619516116179386,2.0664071451948356,general_95,650
487,False,0.37619933131179323,2.0664099577950186,general_127,651
547,False,0.3761781755251535,2.0664144247135168,general_187,652
578,False,0.3761869230963157,2.066417072638396,general_218,653
570,False,0.3762392967919149,2.066424751767951,general_210,654
515,False,0.3762170099812968,2.0664276244356214,general_155,655
366,False,0.37619727881173465,2.0664277299314167,general_6,656
694,False,0.37619702390628235,2.0664287884618426,general_334,657
652,False,0.37620417167500714,2.0664293075152083,general_292,658
641,False,0.37620579867448306,2.0664304634614137,general_281,659
508,False,0.37620347897363626,2.0664319195653853,general_148,660
426,False,0.37616454671288413,2.0664350029557017,general_66,661
633,False,0.3762010546369761,2.066435770437554,general_273,662
604,False,0.37622210971357106,2.0664473746590915,general_244,663
593,False,0.37619973475561713,2.0664478257565815,general_233,664
677,False,0.37621171023755895,2.0664532520023258,general_317,665
482,False,0.3762014301634039,2.0664570994427143,general_122,666
628,False,0.3762303222783769,2.066458394979562,general_268,667
463,False,0.37620795806742924,2.066464733206611,general_103,668
507,False,0.376213427049366,2.0664666978093678,general_147,669
451,False,0.37621743416750475,2.0664690300324797,general_91,670
432,False,0.37620652504124763,2.066471002490647,general_72,671
566,False,0.37618805581663595,2.0664774105436514,general_206,672
719,False,0.3762336182893449,2.0664788822620768,general_359,673
679,False,0.3761904858210837,2.0664793915183557,general_319,674
476,False,0.3762206220293895,2.066481032134547,general_116,675
683,False,0.37622666447278164,2.0664839950844804,general_323,676
575,False,0.376240548895099,2.066487021180989,general_215,677
655,False,0.3762287041892625,2.0664945692689978,general_295,678
616,False,0.3762083564122056,2.066499971217725,general_256,679
368,False,0.37624854780202543,2.0665022721772544,general_8,680
381,False,0.37619553004488504,2.0665030487507305,general_21,681
379,False,0.3762276542444502,2.0665031077266613,general_19,682
419,False,0.37621751682651194,2.066504510800568,general_59,683
460,False,0.37620794733573054,2.06650471287557,general_100,684
369,False,0.3762238625008026,2.0665068413476826,general_9,685
411,False,0.3762071394258842,2.066524748420173,general_51,686
529,False,0.3762198741886523,2.0665304587286215,general_169,687
408,False,0.37620654618155724,2.0665473107285695,general_48,688
405,False,0.3762136116992745,2.0665599413489004,general_45,689
374,False,0.3762381901268148,2.0665627185753466,general_14,690
437,False,0.37622025515480717,2.0665744874019136,general_77,691
691,False,0.3762354988942108,2.0665749687722257,general_331,692
703,False,0.3762346085107996,2.0665755592868216,general_343,693
550,False,0.376233129002515,2.0665764559597255,general_190,694
637,False,0.3762585696372046,2.0665849471768087,general_277,695
651,False,0.37623385666355413,2.0665923975288387,general_291,696
596,False,0.37623862482125103,2.066604987880014,general_236,697
544,False,0.37627179648591985,2.066641044153359,general_184,698
672,False,0.37627845730018816,2.0666466979087854,general_312,699
704,False,0.3762702500376753,2.066649906600297,general_344,700
367,False,0.37626570332322057,2.066650109021607,general_7,701
467,False,0.3762675193886925,2.066650481787428,general_107,702
611,False,0.3762766258369168,2.0666544017063595,general_251,703
510,False,0.3762532816586425,2.0666545204460176,general_150,704
470,False,0.37624868660308686,2.0666612472726174,general_110,705
440,False,0.376273875814503,2.0666634019113532,general_80,706
527,False,0.3762711959238401,2.0666815476119735,general_167,707
589,False,0.376272153470058,2.0666826854839186,general_229,708
441,False,0.3762691068557219,2.066695954183822,general_81,709
682,False,0.37626006381054783,2.0667060922272413,general_322,710
661,False,0.37628167788269407,2.066708560989337,general_301,711
559,False,0.37626308825449495,2.0667119072592866,general_199,712
450,False,0.376277757441533,2.066715786704159,general_90,713
592,False,0.37628585624315974,2.0667176134337257,general_232,714
630,False,0.37627774153237337,2.0667369879063724,general_270,715
546,False,0.3763055660052935,2.0667478120190363,general_186,716
522,False,0.3762877057006264,2.0667492723545897,general_162,717
533,False,0.37631426254337386,2.0667624231792594,general_173,718
574,False,0.37636832902679496,2.0670300746083727,general_214,719
