,is_well_nested,ms,ee,perm,i
0,True,0.3322424402557508,1.9483958265005255,"(0, 1, 2, 3, 4, 5)",0
360,True,0.3322424402557508,1.9483958265005255,general_0,1
120,True,0.3327294453600602,1.9488546498335662,"(1, 0, 2, 3, 4, 5)",2
1,False,0.3327105036762863,1.9489285319992693,"(0, 1, 2, 3, 5, 4)",3
144,False,0.3330539476629265,1.9492576784566427,"(1, 2, 0, 3, 4, 5)",4
24,False,0.3328541024842987,1.9492577071310977,"(0, 2, 1, 3, 4, 5)",5
121,False,0.3331249603781683,1.9493873553323098,"(1, 0, 2, 3, 5, 4)",6
6,False,0.33294266358817187,1.9493976885515167,"(0, 1, 3, 2, 4, 5)",7
2,True,0.33290976402687394,1.9494086215071045,"(0, 1, 2, 4, 3, 5)",8
4,True,0.3330057465240738,1.9494096527992955,"(0, 1, 2, 5, 3, 4)",9
5,True,0.3329554820226194,1.9494208309244216,"(0, 1, 2, 5, 4, 3)",10
264,True,0.33304871216147813,1.9494225678739325,"(2, 1, 0, 3, 4, 5)",11
150,False,0.333232568583561,1.9496371490275406,"(1, 2, 3, 0, 4, 5)",12
145,False,0.333346407139953,1.9497903839553863,"(1, 2, 0, 3, 5, 4)",13
25,False,0.33309934036412897,1.949790412629841,"(0, 2, 1, 3, 5, 4)",14
305,False,0.3330433099253901,1.949792935646265,"(2, 3, 4, 5, 1, 0)",15
23,False,0.3330433099253901,1.949792935646265,"(0, 1, 5, 4, 3, 2)",16
153,False,0.33291801934231446,1.9497963935783087,"(1, 2, 3, 4, 5, 0)",17
119,False,0.3329180193423145,1.949796393578309,"(0, 5, 4, 3, 2, 1)",18
270,False,0.3333332759236997,1.9498020384448294,"(2, 1, 3, 0, 4, 5)",19
126,False,0.3332470251998998,1.949856511884557,"(1, 0, 3, 2, 4, 5)",20
122,True,0.3331818752433715,1.9498674448401452,"(1, 0, 2, 4, 3, 5)",21
18,False,0.33319431363860447,1.9498674910961316,"(0, 1, 5, 2, 3, 4)",22
22,False,0.3332653696235998,1.949867854117331,"(0, 1, 5, 4, 2, 3)",23
124,True,0.33332616965715456,1.949868476132336,"(1, 0, 2, 5, 3, 4)",24
19,False,0.3332396096009878,1.9498786692212582,"(0, 1, 5, 2, 4, 3)",25
125,True,0.33327228464840597,1.9498796542574626,"(1, 0, 2, 5, 4, 3)",26
240,True,0.3331482587915142,1.9498814198814274,"(2, 0, 1, 3, 4, 5)",27
7,False,0.3332061560077032,1.9499303940502604,"(0, 1, 3, 2, 5, 4)",28
294,False,0.3333762350217261,1.9499457375388025,"(2, 3, 1, 0, 4, 5)",29
152,False,0.33322023875483747,1.9499511411758348,"(1, 2, 3, 4, 0, 5)",30
3,False,0.3331345641035741,1.9499525051309745,"(0, 1, 2, 4, 5, 3)",31
265,False,0.3333328172823623,1.949955273372676,"(2, 1, 0, 3, 5, 4)",32
118,False,0.33322867842671905,1.9499612829955983,"(0, 5, 4, 3, 1, 2)",33
273,False,0.33322867842671905,1.9499612829955983,"(2, 1, 3, 4, 5, 0)",34
297,False,0.3333752008495155,1.9501049820895713,"(2, 3, 1, 4, 5, 0)",35
115,False,0.3333752008495155,1.9501049820895713,"(0, 5, 4, 1, 3, 2)",36
30,False,0.33326515150122193,1.950110434241101,"(0, 2, 3, 1, 4, 5)",37
272,False,0.33345937598185904,1.9501160305931242,"(2, 1, 3, 4, 0, 5)",38
151,False,0.3334898916229721,1.9501698545262838,"(1, 2, 3, 0, 5, 4)",39
114,False,0.3333350915501729,1.9501799005606373,"(0, 5, 4, 1, 2, 3)",40
303,False,0.3333537061366889,1.9501833498155101,"(2, 3, 4, 1, 5, 0)",41
101,False,0.333353706136689,1.9501833498155103,"(0, 5, 1, 4, 3, 2)",42
54,False,0.33317397935665416,1.9501974025242428,"(0, 3, 2, 1, 4, 5)",43
304,False,0.3332812950099745,1.9502517589793056,"(2, 3, 4, 5, 0, 1)",44
143,False,0.3332812950099745,1.9502517589793056,"(1, 0, 5, 4, 3, 2)",45
96,False,0.333237794175287,1.9502579052653768,"(0, 5, 1, 2, 3, 4)",46
100,False,0.33337966042010064,1.950258268286576,"(0, 5, 1, 4, 2, 3)",47
296,False,0.33345042398748403,1.950259729687097,"(2, 3, 1, 4, 0, 5)",48
97,False,0.33343663319656364,1.9502690833905032,"(0, 5, 1, 2, 4, 3)",49
146,False,0.33350237172693065,1.9502704734632217,"(1, 2, 0, 4, 3, 5)",50
26,False,0.33328658873411254,1.9502705021376765,"(0, 2, 1, 4, 3, 5)",51
148,False,0.3335962861712855,1.9502715047554129,"(1, 2, 0, 5, 3, 4)",52
28,False,0.33339866754972314,1.9502715334298677,"(0, 2, 1, 5, 3, 4)",53
149,False,0.3335254150205771,1.9502826828805395,"(1, 2, 0, 5, 4, 3)",54
29,False,0.3332672996075805,1.9502827115549937,"(0, 2, 1, 5, 4, 3)",55
138,False,0.33349702886525756,1.9503263144291723,"(1, 0, 5, 2, 3, 4)",56
142,False,0.3335344385481545,1.9503266774503714,"(1, 0, 5, 4, 2, 3)",57
271,False,0.33359914627203463,1.950334743943573,"(2, 1, 3, 0, 5, 4)",58
139,False,0.3335617008123737,1.9503374925542984,"(1, 0, 5, 2, 4, 3)",59
302,False,0.33343237433541795,1.950338097413036,"(2, 3, 4, 1, 0, 5)",60
311,False,0.3333834415147609,1.9503399545295883,"(2, 3, 5, 4, 1, 0)",61
17,False,0.3333834415147609,1.9503399545295883,"(0, 1, 4, 5, 3, 2)",62
155,False,0.33336331194437274,1.9503434652864933,"(1, 2, 3, 5, 4, 0)",63
95,False,0.33336331194437274,1.9503434652864933,"(0, 4, 5, 3, 2, 1)",64
48,False,0.33332723066696,1.95034653746523,"(0, 3, 1, 2, 4, 5)",65
8,False,0.33332254661191457,1.9503496439582548,"(0, 1, 3, 4, 2, 5)",66
14,False,0.33322158110726224,1.9503526390874226,"(0, 1, 4, 3, 2, 5)",67
127,False,0.3334205711399732,1.9503892173833008,"(1, 0, 3, 2, 5, 4)",68
123,False,0.33349929277289225,1.9504113284640148,"(1, 0, 2, 4, 5, 3)",69
12,False,0.33336608957311337,1.950413478687264,"(0, 1, 4, 2, 3, 5)",70
241,False,0.33348421796999483,1.9504141253801712,"(2, 0, 1, 3, 5, 4)",71
16,False,0.3333800445860255,1.9504148730006543,"(0, 1, 4, 5, 2, 3)",72
288,False,0.3334575940719703,1.9504189940779086,"(2, 3, 0, 1, 4, 5)",73
266,True,0.333425528628165,1.9504353628805113,"(2, 1, 0, 4, 3, 5)",74
268,True,0.3335774983265985,1.9504363941727023,"(2, 1, 0, 5, 3, 4)",75
269,True,0.33342441663797084,1.9504475722978287,"(2, 1, 0, 5, 4, 3)",76
295,False,0.3335948881431381,1.9504784430375461,"(2, 3, 1, 0, 5, 4)",77
94,False,0.33347360663758074,1.9505083547037825,"(0, 4, 5, 3, 1, 2)",78
275,False,0.33347360663758074,1.9505083547037825,"(2, 1, 3, 5, 4, 0)",79
174,False,0.3336274957201466,1.9506269493268225,"(1, 3, 2, 0, 4, 5)",80
31,False,0.33348521695085,1.9506431397398447,"(0, 2, 3, 1, 5, 4)",81
91,False,0.33357219459947807,1.9506520537977552,"(0, 4, 5, 1, 3, 2)",82
299,False,0.33357219459947807,1.9506520537977552,"(2, 3, 1, 5, 4, 0)",83
90,False,0.3334676492715706,1.9507269722688212,"(0, 4, 5, 1, 2, 3)",84
55,False,0.33339155473253873,1.9507301080229864,"(0, 3, 2, 1, 5, 4)",85
246,False,0.33344363209852235,1.9507341469914312,"(2, 0, 3, 1, 4, 5)",86
117,False,0.3335324343209876,1.9507861938775912,"(0, 5, 4, 2, 3, 1)",87
177,False,0.3335324343209876,1.9507861938775912,"(1, 3, 2, 4, 5, 0)",88
329,False,0.333512742314108,1.9507915099975925,"(2, 4, 3, 5, 1, 0)",89
21,False,0.333512742314108,1.9507915099975925,"(0, 1, 5, 3, 4, 2)",90
137,False,0.33366318901484726,1.9507987778626286,"(1, 0, 4, 5, 3, 2)",91
310,False,0.3336631890148474,1.9507987778626288,"(2, 3, 5, 4, 0, 1)",92
128,False,0.33360317221907565,1.950808467291295,"(1, 0, 3, 4, 2, 5)",93
159,False,0.3335343997093705,1.950809328824929,"(1, 2, 4, 3, 5, 0)",94
113,False,0.33353439970937054,1.9508093288249293,"(0, 5, 3, 4, 2, 1)",95
300,False,0.3335745458552196,1.9508113493921642,"(2, 3, 4, 0, 1, 5)",96
134,False,0.33348931172015006,1.9508114624204629,"(1, 0, 4, 3, 2, 5)",97
147,False,0.3337009592617821,1.9508143570870917,"(1, 2, 0, 4, 5, 3)",98
27,False,0.33353336735679134,1.9508143857615463,"(0, 2, 1, 4, 5, 3)",99
9,False,0.33340486831481553,1.9508186091110586,"(0, 1, 3, 4, 5, 2)",100
359,False,0.33340486831481564,1.9508186091110589,"(2, 5, 4, 3, 1, 0)",101
15,False,0.3335455453087831,1.9508216042402267,"(0, 1, 4, 3, 5, 2)",102
353,False,0.3335455453087831,1.9508216042402269,"(2, 5, 3, 4, 1, 0)",103
165,False,0.33357922896525377,1.9508391187425165,"(1, 2, 5, 3, 4, 0)",104
89,False,0.33357922896525377,1.9508391187425165,"(0, 4, 3, 5, 2, 1)",105
65,False,0.3334924423733565,1.9508504817788008,"(0, 3, 4, 5, 2, 1)",106
167,False,0.3334924423733565,1.9508504817788008,"(1, 2, 5, 4, 3, 0)",107
20,False,0.3335983505821496,1.950855250343532,"(0, 1, 5, 3, 2, 4)",108
132,False,0.33363221049378966,1.9508723020203038,"(1, 0, 4, 2, 3, 5)",109
136,False,0.3336838133156046,1.9508736963336946,"(1, 0, 4, 5, 2, 3)",110
49,False,0.33356181641674676,1.9508792429639739,"(0, 3, 1, 2, 5, 4)",111
242,True,0.3336124038804279,1.9508942148880064,"(2, 0, 1, 4, 3, 5)",112
244,True,0.3336703789794915,1.9508952461801976,"(2, 0, 1, 5, 3, 4)",113
32,False,0.3334697875254958,1.9508976783685243,"(0, 2, 3, 4, 1, 5)",114
245,True,0.33360013918338194,1.9509064243053238,"(2, 0, 1, 5, 4, 3)",115
176,False,0.3336504866223359,1.9509409414751169,"(1, 3, 2, 4, 0, 5)",116
289,False,0.3337114737648599,1.9509516995766527,"(2, 3, 0, 1, 5, 4)",117
13,False,0.33344876686007874,1.9509573623111338,"(0, 1, 4, 2, 5, 3)",118
158,False,0.33374084968692064,1.950964076422455,"(1, 2, 4, 3, 0, 5)",119
279,False,0.3336521093051769,1.9509742182422185,"(2, 1, 4, 3, 5, 0)",120
112,False,0.3336521093051769,1.9509742182422185,"(0, 5, 3, 4, 1, 2)",121
267,False,0.33368014745671826,1.9509792465043811,"(2, 1, 0, 4, 5, 3)",122
56,False,0.33355630687468835,1.9509846466516658,"(0, 3, 2, 4, 1, 5)",123
86,False,0.33334589859534475,1.9509956805322988,"(0, 4, 3, 2, 1, 5)",124
88,False,0.33368056674701807,1.9510040081598063,"(0, 4, 3, 5, 1, 2)",125
285,False,0.33368056674701807,1.9510040081598063,"(2, 1, 5, 3, 4, 0)",126
62,False,0.3336075981444685,1.9510070435685827,"(0, 3, 4, 2, 1, 5)",127
64,False,0.33352188487729795,1.9510153711960905,"(0, 3, 4, 5, 1, 2)",128
287,False,0.33352188487729795,1.9510153711960905,"(2, 1, 5, 4, 3, 0)",129
116,False,0.3336440122626374,1.9510260017659462,"(0, 5, 4, 2, 1, 3)",130
154,False,0.3337660987712255,1.9510309183827625,"(1, 2, 3, 5, 0, 4)",131
301,False,0.333778846372236,1.951115425127679,"(2, 3, 4, 0, 5, 1)",132
221,False,0.333778846372236,1.951115425127679,"(1, 5, 0, 4, 3, 2)",133
102,False,0.3337112519840704,1.9511195653231876,"(0, 5, 2, 1, 3, 4)",134
278,False,0.3337447851624811,1.9511289658397444,"(2, 1, 4, 3, 0, 5)",135
103,False,0.3336679344925291,1.9511307434483138,"(0, 5, 2, 1, 4, 3)",136
162,False,0.3338917142183155,1.9511466287823338,"(1, 2, 5, 0, 3, 4)",137
163,False,0.3339387728856649,1.95115780690746,"(1, 2, 5, 0, 4, 3)",138
175,False,0.3338543031751967,1.9511596548255659,"(1, 3, 2, 0, 5, 4)",139
84,False,0.33365530955523737,1.9511603918116134,"(0, 4, 3, 1, 2, 5)",140
60,False,0.33359992473949485,1.9511717548478977,"(0, 3, 4, 1, 2, 5)",141
99,False,0.33374888350081705,1.9511819241668376,"(0, 5, 1, 3, 4, 2)",142
327,False,0.33374888350081705,1.9511819241668376,"(2, 4, 3, 1, 5, 0)",143
216,False,0.3338206478559046,1.9511899805775461,"(1, 5, 0, 2, 3, 4)",144
220,False,0.3338493202667934,1.9511903435987448,"(1, 5, 0, 4, 2, 3)",145
274,False,0.3338901546238725,1.951195807800052,"(2, 1, 3, 5, 0, 4)",146
217,False,0.3339088017270516,1.951201158702672,"(1, 5, 0, 2, 4, 3)",147
33,False,0.3334408561295303,1.951201754104039,"(0, 2, 3, 4, 5, 1)",148
239,False,0.33344085612953034,1.9512017541040392,"(1, 5, 4, 3, 2, 0)",149
290,False,0.33369202457682695,1.951206238205332,"(2, 3, 0, 4, 1, 5)",150
98,False,0.333676682799295,1.9512456645127771,"(0, 5, 1, 3, 2, 4)",151
168,False,0.3337077309593419,1.9512493408069163,"(1, 3, 0, 2, 4, 5)",152
141,False,0.3338041673717832,1.9512503333306328,"(1, 0, 5, 3, 4, 2)",153
328,False,0.3338041673717832,1.951250333330633,"(2, 4, 3, 5, 0, 1)",154
247,False,0.3337504264206496,1.9512668524901748,"(2, 0, 3, 1, 5, 4)",155
129,False,0.33368876036548556,1.9512774324440991,"(1, 0, 3, 4, 5, 2)",156
358,False,0.33368876036548556,1.9512774324440991,"(2, 5, 4, 3, 0, 1)",157
77,False,0.3337152229400207,1.9512774404070174,"(0, 4, 1, 5, 3, 2)",158
309,False,0.3337152229400208,1.9512774404070177,"(2, 3, 5, 1, 4, 0)",159
135,False,0.33377145084071375,1.9512804275732671,"(1, 0, 4, 3, 5, 2)",160
352,False,0.3337714508407138,1.9512804275732674,"(2, 5, 3, 4, 0, 1)",161
57,False,0.33371380616445634,1.9512887223871804,"(0, 3, 2, 4, 5, 1)",162
237,False,0.33371380616445645,1.9512887223871807,"(1, 5, 4, 2, 3, 0)",163
74,False,0.3336684081403697,1.951290124964852,"(0, 4, 1, 3, 2, 5)",164
50,False,0.33345864616500775,1.951298492871968,"(0, 3, 1, 4, 2, 5)",165
87,False,0.3336514278358317,1.9512997562678132,"(0, 4, 3, 2, 5, 1)",166
225,False,0.3336514278358317,1.9512997562678134,"(1, 5, 2, 3, 4, 0)",167
63,False,0.3336964876716113,1.9513111193040975,"(0, 3, 4, 2, 5, 1)",168
227,False,0.33369648767161136,1.9513111193040977,"(1, 5, 2, 4, 3, 0)",169
282,False,0.33397382327203146,1.9513115181996232,"(2, 1, 5, 0, 3, 4)",170
140,False,0.33388130760926477,1.9513140736765726,"(1, 0, 5, 3, 2, 4)",171
283,False,0.33390923923095167,1.9513226963247494,"(2, 1, 5, 0, 4, 3)",172
93,False,0.33373807385441895,1.9513332655857751,"(0, 4, 5, 2, 3, 1)",173
179,False,0.33373807385441895,1.9513332655857751,"(1, 3, 2, 5, 4, 0)",174
335,False,0.33373349703210675,1.9513355337517475,"(2, 4, 5, 3, 1, 0)",175
11,False,0.33373349703210675,1.9513355337517475,"(0, 1, 3, 5, 4, 2)",176
326,False,0.33378804019711295,1.9513366717643637,"(2, 4, 3, 1, 0, 5)",177
298,False,0.33385665254116526,1.951339506894025,"(2, 3, 1, 5, 0, 4)",178
72,False,0.33362206258010335,1.9513509645646927,"(0, 4, 1, 2, 3, 5)",179
76,False,0.3336483426251442,1.9513523588780832,"(0, 4, 1, 5, 2, 3)",180
161,False,0.3337499451129533,1.9513677635693976,"(1, 2, 4, 5, 3, 0)",181
71,False,0.3337499451129534,1.9513677635693978,"(0, 3, 5, 4, 2, 1)",182
10,False,0.33365563203257464,1.951399274097687,"(0, 1, 3, 5, 2, 4)",183
133,False,0.3338051382973452,1.951416185644174,"(1, 0, 4, 2, 5, 3)",184
243,False,0.3337752942978776,1.9514380985118764,"(2, 0, 1, 4, 5, 3)",185
235,False,0.3339723501283932,1.9515103139408467,"(1, 5, 4, 0, 3, 2)",186
291,False,0.3339723501283932,1.9515103139408467,"(2, 3, 0, 4, 5, 1)",187
248,False,0.3338671795474038,1.9515213911188545,"(2, 0, 3, 4, 1, 5)",188
164,False,0.3339341115124895,1.9515265718387862,"(1, 2, 5, 3, 0, 4)",189
281,False,0.33383933422019657,1.9515326529866872,"(2, 1, 4, 5, 3, 0)",190
70,False,0.33383933422019657,1.9515326529866872,"(0, 3, 5, 4, 1, 2)",191
166,False,0.33396187392978494,1.951549113000197,"(1, 2, 5, 4, 0, 3)",192
92,False,0.3338488731873134,1.9515730734741306,"(0, 4, 5, 2, 1, 3)",193
234,False,0.33398830757024445,1.9515852324119123,"(1, 5, 4, 0, 2, 3)",194
42,False,0.3338089390397467,1.9515910317845144,"(0, 2, 5, 1, 3, 4)",195
43,False,0.33380042899817697,1.9516022099096408,"(0, 2, 5, 1, 4, 3)",196
222,False,0.33397680385793616,1.9516072663076307,"(1, 5, 2, 0, 3, 4)",197
223,False,0.33396817413241975,1.9516184444327567,"(1, 5, 2, 0, 4, 3)",198
85,False,0.33381448557204796,1.9516293569644176,"(0, 4, 3, 1, 5, 2)",199
345,False,0.33381448557204796,1.9516293569644176,"(2, 5, 1, 3, 4, 0)",200
61,False,0.3338108786583191,1.9516407200007018,"(0, 3, 4, 1, 5, 2)",201
347,False,0.33381087865831927,1.9516407200007022,"(2, 5, 1, 4, 3, 0)",202
156,False,0.3339406182428514,1.9516628792807391,"(1, 2, 4, 0, 3, 5)",203
284,False,0.33397139812275384,1.9516914612560758,"(2, 1, 5, 3, 0, 4)",204
286,False,0.33398652687183694,1.9517140024174864,"(2, 1, 5, 4, 0, 3)",205
107,False,0.3339067902015439,1.9517262216613407,"(0, 5, 2, 4, 3, 1)",206
183,False,0.3339067902015439,1.9517262216613407,"(1, 3, 4, 2, 5, 0)",207
207,False,0.33377815388165055,1.9517296890411828,"(1, 4, 3, 2, 5, 0)",208
105,False,0.33377815388165066,1.951729689041183,"(0, 5, 2, 3, 4, 1)",209
215,False,0.333863602023444,1.9517343842578665,"(1, 4, 5, 3, 2, 0)",210
35,False,0.3338636020234441,1.9517343842578667,"(0, 2, 3, 5, 4, 1)",211
75,False,0.3338270855966387,1.9517590901176558,"(0, 4, 1, 3, 5, 2)",212
351,False,0.33382708559663876,1.951759090117656,"(2, 5, 3, 1, 4, 0)",213
51,False,0.3338304876753093,1.9517674580247721,"(0, 3, 1, 4, 5, 2)",214
357,False,0.3338304876753093,1.9517674580247724,"(2, 5, 4, 1, 3, 0)",215
169,False,0.33397613787912395,1.95178204630566,"(1, 3, 0, 2, 5, 4)",216
334,False,0.3339825324357613,1.9517943570847882,"(2, 4, 5, 3, 0, 1)",217
131,False,0.3339825324357613,1.9517943570847882,"(1, 0, 3, 5, 4, 2)",218
201,False,0.3339411411883575,1.951802596504053,"(1, 4, 2, 3, 5, 0)",219
111,False,0.33394114118835755,1.9518025965040533,"(0, 5, 3, 2, 4, 1)",220
324,False,0.3339968156359212,1.9518099237434918,"(2, 4, 3, 0, 1, 5)",221
213,False,0.3338719317744215,1.9518213525410077,"(1, 4, 5, 2, 3, 0)",222
59,False,0.3338719317744216,1.951821352541008,"(0, 3, 2, 5, 4, 1)",223
249,False,0.3338991811336711,1.9518254668543689,"(2, 0, 3, 4, 5, 1)",224
238,False,0.3338991811336711,1.9518254668543689,"(1, 5, 4, 3, 0, 2)",225
276,False,0.33397686386552294,1.9518277686980288,"(2, 1, 4, 0, 3, 5)",226
130,False,0.3339665120773561,1.9518580974307274,"(1, 0, 3, 5, 2, 4)",227
182,False,0.3340252064175403,1.9518809692588666,"(1, 3, 4, 2, 0, 5)",228
206,False,0.33392177966274694,1.9518844366387085,"(1, 4, 3, 2, 0, 5)",229
73,False,0.33392680729524554,1.951894848188563,"(0, 4, 1, 2, 5, 3)",230
38,False,0.3338964932612415,1.9518957375261943,"(0, 2, 4, 3, 1, 5)",231
342,False,0.33407702349073065,1.9519368670042345,"(2, 5, 1, 0, 3, 4)",232
343,False,0.3340712238162522,1.951948045129361,"(2, 5, 1, 0, 4, 3)",233
200,False,0.33405255975770437,1.9519573441015792,"(1, 4, 2, 3, 0, 5)",234
104,False,0.33398748405490436,1.9519583188044118,"(0, 5, 2, 3, 1, 4)",235
34,False,0.3339650574899211,1.9519630140210955,"(0, 2, 3, 5, 1, 4)",236
308,False,0.3340625578190981,1.9519648935032867,"(2, 3, 5, 1, 0, 4)",237
106,False,0.33385467217103326,1.9519660295496963,"(0, 5, 2, 4, 1, 3)",238
80,False,0.3338308303110852,1.9519713427730516,"(0, 4, 2, 3, 1, 5)",239
224,False,0.3340381244292805,1.9519872093640829,"(1, 5, 2, 3, 0, 4)",240
236,False,0.334057157474108,1.9519873536085763,"(1, 5, 4, 2, 0, 3)",241
226,False,0.3340582960609784,1.9520097505254934,"(1, 5, 2, 4, 0, 3)",242
178,False,0.3341557929197255,1.9520207186820446,"(1, 3, 2, 5, 0, 4)",243
110,False,0.3339176801447942,1.9520312262672823,"(0, 5, 3, 2, 1, 4)",244
211,False,0.3341602151673175,1.952042944094674,"(1, 4, 5, 0, 3, 2)",245
293,False,0.33416021516731753,1.9520429440946743,"(2, 3, 0, 5, 4, 1)",246
58,False,0.33391675556642075,1.9520499823042374,"(0, 3, 2, 5, 1, 4)",247
160,False,0.33412919469504376,1.952066394790793,"(1, 2, 4, 5, 0, 3)",248
325,False,0.3342116400080292,1.9521139994790064,"(2, 4, 3, 0, 5, 1)",249
219,False,0.3342116400080292,1.9521139994790064,"(1, 5, 0, 3, 4, 2)",250
109,False,0.33394750335377055,1.9521164916875189,"(0, 5, 3, 1, 4, 2)",251
321,False,0.33394750335377066,1.9521164916875193,"(2, 4, 1, 3, 5, 0)",252
210,False,0.334200183434277,1.95211786256574,"(1, 4, 5, 0, 2, 3)",253
36,False,0.33378417947937417,1.95212128840535,"(0, 2, 4, 1, 3, 5)",254
218,False,0.3342245668156215,1.952177739824946,"(1, 5, 0, 3, 2, 4)",255
108,False,0.33405649151781136,1.9521802320334583,"(0, 5, 3, 1, 2, 4)",256
307,False,0.3342654186146191,1.9521950741648295,"(2, 3, 5, 0, 4, 1)",257
197,False,0.3342654186146191,1.9521950741648295,"(1, 4, 0, 5, 3, 2)",258
78,False,0.33399600776424804,1.9521968936522074,"(0, 4, 2, 1, 3, 5)",259
185,False,0.3339453015224073,1.952197688122668,"(1, 3, 4, 5, 2, 0)",260
47,False,0.3339453015224073,1.952197688122668,"(0, 2, 5, 4, 3, 1)",261
39,False,0.33395065562990356,1.9521998132617093,"(0, 2, 4, 3, 5, 1)",262
233,False,0.33395065562990367,1.9521998132617095,"(1, 5, 3, 4, 2, 0)",263
209,False,0.33403813454710996,1.9522011555025096,"(1, 4, 3, 5, 2, 0)",264
45,False,0.33403813454710996,1.9522011555025096,"(0, 2, 5, 3, 4, 1)",265
170,False,0.33412566269540656,1.9522012962136543,"(1, 3, 0, 4, 2, 5)",266
157,False,0.3342476332190347,1.9522067629046091,"(1, 2, 4, 0, 5, 3)",267
194,False,0.33406855591523815,1.9522077587226643,"(1, 4, 0, 3, 2, 5)",268
258,False,0.33419364962851816,1.9522147445348446,"(2, 0, 5, 1, 3, 4)",269
259,False,0.3341964462669158,1.952225922659971,"(2, 0, 5, 1, 4, 3)",270
280,False,0.33415899805963245,1.9522312842080827,"(2, 1, 4, 5, 0, 3)",271
192,False,0.3341535762444296,1.9522685983225052,"(1, 4, 0, 2, 3, 5)",272
196,False,0.334289737855169,1.9522699926358957,"(1, 4, 0, 5, 2, 3)",273
320,False,0.3340137544179469,1.9522712392850448,"(2, 4, 1, 3, 0, 5)",274
292,False,0.3342756085159231,1.9522715738579033,"(2, 3, 0, 5, 1, 4)",275
231,False,0.3340639995977049,1.9522754185085665,"(1, 5, 3, 2, 4, 0)",276
81,False,0.3340639995977049,1.9522754185085665,"(0, 4, 2, 3, 5, 1)",277
53,False,0.3340297607561227,1.9522843826654608,"(0, 3, 1, 5, 4, 2)",278
333,False,0.33402976075612273,1.952284382665461,"(2, 4, 5, 1, 3, 0)",279
344,False,0.3341554863482237,1.952316810060687,"(2, 5, 1, 3, 0, 4)",280
346,False,0.3339577911992011,1.9523393512220975,"(2, 5, 1, 4, 0, 3)",281
52,False,0.3340672958677167,1.9523481230114008,"(0, 3, 1, 5, 2, 4)",282
214,False,0.3341806071001661,1.9523580970081964,"(1, 4, 5, 3, 0, 2)",283
251,False,0.3341806071001661,1.9523580970081964,"(2, 0, 3, 5, 4, 1)",284
69,False,0.33395747222640143,1.9523610312485218,"(0, 3, 5, 2, 4, 1)",285
203,False,0.33395747222640143,1.9523610312485218,"(1, 4, 2, 5, 3, 0)",286
277,False,0.3342879444801245,1.9523716523218986,"(2, 1, 4, 0, 5, 3)",287
336,False,0.33421977604924313,1.9523812413319603,"(2, 5, 0, 1, 3, 4)",288
337,False,0.3342159190044943,1.9523924194570872,"(2, 5, 0, 1, 4, 3)",289
306,False,0.33428649674082794,1.9524237039280588,"(2, 3, 5, 0, 1, 4)",290
44,False,0.33407060817102047,1.952429785265739,"(0, 2, 5, 3, 1, 4)",291
46,False,0.33410865125814054,1.952437496011023,"(0, 2, 5, 4, 1, 3)",292
350,False,0.334189552347096,1.9524465432139257,"(2, 5, 3, 1, 0, 4)",293
356,False,0.33413385702122056,1.952466089246168,"(2, 5, 4, 1, 0, 3)",294
180,False,0.3342154794978417,1.95251893251731,"(1, 3, 4, 0, 2, 5)",295
254,False,0.3341081732282182,1.9525194502765244,"(2, 0, 4, 3, 1, 5)",296
212,False,0.33422798916472596,1.952519983762404,"(1, 4, 5, 2, 0, 3)",297
204,False,0.3342272035262213,1.9525223998971521,"(1, 4, 3, 0, 2, 5)",298
250,False,0.3342530499696587,1.9525867267714256,"(2, 0, 3, 5, 1, 4)",299
68,False,0.3341611692010716,1.9525896610117508,"(0, 3, 5, 2, 1, 4)",300
198,False,0.33423815046840233,1.9526561469598633,"(1, 4, 2, 0, 3, 5)",301
37,False,0.334179572443528,1.95266517202922,"(0, 2, 4, 1, 5, 3)",302
171,False,0.33434983721888983,1.9526702613664582,"(1, 3, 0, 4, 5, 2)",303
355,False,0.33434983721888983,1.9526702613664582,"(2, 5, 4, 0, 3, 1)",304
67,False,0.33418495439759566,1.9526749264319871,"(0, 3, 5, 1, 4, 2)",305
323,False,0.3341849543975959,1.9526749264319878,"(2, 4, 1, 5, 3, 0)",306
195,False,0.3342739333720968,1.9526767238754683,"(1, 4, 0, 3, 5, 2)",307
349,False,0.3342739333720969,1.9526767238754685,"(2, 5, 3, 0, 4, 1)",308
41,False,0.334212887106603,1.9527289760356945,"(0, 2, 4, 5, 3, 1)",309
191,False,0.334212887106603,1.9527289760356945,"(1, 3, 5, 4, 2, 0)",310
66,False,0.3341899828867568,1.9527386667779267,"(0, 3, 5, 1, 2, 4)",311
79,False,0.3341094870245109,1.9527407772760772,"(0, 4, 2, 1, 5, 3)",312
252,False,0.33427103292520965,1.9527450011556804,"(2, 0, 4, 1, 3, 5)",313
83,False,0.3341311794677577,1.952804581282552,"(0, 4, 2, 5, 3, 1)",314
189,False,0.3341311794677577,1.952804581282552,"(1, 3, 5, 2, 4, 0)",315
193,False,0.334358138006581,1.9528124819463752,"(1, 4, 0, 2, 5, 3)",316
184,False,0.33425947092790353,1.9528214008729974,"(1, 3, 4, 5, 0, 2)",317
263,False,0.3342594709279036,1.9528214008729976,"(2, 0, 5, 4, 3, 1)",318
232,False,0.33435030404978106,1.9528235260120388,"(1, 5, 3, 4, 0, 2)",319
255,False,0.33435030404978106,1.9528235260120388,"(2, 0, 4, 3, 5, 1)",320
208,False,0.33440681862974697,1.9528248682528395,"(1, 4, 3, 5, 0, 2)",321
261,False,0.33440681862974714,1.95282486825284,"(2, 0, 5, 3, 4, 1)",322
348,False,0.334364187272393,1.9529053536386975,"(2, 5, 3, 0, 1, 4)",323
354,False,0.3343890342405432,1.9529100692548134,"(2, 5, 4, 0, 1, 3)",324
230,False,0.3343370122841048,1.952962871604836,"(1, 5, 3, 2, 0, 4)",325
40,False,0.33422039841766576,1.95296878392405,"(0, 2, 4, 5, 1, 3)",326
318,False,0.3343431515935231,1.9529700421433287,"(2, 4, 1, 0, 3, 5)",327
332,False,0.33437319821031,1.952983013886857,"(2, 4, 5, 1, 0, 3)",328
341,False,0.33451298184848083,1.9529878976701138,"(2, 5, 0, 4, 3, 1)",329
181,False,0.33451298184848083,1.9529878976701138,"(1, 3, 4, 0, 5, 2)",330
205,False,0.33447663869687877,1.9529913650499557,"(1, 4, 3, 0, 5, 2)",331
339,False,0.3344766386968788,1.952991365049956,"(2, 5, 0, 3, 4, 1)",332
82,False,0.33433976459680886,1.953044389170907,"(0, 4, 2, 5, 1, 3)",333
260,False,0.3344364774327439,1.9530534980160688,"(2, 0, 5, 3, 1, 4)",334
202,False,0.33441273768263174,1.9530596624699177,"(1, 4, 2, 5, 0, 3)",335
262,False,0.33447490830942306,1.9530612087613528,"(2, 0, 5, 4, 1, 3)",336
173,False,0.334570183413075,1.9531871860071468,"(1, 3, 0, 5, 4, 2)",337
331,False,0.334570183413075,1.9531871860071468,"(2, 4, 5, 0, 3, 1)",338
199,False,0.33451086928212015,1.9532000305837331,"(1, 4, 2, 0, 5, 3)",339
314,False,0.33447867024479455,1.9532028717143295,"(2, 4, 0, 3, 1, 5)",340
338,False,0.3344813528363068,1.953219994813185,"(2, 5, 0, 3, 1, 4)",341
340,False,0.3345415456232471,1.9532277055584693,"(2, 5, 0, 4, 1, 3)",342
172,False,0.33456014460740136,1.9532509263530868,"(1, 3, 0, 5, 2, 4)",343
253,False,0.3344058878110323,1.95328888477955,"(2, 0, 4, 1, 5, 3)",344
190,False,0.3345090430921956,1.9533526887860246,"(1, 3, 5, 4, 0, 2)",345
257,False,0.3345090430921956,1.9533526887860246,"(2, 0, 4, 5, 3, 1)",346
322,False,0.3345480728579742,1.9533735576533833,"(2, 4, 1, 5, 0, 3)",347
330,False,0.3345382069100966,1.9534269938955027,"(2, 4, 5, 0, 1, 3)",348
312,False,0.3344331583067674,1.9534284225934853,"(2, 4, 0, 1, 3, 5)",349
188,False,0.33460082310472844,1.9534920343788216,"(1, 3, 5, 2, 0, 4)",350
229,False,0.3345388269251187,1.9535069474498443,"(1, 5, 3, 0, 4, 2)",351
315,False,0.3345388269251187,1.9535069474498443,"(2, 4, 0, 3, 5, 1)",352
319,False,0.3346343649906941,1.953513925767199,"(2, 4, 1, 0, 5, 3)",353
228,False,0.33464785842317235,1.953570687795784,"(1, 5, 3, 0, 2, 4)",354
256,False,0.33462279513670357,1.9535924966743798,"(2, 0, 4, 5, 1, 3)",355
313,False,0.33474733557209707,1.9539723062173553,"(2, 4, 0, 1, 5, 3)",356
187,False,0.33488192525443705,1.9540361102238295,"(1, 3, 5, 0, 4, 2)",357
317,False,0.33488192525443716,1.9540361102238297,"(2, 4, 0, 5, 3, 1)",358
186,False,0.3347393338823352,1.9540998505697693,"(1, 3, 5, 0, 2, 4)",359
316,False,0.3348500304966817,1.9542759181121852,"(2, 4, 0, 5, 1, 3)",360
643,False,0.33836071532523854,1.966164717691569,general_283,361
653,False,0.33837139281723927,1.9661937556722808,general_293,362
378,False,0.33837644043486864,1.9662067242839638,general_18,363
377,False,0.3383762343766259,1.9662177126059377,general_17,364
584,False,0.3383807452460714,1.9662205199663778,general_224,365
629,False,0.3383782997129667,1.966223703150862,general_269,366
682,False,0.33838078433228236,1.966229148934745,general_322,367
459,False,0.3383823292971294,1.9662302852813416,general_99,368
542,False,0.3383804953931929,1.9662332854005204,general_182,369
380,False,0.33838148477849816,1.9662356251443143,general_20,370
384,False,0.3383849373998149,1.9662357452724253,general_24,371
683,False,0.3383829670005811,1.9662381150692227,general_323,372
630,False,0.3383851111122618,1.9662383022316823,general_270,373
678,False,0.3383799588264266,1.9662407297599032,general_318,374
503,False,0.33838057533662297,1.9662423310276531,general_143,375
453,False,0.3383837297012136,1.9662439681868593,general_93,376
698,False,0.3383882062427244,1.9662442206460962,general_338,377
526,False,0.33838254451073774,1.9662449770578239,general_166,378
452,False,0.33838486424233205,1.9662455558667622,general_92,379
659,False,0.3383877417550357,1.9662466446416418,general_299,380
449,False,0.33838372522480775,1.9662469200409767,general_89,381
663,False,0.3383868391924846,1.966253050773471,general_303,382
688,False,0.3383878703110519,1.9662536003966995,general_328,383
614,False,0.3383866029958385,1.9662544028043007,general_254,384
382,False,0.33838588310192735,1.9662544046041452,general_22,385
660,False,0.3383839950962674,1.966255186232667,general_300,386
540,False,0.33838811830124316,1.966255232047245,general_180,387
535,False,0.3383903327277444,1.9662559548913883,general_175,388
665,False,0.33838999194214064,1.9662597849671617,general_305,389
700,False,0.33838758325723994,1.9662613317639355,general_340,390
379,False,0.33838913412667365,1.9662615433078368,general_19,391
667,False,0.3383898552664573,1.9662616067439307,general_307,392
666,False,0.33839206515946835,1.9662618856929674,general_306,393
426,False,0.3383885933374061,1.9662629613960427,general_66,394
375,False,0.33838914704665995,1.966263089227118,general_15,395
376,False,0.33839137860206087,1.966263426878696,general_16,396
547,False,0.3383908005279209,1.9662636446059414,general_187,397
623,False,0.33838698958287133,1.96626543004485,general_263,398
692,False,0.33838968745401476,1.9662658401184565,general_332,399
409,False,0.3383877774013101,1.9662663990772238,general_49,400
429,False,0.3383947623761109,1.9662670535178173,general_69,401
593,False,0.338395331858118,1.9662679713640205,general_233,402
597,False,0.3383912896710438,1.9662681148918344,general_237,403
712,False,0.3383898818914012,1.9662688786251246,general_352,404
699,False,0.3383900670902602,1.9662690610779652,general_339,405
539,False,0.33839197629971024,1.9662699995585042,general_179,406
528,False,0.3383910326989882,1.9662701481899982,general_168,407
606,False,0.3383879627574795,1.966270260451984,general_246,408
626,False,0.33838783070786405,1.9662704627688403,general_266,409
575,False,0.338392457817026,1.9662706783976007,general_215,410
412,False,0.33839283953591687,1.9662707846827256,general_52,411
537,False,0.3383902726798368,1.9662708231566246,general_177,412
533,False,0.33838973259586325,1.966271217425607,general_173,413
685,False,0.33839298610242374,1.9662725034109438,general_325,414
646,False,0.33839428163236934,1.9662730822500825,general_286,415
522,False,0.33838921820269646,1.9662734195289941,general_162,416
560,False,0.33839193828316527,1.9662747938341678,general_200,417
694,False,0.33839174583011594,1.9662748848406824,general_334,418
410,False,0.33838985637802343,1.9662751253595585,general_50,419
549,False,0.33839123970880425,1.9662752471135392,general_189,420
662,False,0.33839382492689757,1.9662757973892622,general_302,421
467,False,0.33839371809041774,1.9662765155134034,general_107,422
641,False,0.33839255195887336,1.966277149746208,general_281,423
373,False,0.33839139857225464,1.9662772474368555,general_13,424
392,False,0.3383947218450293,1.9662784645494926,general_32,425
674,False,0.3383942083686707,1.9662786135145591,general_314,426
413,False,0.33839240997295184,1.9662786412763371,general_53,427
576,False,0.3383937413508998,1.966278684406975,general_216,428
444,False,0.3383970196008772,1.9662787323706583,general_84,429
508,False,0.33839388767488177,1.9662790047694532,general_148,430
431,False,0.338394914913139,1.9662790203479121,general_71,431
482,False,0.3383943790820935,1.9662795516857483,general_122,432
391,False,0.3383935683653357,1.9662803349890436,general_31,433
634,False,0.33839288444884164,1.9662807210801811,general_274,434
461,False,0.3383957478570432,1.9662807325478449,general_101,435
583,False,0.33839218861607545,1.9662808358986807,general_223,436
581,False,0.33839468891421864,1.9662809633749185,general_221,437
677,False,0.33839313246887553,1.9662811156296454,general_317,438
437,False,0.33839642547797716,1.9662816981254945,general_77,439
563,False,0.3383932113157342,1.9662821062282965,general_203,440
681,False,0.33839400462801894,1.9662821914175745,general_321,441
389,False,0.3383946521542721,1.9662832163205357,general_29,442
411,False,0.33839302794548237,1.966284023304374,general_51,443
608,False,0.33839476209145697,1.9662841393816977,general_248,444
580,False,0.3383958408209641,1.9662844046971513,general_220,445
485,False,0.3383917084830995,1.9662847136421389,general_125,446
710,False,0.33839790480570353,1.966285071526959,general_350,447
534,False,0.3383930205038485,1.9662852845436098,general_174,448
368,False,0.3383944957309559,1.9662853170006973,general_8,449
463,False,0.3383935175875673,1.9662853190999576,general_103,450
513,False,0.3383911388213744,1.9662855906574046,general_153,451
436,False,0.33839566004924476,1.966285931772652,general_76,452
434,False,0.3383955445203559,1.9662860880348358,general_74,453
664,False,0.33839705639250617,1.9662871663661023,general_304,454
529,False,0.3383976648948305,1.966287786939122,general_169,455
520,False,0.3383956362710372,1.9662880167464245,general_160,456
628,False,0.33839321094582103,1.9662881824495335,general_268,457
652,False,0.33839495900396543,1.966288186849515,general_292,458
639,False,0.3383961049611358,1.9662884534053449,general_279,459
675,False,0.3383919717697744,1.966288469420286,general_315,460
687,False,0.33839833926062163,1.9662884715114417,general_327,461
718,False,0.33839392614571784,1.9662890421643988,general_358,462
605,False,0.33839359656749796,1.9662891333861283,general_245,463
493,False,0.33839405044815674,1.9662894095240397,general_133,464
709,False,0.33839844003419717,1.9662900653826985,general_349,465
557,False,0.3383945344250767,1.9662907139354897,general_197,466
565,False,0.33839746034297125,1.966291098693131,general_205,467
661,False,0.33840052750785177,1.9662923649615756,general_301,468
370,False,0.3383978069569211,1.9662926258380637,general_10,469
399,False,0.33839759153975635,1.9662930221681518,general_39,470
395,False,0.3383995092634832,1.9662934312650537,general_35,471
470,False,0.3383979966765172,1.966293626072751,general_110,472
492,False,0.3383933733834317,1.9662936939518671,general_132,473
385,False,0.3383967912911216,1.9662938688085585,general_25,474
586,False,0.33840213627024057,1.9662942159179655,general_226,475
574,False,0.3383982483011381,1.9662944487172374,general_214,476
601,False,0.33839958288306726,1.9662949259499194,general_241,477
530,False,0.3383964784384655,1.9662949388006439,general_170,478
598,False,0.3383969775706161,1.9662949666472656,general_238,479
622,False,0.3384001578410779,1.9662950078118138,general_262,480
706,False,0.33839767458043535,1.9662950754823778,general_346,481
386,False,0.3383988614945879,1.9662951669676323,general_26,482
654,False,0.3383968403455702,1.9662954050610306,general_294,483
603,False,0.33839665060544366,1.9662956233860525,general_243,484
599,False,0.3383986494892879,1.9662959120303547,general_239,485
438,False,0.3383949345640928,1.966296211762546,general_78,486
704,False,0.3383981775180448,1.966296260892834,general_344,487
647,False,0.33839944105030817,1.966296540124386,general_287,488
590,False,0.3383985326672483,1.9662968808893007,general_230,489
523,False,0.33839789869817927,1.96629794234332,general_163,490
719,False,0.33840250603527233,1.9662981695245185,general_359,491
524,False,0.33839760545762726,1.9662985721623711,general_164,492
442,False,0.33839661407814337,1.966299137683208,general_82,493
521,False,0.33840033697839655,1.9662991907477527,general_161,494
483,False,0.3383980993975861,1.9662993392713786,general_123,495
525,False,0.3383986206466094,1.9662994604264634,general_165,496
469,False,0.33839981121192486,1.9662994980723845,general_109,497
691,False,0.33839755461161,1.9662996788030536,general_331,498
494,False,0.3383988939290731,1.9662997193736194,general_134,499
559,False,0.3383999555280023,1.9662997899903443,general_199,500
671,False,0.3383982435103081,1.966299825770808,general_311,501
644,False,0.33839869142744317,1.9663000339700203,general_284,502
532,False,0.33839957720639835,1.9663002817264705,general_172,503
509,False,0.3383977173064397,1.9663003375667998,general_149,504
440,False,0.3383993493949317,1.9663008378526605,general_80,505
460,False,0.3384005331588728,1.9663016500356785,general_100,506
516,False,0.3384016589583331,1.966301915739623,general_156,507
562,False,0.3383982955424969,1.9663020814772914,general_202,508
589,False,0.338398026266845,1.9663021099864286,general_229,509
464,False,0.3383964796734021,1.9663022040303195,general_104,510
417,False,0.33840233388406876,1.9663023214873872,general_57,511
569,False,0.3384005007596045,1.966302515839211,general_209,512
468,False,0.33839990011760845,1.9663026666138854,general_108,513
448,False,0.3383978274325493,1.9663027235461141,general_88,514
600,False,0.3383997657938911,1.9663027421485242,general_240,515
477,False,0.33840301311671783,1.9663034503637893,general_117,516
558,False,0.3384002686267639,1.9663040846556827,general_198,517
472,False,0.338400864255625,1.9663040882236618,general_112,518
656,False,0.3384054184776818,1.9663045490524145,general_296,519
609,False,0.3383995030464651,1.966304597766049,general_249,520
536,False,0.33840318492040367,1.966304678406248,general_176,521
714,False,0.3384022579983667,1.9663052052415129,general_354,522
538,False,0.33840096219589305,1.9663053601345157,general_178,523
631,False,0.3384031757907218,1.9663053869044989,general_271,524
456,False,0.33839927629551564,1.9663055843042927,general_96,525
491,False,0.33839939172819516,1.9663057976204836,general_131,526
717,False,0.3384009502059675,1.9663062244387381,general_357,527
487,False,0.33839642722059915,1.9663062529583135,general_127,528
447,False,0.3383982867962402,1.9663065345243786,general_87,529
478,False,0.3384002662328103,1.9663069090953236,general_118,530
550,False,0.33840243230039385,1.9663072171316458,general_190,531
421,False,0.3384012174309672,1.9663072246674662,general_61,532
570,False,0.338399511508125,1.9663076765013547,general_210,533
548,False,0.33839945614883576,1.966307862020491,general_188,534
404,False,0.3384006913656174,1.9663083861383435,general_44,535
541,False,0.3384029031593506,1.9663086818339834,general_181,536
498,False,0.33840391825579996,1.9663089019986657,general_138,537
387,False,0.33840159547912285,1.9663091307671765,general_27,538
419,False,0.3383993079756557,1.9663096034751364,general_59,539
396,False,0.33839807643957887,1.9663097985824578,general_36,540
618,False,0.3384017555135193,1.9663098976427282,general_258,541
649,False,0.3384001266355747,1.966309927012575,general_289,542
512,False,0.3384049591831232,1.9663105866694515,general_152,543
552,False,0.3384039517580656,1.9663108365921407,general_192,544
446,False,0.3384014503219409,1.9663111998235394,general_86,545
642,False,0.3384050540234535,1.9663113109200594,general_282,546
645,False,0.3384049869880654,1.9663114032893887,general_285,547
504,False,0.33840260057223637,1.966312130091698,general_144,548
365,False,0.33840660599796973,1.9663124102147311,general_5,549
564,False,0.33839830272654503,1.9663127379370375,general_204,550
510,False,0.33840425399168755,1.9663127440258796,general_150,551
511,False,0.3384057489562832,1.96631363296473,general_151,552
602,False,0.33839923622581486,1.9663137365347354,general_242,553
615,False,0.3384052595948061,1.9663138221161693,general_255,554
497,False,0.3384001782281125,1.9663138553478257,general_137,555
364,False,0.3383995308561065,1.9663141064094671,general_4,556
591,False,0.33840177205654315,1.9663143048580667,general_231,557
517,False,0.33840319839293376,1.9663146233788675,general_157,558
624,False,0.3384019693407799,1.966315232916824,general_264,559
454,False,0.33840097851679873,1.9663157543293701,general_94,560
435,False,0.33840208788556464,1.9663161051159357,general_75,561
592,False,0.3384046910654436,1.9663163023571049,general_232,562
607,False,0.3384030211420228,1.9663164158408162,general_247,563
433,False,0.33840254064910674,1.9663170648788342,general_73,564
474,False,0.3384065806534782,1.9663179235425392,general_114,565
713,False,0.33840608642223097,1.966318345874959,general_353,566
594,False,0.3384043695739454,1.9663184245942253,general_234,567
566,False,0.3384050047084671,1.9663188953125748,general_206,568
371,False,0.33840494095763646,1.966318976363274,general_11,569
553,False,0.3384011821264059,1.9663190327408302,general_193,570
473,False,0.3384021097807059,1.9663202452275403,general_113,571
393,False,0.3384072386889163,1.9663205046796048,general_33,572
424,False,0.3384044031438137,1.966320576388214,general_64,573
585,False,0.3384069810679678,1.9663211203383864,general_225,574
441,False,0.3384066938875294,1.966322039611696,general_81,575
445,False,0.3384046791851306,1.9663221150075563,general_85,576
697,False,0.33840147069289694,1.9663231338008573,general_337,577
638,False,0.3384086619779827,1.9663234865319197,general_278,578
637,False,0.3384075040891301,1.9663239018897012,general_277,579
372,False,0.3384029503132486,1.966324191113906,general_12,580
555,False,0.3384084555453193,1.9663243209643,general_195,581
415,False,0.33840866032747646,1.9663249686931858,general_55,582
571,False,0.33840575615515445,1.9663253852946718,general_211,583
595,False,0.33840730612527536,1.9663256092310604,general_235,584
673,False,0.33840571308054,1.9663256107853724,general_313,585
689,False,0.33840729627360605,1.9663260536925935,general_329,586
686,False,0.33840546343323463,1.966326301139439,general_326,587
500,False,0.3384082840287568,1.9663263285276231,general_140,588
479,False,0.3384063270827101,1.9663263525804762,general_119,589
617,False,0.338407900739275,1.9663267156310764,general_257,590
543,False,0.3384068669048344,1.9663271129190623,general_183,591
701,False,0.3384023564974237,1.9663275919771241,general_341,592
690,False,0.33840742273579144,1.9663276366025755,general_330,593
655,False,0.33840619247304915,1.9663276367995919,general_295,594
515,False,0.33840661335877664,1.9663277096536425,general_155,595
465,False,0.3384039992852331,1.966327804844774,general_105,596
531,False,0.3384048550072435,1.966328778644391,general_171,597
573,False,0.3384069145182443,1.9663291544020092,general_213,598
587,False,0.33840630015389367,1.966329674315488,general_227,599
486,False,0.3384090827162828,1.9663300399923611,general_126,600
613,False,0.3384075928658144,1.9663302484461131,general_253,601
451,False,0.33840987686162216,1.966330446717882,general_91,602
496,False,0.3384057433900208,1.9663305590216111,general_136,603
635,False,0.33840786675834283,1.9663309476513955,general_275,604
374,False,0.3384066308414546,1.9663310843901332,general_14,605
362,False,0.33840478420747805,1.9663313104618891,general_2,606
403,False,0.3384058012408834,1.9663313224126167,general_43,607
408,False,0.3384094141206881,1.966331343446121,general_48,608
398,False,0.338406287861328,1.966331453438093,general_38,609
679,False,0.33840859071378615,1.9663323104317239,general_319,610
488,False,0.3384079320015375,1.9663328957549737,general_128,611
505,False,0.3384090615296999,1.9663329365922233,general_145,612
405,False,0.33841041704725283,1.966333277011281,general_45,613
670,False,0.33840601095123407,1.9663344242872245,general_310,614
633,False,0.338406881825046,1.9663347970748013,general_273,615
610,False,0.33841125011761486,1.9663350429274635,general_250,616
572,False,0.3384100242824207,1.9663353125915881,general_212,617
422,False,0.3384095680157375,1.9663354722946547,general_62,618
383,False,0.3384106220741561,1.966335878858936,general_23,619
455,False,0.3384076088409773,1.966336191416027,general_95,620
611,False,0.33841037059120055,1.9663363004240095,general_251,621
596,False,0.3384070283074715,1.9663366427377718,general_236,622
450,False,0.3384112242717876,1.966337533805742,general_90,623
394,False,0.3384095834063373,1.9663379964822665,general_34,624
527,False,0.3384068750016364,1.9663388963087391,general_167,625
418,False,0.3384112881654052,1.9663393196065706,general_58,626
519,False,0.33841131907072414,1.9663398487531507,general_159,627
546,False,0.33840820455864695,1.966339979496659,general_186,628
366,False,0.3384146427057311,1.9663399981873797,general_6,629
480,False,0.33840721190091533,1.96634004063803,general_120,630
715,False,0.3384109568243867,1.9663405855859377,general_355,631
707,False,0.33840987365497965,1.9663406411960764,general_347,632
612,False,0.33841358123167575,1.9663407197442828,general_252,633
577,False,0.3384084212160279,1.966340972642592,general_217,634
414,False,0.3384128239828308,1.966340982348909,general_54,635
390,False,0.33841361783559953,1.9663414942715858,general_30,636
471,False,0.33840860238894,1.9663427236893873,general_111,637
401,False,0.3384105940493305,1.9663430879033457,general_41,638
544,False,0.3384110028929882,1.9663435756133592,general_184,639
567,False,0.33840962627729665,1.9663443426274572,general_207,640
672,False,0.3384107954932368,1.966344431537609,general_312,641
582,False,0.3384104897564888,1.966344615076727,general_222,642
502,False,0.3384096253738852,1.9663448743320877,general_142,643
578,False,0.3384135482440388,1.9663463720383727,general_218,644
458,False,0.33841570166210677,1.966346405268916,general_98,645
363,False,0.33841043044799873,1.96634656048187,general_3,646
680,False,0.33841012224154854,1.966346748430604,general_320,647
381,False,0.3384130032115973,1.966346813680693,general_21,648
696,False,0.3384091349289393,1.9663470229583082,general_336,649
481,False,0.33840836478527225,1.9663471008302753,general_121,650
636,False,0.33841139687135,1.9663471191477306,general_276,651
627,False,0.33841548845305863,1.9663472898782053,general_267,652
499,False,0.33841330067304115,1.966347515528139,general_139,653
658,False,0.3384133194426198,1.966347752505843,general_298,654
650,False,0.3384105474665652,1.966348502847451,general_290,655
657,False,0.33841433698792467,1.9663494630165612,general_297,656
705,False,0.33841524986625593,1.9663494716995378,general_345,657
703,False,0.33841102493199393,1.966350356118147,general_343,658
466,False,0.3384147586516832,1.9663518462234928,general_106,659
668,False,0.3384125878635744,1.9663521616970026,general_308,660
484,False,0.33841377537417267,1.9663522560676803,general_124,661
588,False,0.3384132279503968,1.9663524205783787,general_228,662
551,False,0.33841185895647585,1.9663527253608621,general_191,663
367,False,0.33841190524979137,1.9663529308078584,general_7,664
514,False,0.33841208454631977,1.966353370505937,general_154,665
619,False,0.33841271381337046,1.96635345376891,general_259,666
423,False,0.33841430679501916,1.966353620538434,general_63,667
430,False,0.338413890507845,1.9663542736824424,general_70,668
439,False,0.33841185343732366,1.966354376226789,general_79,669
568,False,0.3384124600520648,1.9663546910678056,general_208,670
545,False,0.3384138945234222,1.9663548343430255,general_185,671
632,False,0.3384140048854208,1.966355774236396,general_272,672
388,False,0.3384150620719041,1.9663557840798727,general_28,673
676,False,0.3384114227990863,1.9663557941588719,general_316,674
620,False,0.33841450515961724,1.9663571559356843,general_260,675
425,False,0.33841662695237945,1.9663572064261405,general_65,676
640,False,0.3384159460864876,1.9663574078638184,general_280,677
561,False,0.33841501765659476,1.9663576323976186,general_201,678
427,False,0.3384178647401771,1.9663579546837466,general_67,679
462,False,0.3384169045061039,1.9663588126132205,general_102,680
475,False,0.3384157761045519,1.9663588206386646,general_115,681
402,False,0.3384120312218263,1.9663588913996137,general_42,682
432,False,0.3384132280272676,1.9663597511461521,general_72,683
495,False,0.3384168689189337,1.9663606089253352,general_135,684
406,False,0.3384142139827495,1.966361265314522,general_46,685
716,False,0.3384157506757732,1.9663617622734655,general_356,686
416,False,0.33841866690633815,1.9663636783384344,general_56,687
625,False,0.33841750481668,1.9663651087264882,general_265,688
407,False,0.33841812632163276,1.9663653350940704,general_47,689
369,False,0.33841820858096294,1.9663654076376964,general_9,690
695,False,0.33841534759174174,1.9663664413572024,general_335,691
693,False,0.3384175889968992,1.9663669037275868,general_333,692
476,False,0.33841845530620196,1.9663692102453911,general_116,693
428,False,0.33841619588207983,1.9663695939769221,general_68,694
554,False,0.3384213768295092,1.9663697280036367,general_194,695
507,False,0.33842189223196123,1.9663703698991641,general_147,696
648,False,0.33841852575142745,1.9663705785360268,general_288,697
621,False,0.33841489368632494,1.9663711778839925,general_261,698
579,False,0.33841745787494926,1.9663715754608697,general_219,699
490,False,0.33841921234916605,1.9663717798298896,general_130,700
684,False,0.3384214287184625,1.966373249601161,general_324,701
361,False,0.33841852121842625,1.9663767035812187,general_1,702
616,False,0.3384199981368469,1.9663770776561744,general_256,703
457,False,0.33842048480449877,1.9663782821291709,general_97,704
489,False,0.33842108660149706,1.9663804913150722,general_129,705
702,False,0.3384231248961923,1.9663853004471903,general_342,706
711,False,0.33842195983395273,1.9663855290992023,general_351,707
669,False,0.3384232985727363,1.9663888961110514,general_309,708
397,False,0.33842369893923874,1.9663909865446094,general_37,709
556,False,0.33842395003795955,1.9663911912625673,general_196,710
443,False,0.33842259785740614,1.9663925575475953,general_83,711
400,False,0.3384234114946927,1.9663928837379283,general_40,712
518,False,0.338426782312468,1.966395446431103,general_158,713
506,False,0.33842630369176113,1.9663973865359057,general_146,714
708,False,0.338424346738444,1.9664001665073219,general_348,715
651,False,0.3384271574534546,1.9664081842545036,general_291,716
501,False,0.3384289686340448,1.9664152095729246,general_141,717
420,False,0.3384324880640156,1.9664207191409708,general_60,718
604,False,0.33843334901366473,1.9664252702647402,general_244,719
