,is_well_nested,ms,ee,perm,i
0,True,0.33860639393485503,1.9617528186670001,"(0, 1, 2, 3, 4, 5)",0
360,True,0.33860639393485503,1.9617528186670001,general_0,1
120,True,0.34062356187046666,1.9639087824855452,"(1, 0, 2, 3, 4, 5)",2
1,False,0.34146563687681103,1.9641017871535362,"(0, 1, 2, 3, 5, 4)",3
121,False,0.3429971830628007,1.9662577509720809,"(1, 0, 2, 3, 5, 4)",4
264,True,0.34168743102169474,1.9663275400030724,"(2, 1, 0, 3, 4, 5)",5
5,True,0.34285615975309747,1.966379013517182,"(0, 1, 2, 5, 4, 3)",6
4,True,0.343155771666043,1.966461238860014,"(0, 1, 2, 5, 3, 4)",7
2,True,0.34193368724164697,1.9664993108322908,"(0, 1, 2, 4, 3, 5)",8
6,False,0.3422210140771208,1.966645566933545,"(0, 1, 3, 2, 4, 5)",9
144,False,0.34220356776555005,1.9671698016418127,"(1, 2, 0, 3, 4, 5)",10
24,False,0.3421675495084791,1.9672452192694505,"(0, 2, 1, 3, 4, 5)",11
125,True,0.3437343187373062,1.968534977335727,"(1, 0, 2, 5, 4, 3)",12
240,True,0.3426497982262515,1.9685589214492554,"(2, 0, 1, 3, 4, 5)",13
124,True,0.34406704620791995,1.9686172026785602,"(1, 0, 2, 5, 3, 4)",14
122,True,0.34271161087588353,1.9686552746508355,"(1, 0, 2, 4, 3, 5)",15
265,False,0.3434118918235625,1.968676508489608,"(2, 1, 0, 3, 5, 4)",16
3,False,0.3433851692124019,1.9687660539759928,"(0, 1, 2, 4, 5, 3)",17
126,False,0.34311038488582934,1.9688015307520899,"(1, 0, 3, 2, 4, 5)",18
23,False,0.3434199656381554,1.9689522050087145,"(0, 1, 5, 4, 3, 2)",19
305,False,0.3434199656381558,1.9689522050087158,"(2, 3, 4, 5, 1, 0)",20
7,False,0.3439961929338116,1.9689945354200793,"(0, 1, 3, 2, 5, 4)",21
19,False,0.34435315773913333,1.969002726093387,"(0, 1, 5, 2, 4, 3)",22
18,False,0.3441058921673701,1.969084951436219,"(0, 1, 5, 2, 3, 4)",23
22,False,0.3445110508120628,1.9691137281858324,"(0, 1, 5, 4, 2, 3)",24
294,False,0.3434141044665725,1.9692212240121292,"(2, 3, 1, 0, 4, 5)",25
145,False,0.34395707418549043,1.969518770128348,"(1, 2, 0, 3, 5, 4)",26
25,False,0.3437872843914001,1.969594187755986,"(0, 2, 1, 3, 5, 4)",27
270,False,0.343411776137275,1.9698685191051342,"(2, 1, 3, 0, 4, 5)",28
150,False,0.3434250751877375,1.9707107807438742,"(1, 2, 3, 0, 4, 5)",29
241,False,0.3447780416115033,1.9709078899357906,"(2, 0, 1, 3, 5, 4)",30
123,False,0.3446557810108901,1.970922017794538,"(1, 0, 2, 4, 5, 3)",31
269,True,0.34356187289692663,1.9709537348532542,"(2, 1, 0, 5, 4, 3)",32
268,True,0.3445348809192612,1.9710359601960876,"(2, 1, 0, 5, 3, 4)",33
266,True,0.3433717953233939,1.9710740321683626,"(2, 1, 0, 4, 3, 5)",34
143,False,0.3434547772988379,1.971108168827261,"(1, 0, 5, 4, 3, 2)",35
304,False,0.3434547772988379,1.971108168827261,"(2, 3, 4, 5, 0, 1)",36
127,False,0.3442764731141388,1.9711504992386255,"(1, 0, 3, 2, 5, 4)",37
139,False,0.3449526038146487,1.9711586899119318,"(1, 0, 5, 2, 4, 3)",38
138,False,0.34464714755340414,1.9712409152547652,"(1, 0, 5, 2, 3, 4)",39
142,False,0.3447318067484916,1.9712696920043788,"(1, 0, 5, 4, 2, 3)",40
8,False,0.3441544554743581,1.9715025369530301,"(0, 1, 3, 4, 2, 5)",41
17,False,0.34512936742893635,1.9715387302225906,"(0, 1, 4, 5, 3, 2)",42
311,False,0.34512936742893674,1.9715387302225917,"(2, 3, 5, 4, 1, 0)",43
295,False,0.3445576959238014,1.9715701924986646,"(2, 3, 1, 0, 5, 4)",44
302,False,0.3438406089287658,1.971609872398476,"(2, 3, 4, 1, 0, 5)",45
288,False,0.34388952885291857,1.9716432742795187,"(2, 3, 0, 1, 4, 5)",46
16,False,0.3449658569014528,1.9717002533997088,"(0, 1, 4, 5, 2, 3)",47
12,False,0.3442974148301352,1.971709548622372,"(0, 1, 4, 2, 3, 5)",48
149,False,0.34471654894613496,1.971795996491994,"(1, 2, 0, 5, 4, 3)",49
14,False,0.34366368903101646,1.9718200264765664,"(0, 1, 4, 3, 2, 5)",50
29,False,0.3448710971136558,1.971871414119632,"(0, 2, 1, 5, 4, 3)",51
148,False,0.34511829510326203,1.9718782218348274,"(1, 2, 0, 5, 3, 4)",52
146,False,0.3443160002006995,1.9719162938071024,"(1, 2, 0, 4, 3, 5)",53
28,False,0.34559488770205626,1.9719536394624657,"(0, 2, 1, 5, 3, 4)",54
26,False,0.34427695263981456,1.9719917114347403,"(0, 2, 1, 4, 3, 5)",55
271,False,0.34490168700858775,1.97221748759167,"(2, 1, 3, 0, 5, 4)",56
101,False,0.3448717543658256,1.9724013901852542,"(0, 5, 1, 4, 3, 2)",57
303,False,0.344871754365826,1.9724013901852553,"(2, 3, 4, 1, 5, 0)",58
97,False,0.3452200539352498,1.9724519112699253,"(0, 5, 1, 2, 4, 3)",59
296,False,0.34412268960950765,1.972527138924333,"(2, 3, 1, 4, 0, 5)",60
96,False,0.34428758293294665,1.9725341366127587,"(0, 5, 1, 2, 3, 4)",61
100,False,0.34490900916996003,1.9725629133623723,"(0, 5, 1, 4, 2, 3)",62
48,False,0.34449016572216107,1.9725811799358803,"(0, 3, 1, 2, 4, 5)",63
151,False,0.34481830052470597,1.97305974923041,"(1, 2, 3, 0, 5, 4)",64
272,False,0.3446473276259282,1.9731744340173385,"(2, 1, 3, 4, 0, 5)",65
245,True,0.3454091915557076,1.973185116299437,"(2, 0, 1, 5, 4, 3)",66
30,False,0.3447961236141805,1.973208248638902,"(0, 2, 3, 1, 4, 5)",67
244,True,0.3457415954491344,1.9732673416422701,"(2, 0, 1, 5, 3, 4)",68
242,True,0.3448751164267666,1.9733054136145454,"(2, 0, 1, 4, 3, 5)",69
297,False,0.3453573217029886,1.9733186567111125,"(2, 3, 1, 4, 5, 0)",70
115,False,0.3453573217029886,1.9733186567111125,"(0, 5, 4, 1, 3, 2)",71
267,False,0.3449400975577247,1.973340775312065,"(2, 1, 0, 4, 5, 3)",72
21,False,0.34557249945025353,1.973464691938342,"(0, 1, 5, 3, 4, 2)",73
329,False,0.3455724994502539,1.9734646919383434,"(2, 4, 3, 5, 1, 0)",74
114,False,0.3451270372241491,1.9734801798882309,"(0, 5, 4, 1, 2, 3)",75
359,False,0.34490497869563297,1.9736077569196142,"(2, 5, 4, 3, 1, 0)",76
9,False,0.34490497869563297,1.9736077569196142,"(0, 1, 3, 4, 5, 2)",77
54,False,0.3442293134200748,1.9736514610387876,"(0, 3, 2, 1, 4, 5)",78
128,False,0.3448775899173334,1.9736585007715748,"(1, 0, 3, 4, 2, 5)",79
137,False,0.3457399432600381,1.973694694041137,"(1, 0, 4, 5, 3, 2)",80
310,False,0.3457399432600381,1.973694694041137,"(2, 3, 5, 4, 0, 1)",81
20,False,0.3460717533167012,1.9737084404582936,"(0, 1, 5, 3, 2, 4)",82
136,False,0.34574584089955407,1.9738562172182552,"(1, 0, 4, 5, 2, 3)",83
132,False,0.344954253427159,1.9738655124409168,"(1, 0, 4, 2, 3, 5)",84
353,False,0.34572617901040775,1.973925246443151,"(2, 5, 3, 4, 1, 0)",85
15,False,0.34572617901040775,1.973925246443151,"(0, 1, 4, 3, 5, 2)",86
273,False,0.3450882420604583,1.973965951804118,"(2, 1, 3, 4, 5, 0)",87
118,False,0.3450882420604584,1.9739659518041182,"(0, 5, 4, 3, 1, 2)",88
134,False,0.34430259217725984,1.9739759902951115,"(1, 0, 4, 3, 2, 5)",89
13,False,0.3450742504633519,1.9739762917660741,"(0, 1, 4, 2, 5, 3)",90
289,False,0.34556984755102604,1.9739922427660541,"(2, 3, 0, 1, 5, 4)",91
152,False,0.3439150691643456,1.9740166956560785,"(1, 2, 3, 4, 0, 5)",92
300,False,0.34442282070356833,1.9740176361638488,"(2, 3, 4, 0, 1, 5)",93
147,False,0.3455017434057457,1.9741830369508049,"(1, 2, 0, 4, 5, 3)",94
27,False,0.3458947426877655,1.974258454578443,"(0, 2, 1, 4, 5, 3)",95
246,False,0.3443896820418086,1.9745219508187069,"(2, 0, 3, 1, 4, 5)",96
119,False,0.3439449141402092,1.974808213442858,"(0, 5, 4, 3, 2, 1)",97
153,False,0.3439449141402092,1.974808213442858,"(1, 2, 3, 4, 5, 0)",98
49,False,0.34609240769040184,1.9749301484224162,"(0, 3, 1, 2, 5, 4)",99
174,False,0.3453558840098259,1.9753271499605327,"(1, 3, 2, 0, 4, 5)",100
31,False,0.34632850547252475,1.9755572171254379,"(0, 2, 3, 1, 5, 4)",101
243,False,0.3459391258867804,1.9755721567582478,"(2, 0, 1, 4, 5, 3)",102
328,False,0.34605838928278565,1.9756206557568885,"(2, 4, 3, 5, 0, 1)",103
141,False,0.34605838928278565,1.9756206557568885,"(1, 0, 5, 3, 4, 2)",104
335,False,0.34673807371568743,1.975733727628683,"(2, 4, 5, 3, 1, 0)",105
11,False,0.34673807371568743,1.975733727628683,"(0, 1, 3, 5, 4, 2)",106
129,False,0.34563024397863884,1.9757637207381593,"(1, 0, 3, 4, 5, 2)",107
358,False,0.34563024397863884,1.9757637207381595,"(2, 5, 4, 3, 0, 1)",108
140,False,0.3464501870429788,1.9758644042768394,"(1, 0, 5, 3, 2, 4)",109
91,False,0.34678240861255916,1.9759040006126007,"(0, 4, 5, 1, 3, 2)",110
299,False,0.3467824086125596,1.975904000612602,"(2, 3, 1, 5, 4, 0)",111
10,False,0.3463196380233981,1.9759774761486342,"(0, 1, 3, 5, 2, 4)",112
55,False,0.345842654332942,1.9760004295253233,"(0, 3, 2, 1, 5, 4)",113
90,False,0.34621051749783627,1.9760655237897198,"(0, 4, 5, 1, 2, 3)",114
352,False,0.34607183416951603,1.9760812102616958,"(2, 5, 3, 4, 0, 1)",115
135,False,0.34607183416951603,1.9760812102616958,"(1, 0, 4, 3, 5, 2)",116
326,False,0.3454970122934598,1.9761223593281034,"(2, 4, 3, 1, 0, 5)",117
133,False,0.3461406523142758,1.9761322555846192,"(1, 0, 4, 2, 5, 3)",118
275,False,0.3467145297238552,1.976551295705607,"(2, 1, 3, 5, 4, 0)",119
94,False,0.3467145297238553,1.9765512957056073,"(0, 4, 5, 3, 1, 2)",120
168,False,0.34527752660378197,1.9766789191250151,"(1, 3, 0, 2, 4, 5)",121
247,False,0.34646239372339416,1.9768709193052425,"(2, 0, 3, 1, 5, 4)",122
327,False,0.3467450955948155,1.9769138771148829,"(2, 4, 3, 1, 5, 0)",123
99,False,0.3467450955948155,1.976913877114883,"(0, 5, 1, 3, 4, 2)",124
221,False,0.345780850150916,1.9769651177691732,"(1, 5, 0, 4, 3, 2)",125
301,False,0.345780850150916,1.9769651177691732,"(2, 3, 4, 0, 5, 1)",126
217,False,0.3465810214134599,1.9770156388538442,"(1, 5, 0, 2, 4, 3)",127
283,False,0.3464522381784565,1.977078626276629,"(2, 1, 5, 0, 4, 3)",128
216,False,0.34624177799484,1.9770978641966774,"(1, 5, 0, 2, 3, 4)",129
220,False,0.346072516176024,1.977126640946291,"(1, 5, 0, 4, 2, 3)",130
98,False,0.34629070621341435,1.977157625634833,"(0, 5, 1, 3, 2, 4)",131
282,False,0.3470549352451202,1.9771608516194619,"(2, 1, 5, 0, 3, 4)",132
290,False,0.34529954565344473,1.9773569529570958,"(2, 3, 0, 4, 1, 5)",133
95,False,0.34669633840811886,1.9773935573443473,"(0, 4, 5, 3, 2, 1)",134
155,False,0.34669633840811886,1.9773935573443473,"(1, 2, 3, 5, 4, 0)",135
50,False,0.34497450808121355,1.9774381499553653,"(0, 3, 1, 4, 2, 5)",136
298,False,0.34662041986441333,1.9774614513123585,"(2, 3, 1, 5, 0, 4)",137
77,False,0.3470760586438654,1.97757325930062,"(0, 4, 1, 5, 3, 2)",138
309,False,0.34707605864386587,1.977573259300621,"(2, 3, 5, 1, 4, 0)",139
175,False,0.3466160432010544,1.9776761184470684,"(1, 3, 2, 0, 5, 4)",140
76,False,0.34660386147547834,1.9777347824777378,"(0, 4, 1, 5, 2, 3)",141
72,False,0.34597313907743327,1.9777440777003994,"(0, 4, 1, 2, 3, 5)",142
74,False,0.34624102457399647,1.9778545555545946,"(0, 4, 1, 3, 2, 5)",143
334,False,0.3471274569620323,1.977889691447228,"(2, 4, 5, 3, 0, 1)",144
131,False,0.3471274569620324,1.9778896914472281,"(1, 0, 3, 5, 4, 2)",145
278,False,0.3459626533778785,1.977901580302917,"(2, 1, 4, 3, 0, 5)",146
163,False,0.34721574423338564,1.9779208879153687,"(1, 2, 5, 0, 4, 3)",147
103,False,0.3467636484699561,1.9779252700201533,"(0, 5, 2, 1, 4, 3)",148
162,False,0.3470427575159232,1.978003113258202,"(1, 2, 5, 0, 3, 4)",149
102,False,0.34708426037997436,1.9780074953629854,"(0, 5, 2, 1, 3, 4)",150
274,False,0.34731036749740696,1.9781087464053637,"(2, 1, 3, 5, 0, 4)",151
130,False,0.34707864488002826,1.9781334399671793,"(1, 0, 3, 5, 2, 4)",152
324,False,0.34652195544839137,1.978530123093476,"(2, 4, 3, 0, 1, 5)",153
176,False,0.3459465321593328,1.9786330648727364,"(1, 3, 2, 4, 0, 5)",154
60,False,0.34638191349962777,1.9786702931121953,"(0, 3, 4, 1, 2, 5)",155
279,False,0.34709554201725934,1.9786930980896962,"(2, 1, 4, 3, 5, 0)",156
112,False,0.34709554201725945,1.9786930980896966,"(0, 5, 3, 4, 1, 2)",157
158,False,0.346482695508543,1.978743841941657,"(1, 2, 4, 3, 0, 5)",158
116,False,0.347017694445307,1.9787438441978942,"(0, 5, 4, 2, 1, 3)",159
84,False,0.34676627496603174,1.9787692091878888,"(0, 4, 3, 1, 2, 5)",160
343,False,0.3471629862212259,1.9788178474041822,"(2, 5, 1, 0, 4, 3)",161
342,False,0.3473643328531962,1.9789000727470154,"(2, 5, 1, 0, 3, 4)",162
32,False,0.346325346517948,1.978921927316479,"(0, 2, 3, 4, 1, 5)",163
154,False,0.34720053281240315,1.9789510080441035,"(1, 2, 3, 5, 0, 4)",164
169,False,0.3469459701080735,1.979027887611551,"(1, 3, 0, 2, 5, 4)",165
287,False,0.34702475412565664,1.9790362919512265,"(2, 1, 5, 4, 3, 0)",166
64,False,0.34702475412565664,1.9790362919512265,"(0, 3, 4, 5, 1, 2)",167
308,False,0.3477767715765407,1.9791307100003774,"(2, 3, 5, 1, 0, 4)",168
285,False,0.3478893217791072,1.9791352080269198,"(2, 1, 5, 3, 4, 0)",169
88,False,0.3478893217791072,1.9791352080269198,"(0, 4, 3, 5, 1, 2)",170
276,False,0.3463734865550261,1.979342157556003,"(2, 1, 4, 0, 3, 5)",171
56,False,0.34674139556482797,1.9793651397163645,"(0, 3, 2, 4, 1, 5)",172
177,False,0.34695451230011165,1.979424582659516,"(1, 3, 2, 4, 5, 0)",173
117,False,0.34695451230011176,1.9794245826595163,"(0, 5, 4, 2, 3, 1)",174
62,False,0.34699910078324664,1.9795270017702873,"(0, 3, 4, 2, 1, 5)",175
159,False,0.3469631867732937,1.9795353597284362,"(1, 2, 4, 3, 5, 0)",176
113,False,0.3469631867732937,1.9795353597284362,"(0, 5, 3, 4, 2, 1)",177
357,False,0.3473298629363082,1.97954336992195,"(2, 5, 4, 1, 3, 0)",178
51,False,0.3473298629363082,1.97954336992195,"(0, 3, 1, 4, 5, 2)",179
86,False,0.3456354635336354,1.9796259178459792,"(0, 4, 3, 2, 1, 5)",180
65,False,0.3473785006836483,1.9798785535899661,"(0, 3, 4, 5, 2, 1)",181
167,False,0.34737850068364834,1.9798785535899663,"(1, 2, 5, 4, 3, 0)",182
75,False,0.3474382543062556,1.9799597755211784,"(0, 4, 1, 3, 5, 2)",183
351,False,0.347438254306256,1.9799597755211797,"(2, 5, 3, 1, 4, 0)",184
43,False,0.34783874473084286,1.9799684854460635,"(0, 2, 5, 1, 4, 3)",185
89,False,0.34786094144752927,1.97997746966566,"(0, 4, 3, 5, 2, 1)",186
165,False,0.34786094144752927,1.97997746966566,"(1, 2, 5, 3, 4, 0)",187
73,False,0.3478523843919296,1.980010820844102,"(0, 4, 1, 2, 5, 3)",188
42,False,0.3479544871650082,1.980050710788897,"(0, 2, 5, 1, 3, 4)",189
156,False,0.34676090070914206,1.9801844191947429,"(1, 2, 4, 0, 3, 5)",190
248,False,0.3471936013316562,1.9802356294962837,"(2, 0, 3, 4, 1, 5)",191
291,False,0.3475966041877955,1.9803044345624197,"(2, 3, 0, 4, 5, 1)",192
235,False,0.3475966041877955,1.9803044345624197,"(1, 5, 4, 0, 3, 2)",193
234,False,0.34769166793415446,1.980465957739538,"(1, 5, 4, 0, 2, 3)",194
286,False,0.3480299003929153,1.9805115173081496,"(2, 1, 5, 4, 0, 3)",195
223,False,0.347535890867531,1.9805168177010137,"(1, 5, 2, 0, 4, 3)",196
222,False,0.3477594363026011,1.9805990430438474,"(1, 5, 2, 0, 3, 4)",197
284,False,0.34801631786348897,1.9806926587266762,"(2, 1, 5, 3, 0, 4)",198
347,False,0.3478469865043368,1.9807755130787796,"(2, 5, 1, 4, 3, 0)",199
61,False,0.3478469865043368,1.9807755130787796,"(0, 3, 4, 1, 5, 2)",200
337,False,0.3475695073524516,1.9807900273072374,"(2, 5, 0, 1, 4, 3)",201
336,False,0.3477362979013818,1.9808722526500722,"(2, 5, 0, 1, 3, 4)",202
345,False,0.347890457339888,1.9808744291544733,"(2, 5, 1, 3, 4, 0)",203
85,False,0.347890457339888,1.9808744291544733,"(0, 4, 3, 1, 5, 2)",204
356,False,0.34771455128638284,1.9810185952788713,"(2, 5, 4, 1, 0, 3)",205
281,False,0.34842755572387085,1.9811795259154923,"(2, 1, 4, 5, 3, 0)",206
70,False,0.34842755572387085,1.9811795259154923,"(0, 3, 5, 4, 1, 2)",207
259,False,0.348402051648268,1.9812821876258686,"(2, 0, 5, 1, 4, 3)",208
306,False,0.3482478994716753,1.9812984672609604,"(2, 3, 5, 0, 1, 4)",209
92,False,0.34848465091736336,1.981329188099382,"(0, 4, 5, 2, 1, 3)",210
166,False,0.34836256742065963,1.9813537789468896,"(1, 2, 5, 4, 0, 3)",211
258,False,0.34847178938137,1.9813644129687018,"(2, 0, 5, 1, 3, 4)",212
219,False,0.3479458597650126,1.9814776046988003,"(1, 5, 0, 3, 4, 2)",213
325,False,0.3479458597650127,1.9814776046988005,"(2, 4, 3, 0, 5, 1)",214
350,False,0.34831590689783026,1.9815172262209348,"(2, 5, 3, 1, 0, 4)",215
164,False,0.3483915211019356,1.981534920365416,"(1, 2, 5, 3, 0, 4)",216
170,False,0.34736500791779856,1.9815358891445,"(1, 3, 0, 4, 2, 5)",217
277,False,0.34800484864684195,1.9816089006997053,"(2, 1, 4, 0, 5, 3)",218
53,False,0.3485501349156438,1.9816693406310186,"(0, 3, 1, 5, 4, 2)",219
333,False,0.34855013491564385,1.9816693406310188,"(2, 4, 5, 1, 3, 0)",220
218,False,0.3481056170028501,1.9817213532187519,"(1, 5, 0, 3, 2, 4)",221
320,False,0.34669710074881277,1.9817667721395391,"(2, 4, 1, 3, 0, 5)",222
239,False,0.34703823827962105,1.9818694089218032,"(1, 5, 4, 3, 2, 0)",223
33,False,0.34703823827962105,1.9818694089218032,"(0, 2, 3, 4, 5, 1)",224
197,False,0.34839021563944483,1.981896980379749,"(1, 4, 0, 5, 3, 2)",225
307,False,0.34839021563944483,1.981896980379749,"(2, 3, 5, 0, 4, 1)",226
52,False,0.34873805723244244,1.9819130891509698,"(0, 3, 1, 5, 2, 4)",227
93,False,0.3484002869536096,1.9820099265610054,"(0, 4, 5, 2, 3, 1)",228
179,False,0.3484002869536096,1.9820099265610054,"(1, 3, 2, 5, 4, 0)",229
71,False,0.3484656077101173,1.982021787554232,"(0, 3, 5, 4, 2, 1)",230
161,False,0.34846560771011736,1.9820217875542323,"(1, 2, 4, 5, 3, 0)",231
292,False,0.3486049321669322,1.9820512588403305,"(2, 3, 0, 5, 1, 4)",232
196,False,0.3484876437546198,1.9820585035568667,"(1, 4, 0, 5, 2, 3)",233
192,False,0.34768340910877377,1.9820677987795288,"(1, 4, 0, 2, 3, 5)",234
194,False,0.34717773202039953,1.982178276633722,"(1, 4, 0, 3, 2, 5)",235
346,False,0.34709691127945763,1.9822507384357029,"(2, 5, 1, 4, 0, 3)",236
237,False,0.34840120271443703,1.9823126213216888,"(1, 5, 4, 2, 3, 0)",237
57,False,0.34840120271443703,1.9823126213216888,"(0, 3, 2, 4, 5, 1)",238
344,False,0.3484962941360169,1.9824318798542295,"(2, 5, 1, 3, 0, 4)",239
157,False,0.3482531856448991,1.9824511623384453,"(1, 2, 4, 0, 5, 3)",240
36,False,0.3469775397744207,1.982455400360503,"(0, 2, 4, 1, 3, 5)",241
63,False,0.34829964899843896,1.9824744833756118,"(0, 3, 4, 2, 5, 1)",242
227,False,0.34829964899843896,1.9824744833756118,"(1, 5, 2, 4, 3, 0)",243
321,False,0.3479892789740235,1.9825582899263183,"(2, 4, 1, 3, 5, 0)",244
109,False,0.3479892789740235,1.9825582899263183,"(0, 5, 3, 1, 4, 2)",245
87,False,0.34805041923380564,1.982573399451304,"(0, 4, 3, 2, 5, 1)",246
225,False,0.3480504192338061,1.9825733994513053,"(1, 5, 2, 3, 4, 0)",247
211,False,0.3483032760355954,1.982649771959118,"(1, 4, 5, 0, 3, 2)",248
293,False,0.34830327603559585,1.9826497719591194,"(2, 3, 0, 5, 4, 1)",249
280,False,0.3483782888216532,1.9826547512724153,"(2, 1, 4, 5, 0, 3)",250
108,False,0.3485883845647426,1.98280203844627,"(0, 5, 3, 1, 2, 4)",251
210,False,0.34862209720757426,1.9828112951362376,"(1, 4, 5, 0, 2, 3)",252
354,False,0.3485773561796573,1.9829603706494623,"(2, 5, 4, 0, 1, 3)",253
78,False,0.3481735698873065,1.9829975288360806,"(0, 4, 2, 1, 3, 5)",254
332,False,0.34908764720481,1.9831445659879414,"(2, 4, 5, 1, 0, 3)",255
249,False,0.3481540884993276,1.983183111101608,"(2, 0, 3, 4, 5, 1)",256
238,False,0.3481540884993276,1.9831831111016083,"(1, 5, 4, 3, 0, 2)",257
182,False,0.3479283762184543,1.983189157097106,"(1, 3, 4, 2, 0, 5)",258
318,False,0.34798703904176864,1.9832073493926248,"(2, 4, 1, 0, 3, 5)",259
106,False,0.34800041637592705,1.983299936422262,"(0, 5, 2, 4, 1, 3)",260
38,False,0.3483381206343535,1.9834225868727897,"(0, 2, 4, 3, 1, 5)",261
160,False,0.3487826063323554,1.983497012911155,"(1, 2, 4, 5, 0, 3)",262
206,False,0.34755171235852406,1.9835140550627925,"(1, 4, 3, 2, 0, 5)",263
178,False,0.3490536403181503,1.9835673772607618,"(1, 3, 2, 5, 0, 4)",264
34,False,0.3493866744513647,1.983616233199714,"(0, 2, 3, 5, 1, 4)",265
355,False,0.34867274799168724,1.9836411091110846,"(2, 5, 4, 0, 3, 1)",266
171,False,0.34867274799168724,1.9836411091110846,"(1, 3, 0, 4, 5, 2)",267
348,False,0.348734625871929,1.9836849834815187,"(2, 5, 3, 0, 1, 4)",268
200,False,0.3480564546971109,1.9836851091240015,"(1, 4, 2, 3, 0, 5)",269
104,False,0.34887019554189963,1.983707059730782,"(0, 5, 2, 3, 1, 4)",270
252,False,0.34839607342611373,1.9837691025403081,"(2, 0, 4, 1, 3, 5)",271
236,False,0.34895423161545464,1.9837878466786105,"(1, 5, 4, 2, 0, 3)",272
110,False,0.348480816082862,1.983878113791992,"(0, 5, 3, 2, 1, 4)",273
226,False,0.34887344991667246,1.9839497087325346,"(1, 5, 2, 4, 0, 3)",274
80,False,0.3478806788752179,1.9839647153483673,"(0, 4, 2, 3, 1, 5)",275
107,False,0.34885621974069425,1.9839806748838844,"(0, 5, 2, 4, 3, 1)",276
183,False,0.34885621974069464,1.9839806748838857,"(1, 3, 4, 2, 5, 0)",277
58,False,0.34900629409163575,1.9840594455995997,"(0, 3, 2, 5, 1, 4)",278
224,False,0.3488299170399052,1.9841308501510613,"(1, 5, 2, 3, 0, 4)",279
35,False,0.34934700520470907,1.9842147463185027,"(0, 2, 3, 5, 4, 1)",280
215,False,0.34934700520470907,1.984214746318503,"(1, 4, 5, 3, 2, 0)",281
349,False,0.348424438878152,1.9842834966003073,"(2, 5, 3, 0, 4, 1)",282
195,False,0.3484244388781521,1.9842834966003076,"(1, 4, 0, 3, 5, 2)",283
105,False,0.3482295144307121,1.9843055728495709,"(0, 5, 2, 3, 4, 1)",284
207,False,0.34822951443071254,1.9843055728495722,"(1, 4, 3, 2, 5, 0)",285
193,False,0.34882359651988015,1.9843345419232308,"(1, 4, 0, 2, 5, 3)",286
201,False,0.3490081608312071,1.984476626910781,"(1, 4, 2, 3, 5, 0)",287
111,False,0.34900816083120717,1.9844766269107812,"(0, 5, 3, 2, 4, 1)",288
213,False,0.349258662505008,1.984657958718387,"(1, 4, 5, 2, 3, 0)",289
59,False,0.3492586625050084,1.9846579587183883,"(0, 3, 2, 5, 4, 1)",290
37,False,0.3494467809102539,1.9847221435042053,"(0, 2, 4, 1, 5, 3)",291
254,False,0.34805655742787334,1.9847362890525946,"(2, 0, 4, 3, 1, 5)",292
180,False,0.34825014977487084,1.9847402122043871,"(1, 3, 4, 0, 2, 5)",293
250,False,0.3494485523098631,1.984929935379519,"(2, 0, 3, 5, 1, 4)",294
67,False,0.34953040671101,1.9850447177521144,"(0, 3, 5, 1, 4, 2)",295
323,False,0.34953040671101,1.9850447177521144,"(2, 4, 1, 5, 3, 0)",296
204,False,0.3484876346846386,1.9850651101700736,"(1, 4, 3, 0, 2, 5)",297
330,False,0.3490466218116598,1.9850863413585311,"(2, 4, 5, 0, 1, 3)",298
198,False,0.3482637486568994,1.9851256863770879,"(1, 4, 2, 0, 3, 5)",299
79,False,0.3490267773630234,1.9852642719797833,"(0, 4, 2, 1, 5, 3)",300
66,False,0.3496894452073372,1.9852884662720656,"(0, 3, 5, 1, 2, 4)",301
46,False,0.34971998828667145,1.9853431518481737,"(0, 2, 5, 4, 1, 3)",302
312,False,0.3485002448066602,1.985402912930747,"(2, 4, 0, 1, 3, 5)",303
319,False,0.34941111211969333,1.9854740925363272,"(2, 4, 1, 0, 5, 3)",304
251,False,0.34960074897729937,1.9855284484983076,"(2, 0, 3, 5, 4, 1)",305
214,False,0.3496007489772994,1.9855284484983078,"(1, 4, 5, 3, 0, 2)",306
44,False,0.3496994604608885,1.9857502751566938,"(0, 2, 5, 3, 1, 4)",307
331,False,0.34966012797368956,1.9857670798201528,"(2, 4, 5, 0, 3, 1)",308
173,False,0.34966012797368967,1.9857670798201532,"(1, 3, 0, 5, 4, 2)",309
172,False,0.34964535650226053,1.9860108283401046,"(1, 3, 0, 5, 2, 4)",310
47,False,0.3494665176720442,1.986023890309796,"(0, 2, 5, 4, 3, 1)",311
185,False,0.3494665176720442,1.986023890309796,"(1, 3, 4, 5, 2, 0)",312
253,False,0.34927033934343066,1.9860358456840101,"(2, 0, 4, 1, 5, 3)",313
212,False,0.34979445423212663,1.98613318407531,"(1, 4, 5, 2, 0, 3)",314
340,False,0.3493745929054836,1.9861646937093491,"(2, 5, 0, 4, 1, 3)",315
45,False,0.350011019393053,1.9863487882754822,"(0, 2, 5, 3, 4, 1)",316
209,False,0.350011019393053,1.9863487882754822,"(1, 4, 3, 5, 2, 0)",317
68,False,0.3500580110032556,1.986364541617788,"(0, 3, 5, 2, 1, 4)",318
233,False,0.3493983107220492,1.9863700684781138,"(1, 5, 3, 4, 2, 0)",319
39,False,0.3493983107220492,1.9863700684781138,"(0, 2, 4, 3, 5, 1)",320
314,False,0.34919316428573205,1.9863700994430336,"(2, 4, 0, 3, 1, 5)",321
322,False,0.3499284648746002,1.986519943109037,"(2, 4, 1, 5, 0, 3)",322
338,False,0.34922585161924347,1.9865718170178692,"(2, 5, 0, 3, 1, 4)",323
262,False,0.3500860817688989,1.986656854027979,"(2, 0, 5, 4, 1, 3)",324
181,False,0.3497337885981322,1.9868454321709716,"(1, 3, 4, 0, 5, 2)",325
341,False,0.3497337885981322,1.9868454321709716,"(2, 5, 0, 4, 3, 1)",326
81,False,0.3499859286568095,1.9869121969536918,"(0, 4, 2, 3, 5, 1)",327
231,False,0.3499859286568099,1.9869121969536931,"(1, 5, 3, 2, 4, 0)",328
69,False,0.3494572206007015,1.9869630547365769,"(0, 3, 5, 2, 4, 1)",329
203,False,0.3494572206007015,1.9869630547365769,"(1, 4, 2, 5, 3, 0)",330
260,False,0.34999748186883045,1.9870639773364986,"(2, 0, 5, 3, 1, 4)",331
339,False,0.3496785205799886,1.9871703301366568,"(2, 5, 0, 3, 4, 1)",332
205,False,0.34967852057998894,1.987170330136658,"(1, 4, 3, 0, 5, 2)",333
184,False,0.34947298524506476,1.987337592489601,"(1, 3, 4, 5, 0, 2)",334
263,False,0.34947298524506476,1.987337592489601,"(2, 0, 5, 4, 3, 1)",335
199,False,0.34970282611948295,1.98739242952079,"(1, 4, 2, 0, 5, 3)",336
261,False,0.35038510053924665,1.9876624904552873,"(2, 0, 5, 3, 4, 1)",337
208,False,0.35038510053924665,1.9876624904552873,"(1, 4, 3, 5, 0, 2)",338
313,False,0.3502583544490256,1.9876696560744493,"(2, 4, 0, 1, 5, 3)",339
255,False,0.35020475456259,1.9876837706579191,"(2, 0, 4, 3, 5, 1)",340
232,False,0.35020475456259,1.9876837706579191,"(1, 5, 3, 4, 0, 2)",341
40,False,0.3502853047885538,1.9877097694475048,"(0, 2, 4, 5, 1, 3)",342
82,False,0.35092668247883463,1.9882518979230828,"(0, 4, 2, 5, 1, 3)",343
41,False,0.35080657618259375,1.9883905079091269,"(0, 2, 4, 5, 3, 1)",344
191,False,0.35080657618259375,1.9883905079091269,"(1, 3, 5, 4, 2, 0)",345
202,False,0.35020301691908695,1.9884382800934985,"(1, 4, 2, 5, 0, 3)",346
230,False,0.35023507062262993,1.988469647653448,"(1, 5, 3, 2, 0, 4)",347
189,False,0.35032969865586217,1.9889326363847046,"(1, 3, 5, 2, 4, 0)",348
83,False,0.35032969865586217,1.9889326363847046,"(0, 4, 2, 5, 3, 1)",349
256,False,0.35101917162025664,1.9890234716273099,"(2, 0, 4, 5, 1, 3)",350
229,False,0.35005292682157246,1.9893175810483583,"(1, 5, 3, 0, 4, 2)",351
315,False,0.35005292682157246,1.9893175810483583,"(2, 4, 0, 3, 5, 1)",352
228,False,0.35082186201267224,1.9895613295683081,"(1, 5, 3, 0, 2, 4)",353
190,False,0.3509134594065988,1.9897042100889317,"(1, 3, 5, 4, 0, 2)",354
257,False,0.3509134594065988,1.9897042100889317,"(2, 0, 4, 5, 3, 1)",355
188,False,0.3514908180297124,1.9904900870844608,"(1, 3, 5, 2, 0, 4)",356
316,False,0.3508284282254054,1.990657282017749,"(2, 4, 0, 5, 1, 3)",357
187,False,0.35156415934081,1.9913380204793698,"(1, 3, 5, 0, 4, 2)",358
317,False,0.3515641593408104,1.9913380204793711,"(2, 4, 0, 5, 3, 1)",359
186,False,0.3509097121436129,1.9915817689993225,"(1, 3, 5, 0, 2, 4)",360
419,False,0.3698431638278448,2.049822393043436,general_59,361
655,False,0.3698591725646338,2.0498444828241755,general_295,362
651,False,0.36985199096150856,2.0499133744962448,general_291,363
714,False,0.36985155588487667,2.04991828368601,general_354,364
613,False,0.3698859743188144,2.049919870887554,general_253,365
542,False,0.369883641299453,2.0499322281486525,general_182,366
516,False,0.369899173301445,2.0499771881691555,general_156,367
453,False,0.3699051378023557,2.0499852203029194,general_93,368
383,False,0.3698940564507454,2.0499903336933807,general_23,369
652,False,0.36989645422691025,2.0499910642618002,general_292,370
573,False,0.3698870662436736,2.050000624932853,general_213,371
420,False,0.3699100487373118,2.050020470098194,general_60,372
477,False,0.3699117914071107,2.0500498172162547,general_117,373
566,False,0.36990183755475914,2.0500509345955455,general_206,374
549,False,0.36992452654703767,2.0500556003124375,general_189,375
361,False,0.3699020336776151,2.0500556275301673,general_1,376
392,False,0.3698956756814647,2.0500627442871364,general_32,377
484,False,0.3699089279487106,2.050071061324528,general_124,378
401,False,0.36993748691513073,2.0500806000442138,general_41,379
631,False,0.3699093366815243,2.0500816316173998,general_271,380
470,False,0.3699217183744682,2.0500821125112,general_110,381
479,False,0.36990671855111124,2.0500843361225476,general_119,382
515,False,0.36994773711492895,2.050086211030066,general_155,383
624,False,0.36991815224677216,2.050088273277366,general_264,384
683,False,0.3699281167893739,2.05010639948114,general_323,385
639,False,0.3699114630499941,2.0501087928730186,general_279,386
623,False,0.36991397919434293,2.050113396159312,general_263,387
594,False,0.36990544748424997,2.050114911356485,general_234,388
564,False,0.36995619595355744,2.050119129342759,general_204,389
693,False,0.36993182083864873,2.0501269199280747,general_333,390
442,False,0.36992732756832797,2.0501278842733965,general_82,391
441,False,0.3699296114951033,2.0501329979228102,general_81,392
447,False,0.3699262200066332,2.0501397141899136,general_87,393
364,False,0.3699166908330365,2.0501435816929803,general_4,394
465,False,0.36991430306776957,2.050144181132872,general_105,395
543,False,0.36992884708643464,2.0501444582196946,general_183,396
647,False,0.3699430583493544,2.0501456691398228,general_287,397
521,False,0.369935320931319,2.0501484105689762,general_161,398
607,False,0.36993910521004014,2.0501498631368493,general_247,399
556,False,0.3699455833685731,2.05015410298133,general_196,400
540,False,0.36993018420100776,2.0501546056909943,general_180,401
478,False,0.3699273644227646,2.0501606868996696,general_118,402
677,False,0.36994106545634414,2.0501642474228112,general_317,403
717,False,0.3699531255568264,2.0501651275812662,general_357,404
417,False,0.3699496077783113,2.0501739860622443,general_57,405
662,False,0.36994957851672383,2.050182936036207,general_302,406
449,False,0.36991782774026816,2.050187339689715,general_89,407
673,False,0.36995540158729745,2.05019138407775,general_313,408
579,False,0.3699399171402492,2.0501929961000593,general_219,409
527,False,0.36994506781820335,2.05019621741813,general_167,410
627,False,0.36993548300100715,2.0501975207513183,general_267,411
644,False,0.3699458790848882,2.050199264501888,general_284,412
402,False,0.3699418698518916,2.050202457433628,general_42,413
602,False,0.3699758058723739,2.0502042602914363,general_242,414
496,False,0.369953220037597,2.050204829766632,general_136,415
495,False,0.36996354573123325,2.050215876921458,general_135,416
431,False,0.3699418077352743,2.050216929883188,general_71,417
706,False,0.36994671855573147,2.050217727191238,general_346,418
633,False,0.3699317124323991,2.050217865553038,general_273,419
575,False,0.3699609830454798,2.05021945771798,general_215,420
506,False,0.36995367053468065,2.0502209844495214,general_146,421
650,False,0.36995592943455924,2.0502275206353815,general_290,422
551,False,0.3699609942507206,2.0502289455395104,general_191,423
638,False,0.3699678289570805,2.05023165948882,general_278,424
460,False,0.3699709695463057,2.050232057945224,general_100,425
438,False,0.3699489865803635,2.050234359062366,general_78,426
500,False,0.36995227090974714,2.05023638397581,general_140,427
559,False,0.3699713842178534,2.0502386041973635,general_199,428
514,False,0.36998995713245086,2.0502500557610803,general_154,429
446,False,0.3699516703384314,2.0502546638888886,general_86,430
435,False,0.3699513630755965,2.05025721021073,general_75,431
507,False,0.36995916413246377,2.050257313513983,general_147,432
367,False,0.36995909179814723,2.050257453667549,general_7,433
363,False,0.3699756438755659,2.0502576176795317,general_3,434
414,False,0.3699852935983349,2.0502596100246575,general_54,435
544,False,0.3699509320798792,2.050259724323246,general_184,436
530,False,0.3699664993742525,2.0502600892073493,general_170,437
486,False,0.36998748370529744,2.0502632330461337,general_126,438
381,False,0.36994412346342953,2.0502666001575145,general_21,439
445,False,0.3699463955339355,2.050271975906083,general_85,440
502,False,0.3699615158923108,2.05027604061676,general_142,441
618,False,0.3699678304398082,2.0502775862924314,general_258,442
558,False,0.3699851254066694,2.050278298175499,general_198,443
464,False,0.3699684225687885,2.050279508149209,general_104,444
436,False,0.36999638218760766,2.050280365966426,general_76,445
563,False,0.3699932576070988,2.0502814826791993,general_203,446
395,False,0.3700081370567465,2.0502831090670144,general_35,447
632,False,0.36998130713856653,2.050284438341447,general_272,448
462,False,0.36997363445295656,2.050284674352139,general_102,449
443,False,0.36997011765476395,2.050284757075997,general_83,450
691,False,0.36997653920447027,2.050287267838402,general_331,451
380,False,0.3699687157828908,2.0502879573262036,general_20,452
576,False,0.3699671950754625,2.0502884318595846,general_216,453
611,False,0.3699780369876565,2.0502919608924883,general_251,454
455,False,0.36997750449233596,2.0502926394082914,general_95,455
531,False,0.3699871676689955,2.050293794769793,general_171,456
379,False,0.36998394732615375,2.0502950912483224,general_19,457
489,False,0.36998205866969863,2.0502955582454963,general_129,458
692,False,0.36998093434248897,2.0502964753957498,general_332,459
578,False,0.36998915654118975,2.0502982676588273,general_218,460
404,False,0.3699837760240244,2.050299377310395,general_44,461
481,False,0.36998089834343845,2.050301032963307,general_121,462
690,False,0.3699691339487443,2.050308615420942,general_330,463
668,False,0.3699903086708848,2.0503090764981877,general_308,464
635,False,0.3699863535665738,2.0503119512029806,general_275,465
646,False,0.37000591693873797,2.0503128397421033,general_286,466
454,False,0.36999281348601654,2.050316310103021,general_94,467
581,False,0.3699771284247694,2.0503179261700826,general_221,468
452,False,0.36999405045951156,2.0503201096308947,general_92,469
482,False,0.369991013361911,2.0503212266378026,general_122,470
593,False,0.3700013276018739,2.050324911849623,general_233,471
601,False,0.3699626527651197,2.05032744646895,general_241,472
457,False,0.3699975629875706,2.050327900795393,general_97,473
523,False,0.36998950732485575,2.0503283648733226,general_163,474
529,False,0.36998881553192287,2.050329797728445,general_169,475
694,False,0.36998203994777723,2.0503302290794143,general_334,476
366,False,0.3699975305105583,2.050331271012203,general_6,477
583,False,0.3699991453643353,2.050331401192979,general_223,478
393,False,0.3699904826773187,2.050331484027351,general_33,479
369,False,0.3699868322631559,2.05033259238317,general_9,480
400,False,0.3699822214394857,2.0503343745595197,general_40,481
501,False,0.36998134148775125,2.050336112138653,general_141,482
391,False,0.3699910301802372,2.0503383328687463,general_31,483
712,False,0.36999499739432434,2.0503385191430805,general_352,484
670,False,0.36997752767900205,2.0503394039636627,general_310,485
608,False,0.36996817521708003,2.0503405585581334,general_248,486
704,False,0.3699788362581842,2.0503410749600484,general_344,487
385,False,0.369969566465368,2.050341398180751,general_25,488
626,False,0.3699849402727135,2.0503434239550113,general_266,489
448,False,0.37000099563686756,2.0503448685598,general_88,490
397,False,0.37000306452824144,2.0503448839400384,general_37,491
637,False,0.3699877352375318,2.0503452715696855,general_277,492
641,False,0.3699847994988359,2.050345547174166,general_281,493
537,False,0.3699796693397057,2.0503465814387907,general_177,494
427,False,0.3699852736278991,2.050347468057131,general_67,495
678,False,0.37000801443452264,2.050349145323921,general_318,496
682,False,0.3699954134646533,2.050349971164855,general_322,497
410,False,0.36999026585592953,2.050350390642312,general_50,498
388,False,0.3700103568155128,2.0503527237786034,general_28,499
488,False,0.369993184178062,2.0503546659429492,general_128,500
494,False,0.36997931592748035,2.0503561107104984,general_134,501
440,False,0.3699869219120524,2.0503576364856264,general_80,502
656,False,0.3699874729599786,2.050359409414269,general_296,503
548,False,0.370018938588664,2.0503594996329157,general_188,504
418,False,0.3700159000071406,2.05035976928507,general_58,505
619,False,0.37001534337575454,2.0503599717613348,general_259,506
511,False,0.37004050164326485,2.050361416905419,general_151,507
610,False,0.3700012037049512,2.0503645573959632,general_250,508
554,False,0.3700257755160643,2.0503692082116327,general_194,509
609,False,0.3700054650440928,2.0503716436084165,general_249,510
606,False,0.3700185579106004,2.050372341272113,general_246,511
485,False,0.3699982834270399,2.0503746142721617,general_125,512
510,False,0.3699899885946064,2.050375119553854,general_150,513
553,False,0.36999885001879484,2.0503766414239246,general_193,514
467,False,0.36998931939522084,2.0503792714691955,general_107,515
614,False,0.3699821570537041,2.050382195390194,general_254,516
504,False,0.3700010748878584,2.0503822832476084,general_144,517
634,False,0.36999528843207896,2.050383505408669,general_274,518
433,False,0.3699908505813612,2.0503837014346953,general_73,519
620,False,0.3700131799022176,2.050384229560983,general_260,520
689,False,0.370018077609756,2.050385391653636,general_329,521
469,False,0.3700077509870963,2.050387271049632,general_109,522
709,False,0.36999307721829,2.050387284317777,general_349,523
424,False,0.37001529219031926,2.0503873567388093,general_64,524
362,False,0.36999179475913435,2.050388620197288,general_2,525
439,False,0.3699970108267262,2.0503906643738006,general_79,526
710,False,0.3700137008603649,2.0503910014237343,general_350,527
476,False,0.3700047723585086,2.0503915515411135,general_116,528
498,False,0.3699963479942592,2.050391622178594,general_138,529
428,False,0.370014917926572,2.050393001566781,general_68,530
561,False,0.37000846290177614,2.0503930859656414,general_201,531
534,False,0.370004890494932,2.05039359049473,general_174,532
560,False,0.36999627360538917,2.0503939438440657,general_200,533
705,False,0.3700056069318059,2.0503956450229976,general_345,534
518,False,0.3700137201209761,2.0503964721116823,general_158,535
596,False,0.37000309810749077,2.050404344703527,general_236,536
589,False,0.3700080624382377,2.0504098059879183,general_229,537
509,False,0.370018029947354,2.050411200222894,general_149,538
459,False,0.3699916843450045,2.05041258196108,general_99,539
597,False,0.36999916693351514,2.0504157010491855,general_237,540
425,False,0.37002140245706805,2.0504178528575663,general_65,541
658,False,0.3700030841582702,2.050419178582442,general_298,542
503,False,0.37001181380993,2.0504197250497738,general_143,543
672,False,0.370029793347795,2.0504223992630726,general_312,544
426,False,0.3699957689783964,2.0504246932387225,general_66,545
483,False,0.37001718934533906,2.050424906348733,general_123,546
648,False,0.37000022707743996,2.0504249644583026,general_288,547
666,False,0.3700081971197272,2.0504255844956654,general_306,548
375,False,0.3699986727868695,2.0504259773708426,general_15,549
370,False,0.37002890316585313,2.050426266667939,general_10,550
450,False,0.37000092299499066,2.0504288249752873,general_90,551
654,False,0.3699933457899642,2.0504309129647282,general_294,552
473,False,0.3700026803339556,2.0504313730212536,general_113,553
458,False,0.3700375651399832,2.050431796863357,general_98,554
444,False,0.37001967857621665,2.0504342736710703,general_84,555
686,False,0.3700287582246884,2.0504343276973582,general_326,556
567,False,0.37000054993737597,2.0504368720685857,general_207,557
490,False,0.37004143072658663,2.0504369145310393,general_130,558
555,False,0.370026516426728,2.050438434588128,general_195,559
562,False,0.37002969495404636,2.0504388813331,general_202,560
674,False,0.3700107010327011,2.0504430637494133,general_314,561
409,False,0.3700131507972507,2.0504433712306493,general_49,562
590,False,0.37000607499190763,2.0504434945622725,general_230,563
390,False,0.37000150620588335,2.050444867551499,general_30,564
625,False,0.3700267517864206,2.0504459031664997,general_265,565
684,False,0.3700227632549475,2.050447302744623,general_324,566
374,False,0.370025560536031,2.050447841037524,general_14,567
536,False,0.3700147821409467,2.0504489673642166,general_176,568
719,False,0.3700058406710326,2.0504501528581764,general_359,569
499,False,0.3700133187473692,2.050452039385117,general_139,570
580,False,0.36999790134574617,2.0504543062717637,general_220,571
416,False,0.37003270643195374,2.050455725608816,general_56,572
451,False,0.3700164238190322,2.0504561179135172,general_91,573
659,False,0.37004001962867916,2.0504592014190117,general_299,574
569,False,0.3700343588127211,2.0504600142737273,general_209,575
513,False,0.37001475654930716,2.0504613027697642,general_153,576
680,False,0.3700186478511806,2.050462027302589,general_320,577
605,False,0.3700431012273069,2.050466393121443,general_245,578
598,False,0.37000842582120075,2.050467850478441,general_238,579
491,False,0.370028192825174,2.0504719532376106,general_131,580
688,False,0.3700260588490543,2.05047250285012,general_328,581
468,False,0.37003303139782057,2.0504742574029717,general_108,582
403,False,0.3700260415882222,2.0504754311112863,general_43,583
541,False,0.3700093894089499,2.0504800418549736,general_181,584
474,False,0.37002015433357427,2.0504806825238293,general_114,585
522,False,0.3700182241549407,2.0504807526184337,general_162,586
663,False,0.37001501897014993,2.050481602552521,general_303,587
615,False,0.3700303726304416,2.0504826356705044,general_255,588
653,False,0.3700477674593974,2.0504838269045593,general_293,589
612,False,0.37000710311633345,2.0504860940301635,general_252,590
718,False,0.37001210965698383,2.050487942730084,general_358,591
550,False,0.3700415055617863,2.0504881919260924,general_190,592
508,False,0.3700338573121621,2.050500119613254,general_148,593
572,False,0.37004518149176624,2.050501699888259,general_212,594
661,False,0.3700378168308861,2.050503548915556,general_301,595
695,False,0.37003157770033546,2.0505036467971482,general_335,596
681,False,0.3700258202045942,2.050504263674113,general_321,597
532,False,0.3700435671952076,2.05050435481288,general_172,598
520,False,0.3700237415883506,2.050505295448898,general_160,599
599,False,0.3700255955551844,2.050505440978907,general_239,600
557,False,0.37003645090773,2.050509470722135,general_197,601
535,False,0.37005284657866844,2.0505146156862897,general_175,602
517,False,0.3700338789949243,2.050517471159572,general_157,603
505,False,0.37004536265898597,2.0505179779497595,general_145,604
702,False,0.3700841137461477,2.0505180661792854,general_342,605
539,False,0.3700214835814607,2.050518630886749,general_179,606
394,False,0.37003722324127886,2.0505193110318056,general_34,607
475,False,0.37003242551987725,2.0505196458949815,general_115,608
533,False,0.37004765344760326,2.050521263304853,general_173,609
471,False,0.37005185958147147,2.0505236802859104,general_111,610
685,False,0.3700399202598781,2.0505241175284694,general_325,611
568,False,0.3700325772816863,2.050525010144619,general_208,612
525,False,0.3700259316611304,2.050528754390455,general_165,613
582,False,0.3700618386753596,2.0505316976049617,general_222,614
545,False,0.37005510603552016,2.0505344281584206,general_185,615
622,False,0.3700477110404845,2.0505357872391503,general_262,616
604,False,0.370071978666122,2.0505359253509106,general_244,617
373,False,0.3700361059245808,2.050536141487734,general_13,618
382,False,0.37004320623389403,2.0505366507243536,general_22,619
437,False,0.3700633102434768,2.0505375645258086,general_77,620
715,False,0.37003416132338396,2.0505389574798314,general_355,621
407,False,0.3700683840733985,2.0505401085435055,general_47,622
429,False,0.37004855406799503,2.050541632699471,general_69,623
434,False,0.37004862831321744,2.0505422769803188,general_74,624
707,False,0.3700386439738985,2.050542610784523,general_347,625
413,False,0.37003379491318317,2.050542722661489,general_53,626
408,False,0.3700384370275585,2.0505436923174774,general_48,627
512,False,0.3700540490260969,2.0505488320876157,general_152,628
701,False,0.37007656570703895,2.050551289128528,general_341,629
697,False,0.37005863704987146,2.0505520549462606,general_337,630
660,False,0.3700590182931443,2.0505520683409992,general_300,631
696,False,0.37006518841191127,2.0505525003004346,general_336,632
675,False,0.37004248082024715,2.050553824042023,general_315,633
585,False,0.3700494552797585,2.050554448547067,general_225,634
430,False,0.37004135158721446,2.0505550905463457,general_70,635
415,False,0.37005088646493384,2.050555487529215,general_55,636
526,False,0.37008250257542036,2.05055800965446,general_166,637
547,False,0.3700486877058443,2.0505613944555576,general_187,638
519,False,0.3700658632050424,2.050561676356317,general_159,639
669,False,0.3700587535812323,2.050562509279016,general_309,640
645,False,0.3700544273372951,2.0505646151132053,general_285,641
636,False,0.370051008924142,2.0505670762911414,general_276,642
621,False,0.37005284970809593,2.0505720692998253,general_261,643
378,False,0.37006230683042424,2.050572663941981,general_18,644
546,False,0.37008204367797887,2.0505763744451606,general_186,645
586,False,0.37006774946216225,2.0505769547470507,general_226,646
657,False,0.3700529916148403,2.050585321508599,general_297,647
384,False,0.3700780935672603,2.0505876166597945,general_24,648
671,False,0.37005017050303574,2.050588629693892,general_311,649
371,False,0.37006041971107895,2.0505895965764642,general_11,650
713,False,0.3700484505899948,2.0505918751642813,general_353,651
698,False,0.37004501611256396,2.0505943598937444,general_338,652
386,False,0.3700605172347615,2.0505969504634507,general_26,653
711,False,0.37005817835468585,2.05059705254386,general_351,654
687,False,0.37007205737458954,2.050598335469708,general_327,655
398,False,0.3700642411635381,2.050599233891659,general_38,656
463,False,0.3700491237810445,2.050600201075603,general_103,657
480,False,0.3700536176538706,2.050600877083684,general_120,658
552,False,0.3700778186660799,2.0506064765331855,general_192,659
406,False,0.3700656083550511,2.0506066838084385,general_46,660
396,False,0.37007085283267177,2.050608341499424,general_36,661
376,False,0.3700637410152567,2.0506144949300746,general_16,662
412,False,0.37004828750279034,2.050615746772448,general_52,663
630,False,0.3700722128196143,2.0506276438841518,general_270,664
584,False,0.37006942823013345,2.0506286544342407,general_224,665
466,False,0.370074316263697,2.0506322243358452,general_106,666
679,False,0.3700602420946356,2.05063353196332,general_319,667
574,False,0.37006445095720164,2.0506343277998766,general_214,668
565,False,0.37005659577839306,2.0506357669794646,general_205,669
595,False,0.3700789709452187,2.050637317714284,general_235,670
665,False,0.37011318438723456,2.050637540535631,general_305,671
461,False,0.37007788421030363,2.050638355109066,general_101,672
676,False,0.3700856060867703,2.0506472631246924,general_316,673
708,False,0.3700533766294794,2.050647913887094,general_348,674
699,False,0.3700832990937867,2.0506516881391987,general_339,675
570,False,0.37008657201137374,2.050657081600145,general_210,676
588,False,0.37008100222657114,2.0506612697040785,general_228,677
411,False,0.3701039793276873,2.0506626128263337,general_51,678
700,False,0.37006012224894924,2.0506706691562124,general_340,679
703,False,0.37008098600362094,2.050674954124721,general_343,680
649,False,0.3701080459115136,2.0506756174076806,general_289,681
640,False,0.3700885690879502,2.0506805584467704,general_280,682
389,False,0.37008684988404983,2.0506923579498455,general_29,683
577,False,0.3700816914750836,2.050700705986861,general_217,684
365,False,0.37007979446742034,2.0507008958854644,general_5,685
472,False,0.37008653286780385,2.0507061470906787,general_112,686
487,False,0.3700973931072029,2.050710985208083,general_127,687
538,False,0.37010251628067614,2.0507134447429713,general_178,688
716,False,0.3700912386852166,2.050719253971131,general_356,689
405,False,0.3700843230679746,2.0507213142048397,general_45,690
492,False,0.3700905302507915,2.0507219569302393,general_132,691
642,False,0.37011151095005573,2.050723294035925,general_282,692
456,False,0.3700936509347046,2.0507316939433977,general_96,693
524,False,0.37008215486326684,2.050734181809289,general_164,694
377,False,0.370123120938483,2.0507353208003276,general_17,695
629,False,0.37010348924822045,2.0507418831801503,general_269,696
603,False,0.3701051455325549,2.0507428599386097,general_243,697
493,False,0.37011508555398864,2.0507432323328736,general_133,698
368,False,0.3701084294281374,2.0507469794772204,general_8,699
387,False,0.37010966884143315,2.050747718334544,general_27,700
528,False,0.3701012377276359,2.0507494968360547,general_168,701
432,False,0.3701167410173817,2.0507514386616656,general_72,702
587,False,0.37011439287963277,2.0507545266614207,general_227,703
423,False,0.37007609559941285,2.0507641727495853,general_63,704
497,False,0.3700942418307478,2.0507662510407383,general_137,705
617,False,0.37009883863530685,2.050769192881541,general_257,706
600,False,0.3701019122189094,2.050771233477602,general_240,707
422,False,0.3701276328045349,2.0507910971085757,general_62,708
421,False,0.37012425630485535,2.0507937578374777,general_61,709
592,False,0.37010511882886843,2.0507940730242025,general_232,710
571,False,0.37013663105178995,2.0508184592798497,general_211,711
591,False,0.37013436179863474,2.0508339666608375,general_231,712
643,False,0.37012984052492415,2.0508444183016494,general_283,713
667,False,0.370122008942078,2.050850443771644,general_307,714
399,False,0.3701360705681644,2.050879953931146,general_39,715
372,False,0.37014977393072795,2.050892344598874,general_12,716
628,False,0.3701268789698826,2.0509237611562563,general_268,717
616,False,0.37015548126812026,2.0509401400003204,general_256,718
664,False,0.37019371976564164,2.051050472641624,general_304,719
