,is_well_nested,ms,ee,perm,i
0,True,0.36536325638559625,2.021777074778642,"(0, 1, 2, 3, 4, 5)",0
360,True,0.36536325638559625,2.021777074778642,general_0,1
120,True,0.3705164226941849,2.0268190890981557,"(1, 0, 2, 3, 4, 5)",2
1,False,0.37100202944623467,2.0275619130365894,"(0, 1, 2, 3, 5, 4)",3
24,False,0.37387352679153435,2.032294896945381,"(0, 2, 1, 3, 4, 5)",4
5,True,0.3735429480352171,2.0324733606691243,"(0, 1, 2, 5, 4, 3)",5
144,False,0.3752642260228124,2.0325884211893435,"(1, 2, 0, 3, 4, 5)",6
121,False,0.3749637190586636,2.032603927356103,"(1, 0, 2, 3, 5, 4)",7
6,False,0.37489322727937724,2.0337101726326696,"(0, 1, 3, 2, 4, 5)",8
4,True,0.3749935360188795,2.034134100370422,"(0, 1, 2, 5, 3, 4)",9
2,True,0.3748951502744858,2.0346180338778037,"(0, 1, 2, 4, 3, 5)",10
264,True,0.37540154382137625,2.035150445445697,"(2, 1, 0, 3, 4, 5)",11
305,False,0.3752280766491727,2.0364428568993307,"(2, 3, 4, 5, 1, 0)",12
23,False,0.3752280766491727,2.0364428568993307,"(0, 1, 5, 4, 3, 2)",13
153,False,0.37331580211954946,2.0367110470084757,"(1, 2, 3, 4, 5, 0)",14
119,False,0.37331580211954946,2.0367110470084757,"(0, 5, 4, 3, 2, 1)",15
125,True,0.376735823281489,2.0375153749886383,"(1, 0, 2, 5, 4, 3)",16
25,False,0.37665811237343855,2.038079735203328,"(0, 2, 1, 3, 5, 4)",17
150,False,0.37874071061895354,2.038159119750723,"(1, 2, 3, 0, 4, 5)",18
22,False,0.37892286521791957,2.0382982314335245,"(0, 1, 5, 4, 2, 3)",19
145,False,0.3780045806971793,2.038373259447291,"(1, 2, 0, 3, 5, 4)",20
3,False,0.3768879004532582,2.0387421324344532,"(0, 1, 2, 4, 5, 3)",21
126,False,0.3779127666632123,2.038752186952183,"(1, 0, 3, 2, 4, 5)",22
124,True,0.3774672871949001,2.039176114689936,"(1, 0, 2, 5, 3, 4)",23
118,False,0.378285184080415,2.039273071264829,"(0, 5, 4, 3, 1, 2)",24
273,False,0.378285184080415,2.039273071264829,"(2, 1, 3, 4, 5, 0)",25
19,False,0.3780834344282783,2.0394724225604746,"(0, 1, 5, 2, 4, 3)",26
7,False,0.37738955908006167,2.039495010890617,"(0, 1, 3, 2, 5, 4)",27
122,True,0.37736384653151694,2.0396600481973177,"(1, 0, 2, 4, 3, 5)",28
240,True,0.3770627272852993,2.039898935521248,"(2, 0, 1, 3, 4, 5)",29
270,False,0.38003833219807037,2.0407211440070765,"(2, 1, 3, 0, 4, 5)",30
265,False,0.37861843670684714,2.0409352837036447,"(2, 1, 0, 3, 5, 4)",31
18,False,0.3786764722715604,2.0411331622617723,"(0, 1, 5, 2, 3, 4)",32
304,False,0.37729186428717554,2.0414848712188447,"(2, 3, 4, 5, 0, 1)",33
143,False,0.37729186428717554,2.0414848712188447,"(1, 0, 5, 4, 3, 2)",34
152,False,0.37909941773149314,2.0420463615618876,"(1, 2, 3, 4, 0, 5)",35
115,False,0.38133807758954197,2.042240300420164,"(0, 5, 4, 1, 3, 2)",36
297,False,0.3813380775895421,2.0422403004201644,"(2, 3, 1, 4, 5, 0)",37
29,False,0.37868590176135847,2.042991182835863,"(0, 2, 1, 5, 4, 3)",38
149,False,0.3804137103849127,2.043284707079826,"(1, 2, 0, 5, 4, 3)",39
142,False,0.38101272620313176,2.0433402457530385,"(1, 0, 5, 4, 2, 3)",40
303,False,0.3814639453114819,2.043668663750135,"(2, 3, 4, 1, 5, 0)",41
101,False,0.38146394531148203,2.0436686637501356,"(0, 5, 1, 4, 3, 2)",42
294,False,0.38112508820968566,2.043688373162412,"(2, 3, 1, 0, 4, 5)",43
123,False,0.38014126568928525,2.043784146753967,"(1, 0, 2, 4, 5, 3)",44
151,False,0.38079257572231534,2.0439439580086702,"(1, 2, 3, 0, 5, 4)",45
114,False,0.3807322202827958,2.0440956749543586,"(0, 5, 4, 1, 2, 3)",46
30,False,0.3802467774061744,2.0443665020765405,"(0, 2, 3, 1, 4, 5)",47
139,False,0.38143859882646747,2.0445144368799886,"(1, 0, 5, 2, 4, 3)",48
127,False,0.37881996779453814,2.0445370252101305,"(1, 0, 3, 2, 5, 4)",49
272,False,0.38277149987567993,2.0446083858182407,"(2, 1, 3, 4, 0, 5)",50
28,False,0.38057625635428793,2.0446519225371613,"(0, 2, 1, 5, 3, 4)",51
311,False,0.38075026424668634,2.0448479387534393,"(2, 3, 5, 4, 1, 0)",52
17,False,0.38075026424668634,2.0448479387534393,"(0, 1, 4, 5, 3, 2)",53
148,False,0.38156351991627674,2.044945446781124,"(1, 2, 0, 5, 3, 4)",54
155,False,0.3799712310796998,2.0450332547472927,"(1, 2, 3, 5, 4, 0)",55
95,False,0.3799712310796999,2.0450332547472927,"(0, 4, 5, 3, 2, 1)",56
26,False,0.38047635689893056,2.0451358560445425,"(0, 2, 1, 4, 3, 5)",57
146,False,0.3820299837770351,2.045429380288505,"(1, 2, 0, 4, 3, 5)",58
100,False,0.38124247485489815,2.0455240382843294,"(0, 5, 1, 4, 2, 3)",59
241,False,0.3802854706895159,2.0456837737791957,"(2, 0, 1, 3, 5, 4)",60
269,True,0.3796722341232271,2.0458467313361792,"(2, 1, 0, 5, 4, 3)",61
138,False,0.3806994744830355,2.0461751765812863,"(1, 0, 5, 2, 3, 4)",62
271,False,0.3828638785180035,2.046505982265024,"(2, 1, 3, 0, 5, 4)",63
97,False,0.38277062603271916,2.0466982294112794,"(0, 5, 1, 2, 4, 3)",64
16,False,0.38063185843272207,2.046703313287633,"(0, 1, 4, 5, 2, 3)",65
8,False,0.3806178108081524,2.04683314322447,"(0, 1, 3, 4, 2, 5)",66
117,False,0.38137910896997335,2.047421705485154,"(0, 5, 4, 2, 3, 1)",67
177,False,0.38137910896997335,2.047421705485154,"(1, 3, 2, 4, 5, 0)",68
329,False,0.3813552949294089,2.047487019508803,"(2, 4, 3, 5, 1, 0)",69
21,False,0.38135529492940895,2.0474870195088033,"(0, 1, 5, 3, 4, 2)",70
48,False,0.3809135065069913,2.0474963315320207,"(0, 3, 1, 2, 4, 5)",71
268,True,0.38189601702470166,2.047507471037478,"(2, 1, 0, 5, 3, 4)",72
296,False,0.3828906605370517,2.047575614973576,"(2, 3, 1, 4, 0, 5)",73
275,False,0.38233497859968696,2.0475952790036462,"(2, 1, 3, 5, 4, 0)",74
94,False,0.38233497859968696,2.0475952790036462,"(0, 4, 5, 3, 1, 2)",75
54,False,0.3799378983218943,2.0476348388091523,"(0, 3, 2, 1, 4, 5)",76
266,True,0.38176686734275656,2.0479914045448586,"(2, 1, 0, 4, 3, 5)",77
96,False,0.38026620198152267,2.048358969112577,"(0, 5, 1, 2, 3, 4)",78
174,False,0.38309021685600686,2.0488697782274015,"(1, 3, 2, 0, 4, 5)",79
302,False,0.38269701790242516,2.0490039783035474,"(2, 3, 4, 1, 0, 5)",80
359,False,0.38002738245871537,2.0491018672469252,"(2, 5, 4, 3, 1, 0)",81
9,False,0.38002738245871537,2.0491018672469252,"(0, 1, 3, 4, 5, 2)",82
27,False,0.3822593649068115,2.049259954601192,"(0, 2, 1, 4, 5, 3)",83
113,False,0.38168010109984263,2.04934413354949,"(0, 5, 3, 4, 2, 1)",84
159,False,0.38168010109984263,2.04934413354949,"(1, 2, 4, 3, 5, 0)",85
295,False,0.38290674767208976,2.0494732114203593,"(2, 3, 1, 0, 5, 4)",86
147,False,0.38348719938672216,2.049553478845155,"(1, 2, 0, 4, 5, 3)",87
137,False,0.38310657216760174,2.0498899530729533,"(1, 0, 4, 5, 3, 2)",88
310,False,0.38310657216760174,2.0498899530729533,"(2, 3, 5, 4, 0, 1)",89
12,False,0.3822844044572942,2.050022177623262,"(0, 1, 4, 2, 3, 5)",90
31,False,0.3827795942656278,2.0501513403344873,"(0, 2, 3, 1, 5, 4)",91
288,False,0.38246263819698983,2.050189279732192,"(2, 3, 0, 1, 4, 5)",92
14,False,0.38071282056986266,2.0503041891159013,"(0, 1, 4, 3, 2, 5)",93
91,False,0.3843481176540212,2.0505625081589813,"(0, 4, 5, 1, 3, 2)",94
299,False,0.3843481176540212,2.0505625081589813,"(2, 3, 1, 5, 4, 0)",95
245,True,0.3819399072963439,2.0505952214117302,"(2, 0, 1, 5, 4, 3)",96
20,False,0.3826585899683743,2.0510031337442953,"(0, 1, 5, 3, 2, 4)",97
136,False,0.38354612608842664,2.051745327607147,"(1, 0, 4, 5, 2, 3)",98
116,False,0.3838935915375389,2.051839104275701,"(0, 5, 4, 2, 1, 3)",99
128,False,0.38298916305799013,2.051875157543984,"(1, 0, 3, 4, 2, 5)",100
112,False,0.3844437926295735,2.0519061578058433,"(0, 5, 3, 4, 1, 2)",101
279,False,0.3844437926295735,2.0519061578058433,"(2, 1, 4, 3, 5, 0)",102
246,False,0.382980594126667,2.0519705406524076,"(2, 0, 3, 1, 4, 5)",103
267,False,0.3833095440005051,2.052115503101508,"(2, 1, 0, 4, 5, 3)",104
65,False,0.3814901043860802,2.052132076839266,"(0, 3, 4, 5, 2, 1)",105
167,False,0.38149010438608044,2.052132076839267,"(1, 2, 5, 4, 3, 0)",106
244,True,0.3833381903761776,2.0522559611130284,"(2, 0, 1, 5, 3, 4)",107
90,False,0.3833816099531844,2.0524178826931756,"(0, 4, 5, 1, 2, 3)",108
11,False,0.3832637003541312,2.0524210554714806,"(0, 1, 3, 5, 4, 2)",109
335,False,0.3832637003541312,2.0524210554714806,"(2, 4, 5, 3, 1, 0)",110
141,False,0.3835730198682199,2.052529033828317,"(1, 0, 5, 3, 4, 2)",111
328,False,0.3835730198682198,2.052529033828317,"(2, 4, 3, 5, 0, 1)",112
15,False,0.3832041164972414,2.0525729131383565,"(0, 1, 4, 3, 5, 2)",113
353,False,0.3832041164972414,2.0525729131383565,"(2, 5, 3, 4, 1, 0)",114
242,True,0.3837617431797144,2.0527398946204096,"(2, 0, 1, 4, 3, 5)",115
176,False,0.3846352029700184,2.052757020038566,"(1, 3, 2, 4, 0, 5)",116
49,False,0.3828605521237891,2.053281169789968,"(0, 3, 1, 2, 5, 4)",117
55,False,0.38217398435167727,2.0534196770670996,"(0, 3, 2, 1, 5, 4)",118
165,False,0.3834788754190276,2.0538939325295376,"(1, 2, 5, 3, 4, 0)",119
89,False,0.3834788754190276,2.0538939325295376,"(0, 4, 3, 5, 2, 1)",120
129,False,0.38235355366223395,2.054143881566439,"(1, 0, 3, 4, 5, 2)",121
358,False,0.38235355366223395,2.054143881566439,"(2, 5, 4, 3, 0, 1)",122
13,False,0.3823226566895278,2.054146276179912,"(0, 1, 4, 2, 5, 3)",123
175,False,0.3850733242976322,2.054654616485349,"(1, 3, 2, 0, 5, 4)",124
158,False,0.385963906355498,2.054679448102902,"(1, 2, 4, 3, 0, 5)",125
64,False,0.38307728793954376,2.05469410109562,"(0, 3, 4, 5, 1, 2)",126
287,False,0.3830772879395438,2.0546941010956203,"(2, 1, 5, 4, 3, 0)",127
327,False,0.38569498356296633,2.054712826359608,"(2, 4, 3, 1, 5, 0)",128
99,False,0.38569498356296633,2.054712826359608,"(0, 5, 1, 3, 4, 2)",129
239,False,0.38061364358393335,2.054836845200329,"(1, 5, 4, 3, 2, 0)",130
33,False,0.3806136435839333,2.054836845200329,"(0, 2, 3, 4, 5, 1)",131
132,False,0.38500057997692166,2.055064191942776,"(1, 0, 4, 2, 3, 5)",132
32,False,0.384128513541927,2.0551301454342275,"(0, 2, 3, 4, 1, 5)",133
168,False,0.383806711581109,2.0552321775200495,"(1, 3, 0, 2, 4, 5)",134
134,False,0.38356582385051863,2.0553462034354153,"(1, 0, 4, 3, 2, 5)",135
221,False,0.38571565501779703,2.0555870796161724,"(1, 5, 0, 4, 3, 2)",136
301,False,0.38571565501779703,2.0555870796161724,"(2, 3, 4, 0, 5, 1)",137
179,False,0.38431384736281327,2.0557439132239717,"(1, 3, 2, 5, 4, 0)",138
93,False,0.38431384736281327,2.0557439132239717,"(0, 4, 5, 2, 3, 1)",139
300,False,0.3854327232213733,2.0558803798500707,"(2, 3, 4, 0, 1, 5)",140
71,False,0.38464932745452185,2.055904485598036,"(0, 3, 5, 4, 2, 1)",141
161,False,0.3846493274545219,2.0559044855980364,"(1, 2, 4, 5, 3, 0)",142
10,False,0.38266725235379717,2.055937169706972,"(0, 1, 3, 5, 2, 4)",143
289,False,0.38504537279812623,2.0559741179901394,"(2, 3, 0, 1, 5, 4)",144
140,False,0.3853183305020314,2.056045148063809,"(1, 0, 5, 3, 2, 4)",145
154,False,0.38564269444807275,2.056153407558652,"(1, 2, 3, 5, 0, 4)",146
285,False,0.38616544329204777,2.0564559567858907,"(2, 1, 5, 3, 4, 0)",147
88,False,0.38616544329204777,2.0564559567858907,"(0, 4, 3, 5, 1, 2)",148
103,False,0.38506516141536523,2.056838365208569,"(0, 5, 2, 1, 4, 3)",149
243,False,0.3848170079175563,2.056863993177059,"(2, 0, 1, 4, 5, 3)",150
278,False,0.3862536418071008,2.0572414723592556,"(2, 1, 4, 3, 0, 5)",151
220,False,0.3871792825295485,2.057442454150366,"(1, 5, 0, 4, 2, 3)",152
334,False,0.3853832954973697,2.057463069790994,"(2, 4, 5, 3, 0, 1)",153
131,False,0.3853832954973697,2.057463069790994,"(1, 0, 3, 5, 4, 2)",154
135,False,0.38519391539052594,2.0576149274578706,"(1, 0, 4, 3, 5, 2)",155
352,False,0.38519391539052594,2.0576149274578706,"(2, 5, 3, 4, 0, 1)",156
163,False,0.38798175151728037,2.05771608342345,"(1, 2, 5, 0, 4, 3)",157
247,False,0.3855779290292449,2.057755378910355,"(2, 0, 3, 1, 5, 4)",158
57,False,0.3855154140864995,2.058105181932941,"(0, 3, 2, 4, 5, 1)",159
237,False,0.3855154140864995,2.058105181932941,"(1, 5, 4, 2, 3, 0)",160
98,False,0.3858915395047179,2.0582289405951,"(0, 5, 1, 3, 2, 4)",161
56,False,0.38534856296430375,2.0583984821668393,"(0, 3, 2, 4, 1, 5)",162
281,False,0.386427166879153,2.058466509854389,"(2, 1, 4, 5, 3, 0)",163
70,False,0.386427166879153,2.058466509854389,"(0, 3, 5, 4, 1, 2)",164
102,False,0.3861683035522089,2.0584991049098673,"(0, 5, 2, 1, 3, 4)",165
217,False,0.38724655044990575,2.0586166452773162,"(1, 5, 0, 2, 4, 3)",166
274,False,0.3873740575519652,2.0587154318150054,"(2, 1, 3, 5, 0, 4)",167
107,False,0.3860136392220408,2.0589902046124147,"(0, 5, 2, 4, 3, 1)",168
183,False,0.38601363922204085,2.058990204612415,"(1, 3, 4, 2, 5, 0)",169
133,False,0.38573276344961593,2.0591882904994256,"(1, 0, 4, 2, 5, 3)",170
162,False,0.3870015720134773,2.059376823124748,"(1, 2, 5, 0, 3, 4)",171
326,False,0.38687197168970744,2.06004814091302,"(2, 4, 3, 1, 0, 5)",172
43,False,0.38666471163594723,2.060130380524503,"(0, 2, 5, 1, 4, 3)",173
92,False,0.386455673441071,2.060161312014519,"(0, 4, 5, 2, 1, 3)",174
216,False,0.38673169365346327,2.0602773849786145,"(1, 5, 0, 2, 3, 4)",175
283,False,0.38805238643485107,2.060278107679803,"(2, 1, 5, 0, 4, 3)",176
309,False,0.3870767332029722,2.0603959533430616,"(2, 3, 5, 1, 4, 0)",177
77,False,0.3870767332029722,2.0603959533430616,"(0, 4, 1, 5, 3, 2)",178
227,False,0.38540437230934826,2.0604649531454062,"(1, 5, 2, 4, 3, 0)",179
63,False,0.38540437230934826,2.0604649531454062,"(0, 3, 4, 2, 5, 1)",180
50,False,0.3842166247825729,2.060619302123821,"(0, 3, 1, 4, 2, 5)",181
235,False,0.38825070503655074,2.0606596228559813,"(1, 5, 4, 0, 3, 2)",182
291,False,0.38825070503655085,2.0606596228559813,"(2, 3, 0, 4, 5, 1)",183
62,False,0.38709983835335804,2.0607582533793045,"(0, 3, 4, 2, 1, 5)",184
215,False,0.3858524916892658,2.0608539089446376,"(1, 4, 5, 3, 2, 0)",185
35,False,0.3858524916892658,2.0608539089446376,"(0, 2, 3, 5, 4, 1)",186
290,False,0.3874896889183564,2.060952923089879,"(2, 3, 0, 4, 1, 5)",187
130,False,0.385818100170456,2.0609791840264857,"(1, 0, 3, 5, 2, 4)",188
169,False,0.38647475739997394,2.0610170157779972,"(1, 3, 0, 2, 5, 4)",189
166,False,0.3877743232106624,2.0615914899493273,"(1, 2, 5, 4, 0, 3)",190
298,False,0.38832560855581066,2.061682660970341,"(2, 3, 1, 5, 0, 4)",191
42,False,0.3867179566248936,2.0617911202258012,"(0, 2, 5, 1, 3, 4)",192
282,False,0.3892638525025431,2.0619388473811013,"(2, 1, 5, 0, 3, 4)",193
87,False,0.3864082287541084,2.0622268088356774,"(0, 4, 3, 2, 5, 1)",194
225,False,0.3864082287541084,2.0622268088356774,"(1, 5, 2, 3, 4, 0)",195
76,False,0.38682046989317986,2.062251327877256,"(0, 4, 1, 5, 2, 3)",196
185,False,0.3853957351359788,2.062282219928349,"(1, 3, 4, 5, 2, 0)",197
47,False,0.3853957351359788,2.062282219928349,"(0, 2, 5, 4, 3, 1)",198
238,False,0.38643420477267965,2.0624408837761967,"(1, 5, 4, 3, 0, 2)",199
249,False,0.38643420477267965,2.0624408837761967,"(2, 0, 3, 4, 5, 1)",200
234,False,0.3889620498626621,2.062514997390175,"(1, 5, 4, 0, 2, 3)",201
86,False,0.38413504203769017,2.0625201090695757,"(0, 4, 3, 2, 1, 5)",202
207,False,0.38561485726003925,2.062629486186185,"(1, 4, 3, 2, 5, 0)",203
105,False,0.38561485726003925,2.062629486186185,"(0, 5, 2, 3, 4, 1)",204
248,False,0.3887846563168025,2.062734184010095,"(2, 0, 3, 4, 1, 5)",205
357,False,0.38766002392571414,2.0628880261462763,"(2, 5, 4, 1, 3, 0)",206
51,False,0.38766002392571414,2.0628880261462763,"(0, 3, 1, 4, 5, 2)",207
60,False,0.3868392194039984,2.063117580613417,"(0, 3, 4, 1, 2, 5)",208
106,False,0.38707224332170803,2.0634076034029625,"(0, 5, 2, 4, 1, 3)",209
156,False,0.38873450234785717,2.063633165390899,"(1, 2, 4, 0, 3, 5)",210
201,False,0.38784525765520983,2.0636940735999385,"(1, 4, 2, 3, 5, 0)",211
111,False,0.38784525765520983,2.0636940735999385,"(0, 5, 3, 2, 4, 1)",212
213,False,0.3864368323989138,2.06412224567725,"(1, 4, 5, 2, 3, 0)",213
59,False,0.3864368323989139,2.0641222456772503,"(0, 3, 2, 5, 4, 1)",214
286,False,0.38927153703760814,2.0641535142056817,"(2, 1, 5, 4, 0, 3)",215
182,False,0.388970696087123,2.064325519165827,"(1, 3, 4, 2, 0, 5)",216
84,False,0.3882840244072676,2.0648794363036886,"(0, 4, 3, 1, 2, 5)",217
164,False,0.3889871117048427,2.0650140853408967,"(1, 2, 5, 3, 0, 4)",218
160,False,0.38944646375416114,2.065363898708098,"(1, 2, 4, 5, 0, 3)",219
61,False,0.3889235391785637,2.0653863046358722,"(0, 3, 4, 1, 5, 2)",220
347,False,0.38892353917856376,2.0653863046358727,"(2, 5, 1, 4, 3, 0)",221
72,False,0.38768531579680987,2.065570192212885,"(0, 4, 1, 2, 3, 5)",222
233,False,0.38718703810958954,2.0656236487934114,"(1, 5, 3, 4, 2, 0)",223
39,False,0.38718703810958954,2.0656236487934114,"(0, 2, 4, 3, 5, 1)",224
74,False,0.3882321560037023,2.065852203705523,"(0, 4, 1, 3, 2, 5)",225
38,False,0.3887147794966747,2.0659169490273097,"(0, 2, 4, 3, 1, 5)",226
109,False,0.3881557257366288,2.065917549570651,"(0, 5, 3, 1, 4, 2)",227
321,False,0.38815572573662876,2.065917549570651,"(2, 4, 1, 3, 5, 0)",228
45,False,0.3876359178597115,2.0659215015021184,"(0, 2, 5, 3, 4, 1)",229
209,False,0.3876359178597115,2.0659215015021184,"(1, 4, 3, 5, 2, 0)",230
223,False,0.38922590530508194,2.06604895972959,"(1, 5, 2, 0, 4, 3)",231
276,False,0.39043782016863554,2.066195189647252,"(2, 1, 4, 0, 3, 5)",232
53,False,0.38880550525717755,2.066207214370831,"(0, 3, 1, 5, 4, 2)",233
333,False,0.38880550525717755,2.066207214370831,"(2, 4, 5, 1, 3, 0)",234
219,False,0.39090711352806917,2.066631242225645,"(1, 5, 0, 3, 4, 2)",235
325,False,0.39090711352806917,2.066631242225645,"(2, 4, 3, 0, 5, 1)",236
211,False,0.39015431236399395,2.0666766866002897,"(1, 4, 5, 0, 3, 2)",237
293,False,0.390154312363994,2.0666766866002897,"(2, 3, 0, 5, 4, 1)",238
46,False,0.3893275275240987,2.0666996187188964,"(0, 2, 5, 4, 1, 3)",239
178,False,0.3899021743598142,2.066864066035331,"(1, 3, 2, 5, 0, 4)",240
324,False,0.38929752250739935,2.0669245424595433,"(2, 4, 3, 0, 1, 5)",241
34,False,0.3886887881143858,2.0669320474364836,"(0, 2, 3, 5, 1, 4)",242
85,False,0.3891746609857952,2.067148160326144,"(0, 4, 3, 1, 5, 2)",243
345,False,0.3891746609857951,2.067148160326144,"(2, 5, 1, 3, 4, 0)",244
236,False,0.3897444883652785,2.067564595043003,"(1, 5, 4, 2, 0, 3)",245
284,False,0.3897431972733287,2.0675761095972502,"(2, 1, 5, 3, 0, 4)",246
222,False,0.38975362466310776,2.0677096994308877,"(1, 5, 2, 0, 3, 4)",247
259,False,0.39068981055564417,2.067734419100371,"(2, 0, 5, 1, 4, 3)",248
157,False,0.3915436831395379,2.0677572639475486,"(1, 2, 4, 0, 5, 3)",249
280,False,0.3905040467738368,2.0679259229644504,"(2, 1, 4, 5, 0, 3)",250
206,False,0.38846383278308866,2.0679648007395968,"(1, 4, 3, 2, 0, 5)",251
36,False,0.3874530030514574,2.0679942647687835,"(0, 2, 4, 1, 3, 5)",252
191,False,0.38912719333835954,2.06800143096395,"(1, 3, 5, 4, 2, 0)",253
41,False,0.3891271933383596,2.0680014309639505,"(0, 2, 4, 5, 3, 1)",254
351,False,0.3890272035700661,2.068120927727979,"(2, 5, 3, 1, 4, 0)",255
75,False,0.3890272035700661,2.068120927727979,"(0, 4, 1, 3, 5, 2)",256
170,False,0.39018066849490596,2.0683551481118503,"(1, 3, 0, 4, 2, 5)",257
251,False,0.38973290539302846,2.068457947520505,"(2, 0, 3, 5, 4, 1)",258
214,False,0.38973290539302846,2.068457947520505,"(1, 4, 5, 3, 0, 2)",259
210,False,0.39069736775944397,2.0685320611344835,"(1, 4, 5, 0, 2, 3)",260
104,False,0.38935246017467307,2.06870762467803,"(0, 5, 2, 3, 1, 4)",261
200,False,0.3902324049281304,2.0690293881533504,"(1, 4, 2, 3, 0, 5)",262
258,False,0.39112389516771506,2.069395158801669,"(2, 0, 5, 1, 3, 4)",263
108,False,0.39018306302758554,2.0694336638061435,"(0, 5, 3, 1, 2, 4)",264
73,False,0.39054861424271564,2.069694290769534,"(0, 4, 1, 2, 5, 3)",265
52,False,0.38946979170640883,2.0697233286063232,"(0, 3, 1, 5, 2, 4)",266
110,False,0.3887613959208777,2.0697722120917836,"(0, 5, 3, 2, 1, 4)",267
263,False,0.38940574010534185,2.0698862585042166,"(2, 0, 5, 4, 3, 1)",268
184,False,0.38940574010534185,2.0698862585042166,"(1, 3, 4, 5, 0, 2)",269
226,False,0.39064843567381324,2.069924366255467,"(1, 5, 2, 4, 0, 3)",270
307,False,0.3919638260828833,2.070009225214589,"(2, 3, 5, 0, 4, 1)",271
197,False,0.3919638260828833,2.070009225214589,"(1, 4, 0, 5, 3, 2)",272
218,False,0.3911682427762886,2.070147356461137,"(1, 5, 0, 3, 2, 4)",273
58,False,0.38920527314935693,2.0702003841690955,"(0, 3, 2, 5, 1, 4)",274
203,False,0.3880606876199473,2.0702544256484843,"(1, 4, 2, 5, 3, 0)",275
69,False,0.3880606876199474,2.0702544256484847,"(0, 3, 5, 2, 4, 1)",276
277,False,0.39223256287868,2.0703192882039017,"(2, 1, 4, 0, 5, 3)",277
171,False,0.3912751563080379,2.0706238721343055,"(1, 3, 0, 4, 5, 2)",278
355,False,0.3912751563080379,2.0706238721343055,"(2, 5, 4, 0, 3, 1)",279
231,False,0.39015696233831165,2.070653841216295,"(1, 5, 3, 2, 4, 0)",280
81,False,0.39015696233831165,2.070653841216295,"(0, 4, 2, 3, 5, 1)",281
80,False,0.3897809486680041,2.070947141450193,"(0, 4, 2, 3, 1, 5)",282
343,False,0.3914779264743011,2.0709703112200564,"(2, 5, 1, 0, 4, 3)",283
320,False,0.39092296559121564,2.0712528641240633,"(2, 4, 1, 3, 0, 5)",284
308,False,0.3911021382453441,2.0715161061544207,"(2, 3, 5, 1, 0, 4)",285
196,False,0.39239773818608414,2.0718645997487837,"(1, 4, 0, 5, 2, 3)",286
44,False,0.3898019413720748,2.0719996399939644,"(0, 2, 5, 3, 1, 4)",287
37,False,0.3911333886012789,2.0721183633254334,"(0, 2, 4, 1, 5, 3)",288
356,False,0.39022688366239366,2.0723474392563372,"(2, 5, 4, 1, 0, 3)",289
40,False,0.3907997489681908,2.072418829754498,"(0, 2, 4, 5, 1, 3)",290
323,False,0.39142126560367063,2.072477901619197,"(2, 4, 1, 5, 3, 0)",291
67,False,0.39142126560367063,2.072477901619197,"(0, 3, 5, 1, 4, 2)",292
342,False,0.3911389435790076,2.072631050921354,"(2, 5, 1, 0, 3, 4)",293
292,False,0.3924766649231305,2.072754825092135,"(2, 3, 0, 5, 1, 4)",294
78,False,0.39129278479748786,2.073024457191667,"(0, 4, 2, 1, 3, 5)",295
83,False,0.38939504223009946,2.0730316233868336,"(0, 4, 2, 5, 3, 1)",296
189,False,0.38939504223009946,2.0730316233868336,"(1, 3, 5, 2, 4, 0)",297
232,False,0.3923117526869213,2.073227687369279,"(1, 5, 3, 4, 0, 2)",298
255,False,0.3923117526869213,2.073227687369279,"(2, 0, 4, 3, 5, 1)",299
224,False,0.3914048576886332,2.0733469616470366,"(1, 5, 2, 3, 0, 4)",300
254,False,0.39158694093803953,2.073520987603177,"(2, 0, 4, 3, 1, 5)",301
208,False,0.3923073953484496,2.073525540077986,"(1, 4, 3, 5, 0, 2)",302
261,False,0.3923073953484496,2.073525540077986,"(2, 0, 5, 3, 4, 1)",303
180,False,0.3919541809159312,2.073561247946463,"(1, 3, 4, 0, 2, 5)",304
212,False,0.3915307355454698,2.0735816587873113,"(1, 4, 5, 2, 0, 3)",305
337,False,0.39199101708393996,2.0736781325650724,"(2, 5, 0, 1, 4, 3)",306
331,False,0.39324894847401254,2.073943060358861,"(2, 4, 5, 0, 3, 1)",307
173,False,0.39324894847401254,2.073943060358861,"(1, 3, 0, 5, 4, 2)",308
262,False,0.39339218713373464,2.074303657294764,"(2, 0, 5, 4, 1, 3)",309
250,False,0.3921160938413755,2.0745360860123503,"(2, 0, 3, 5, 1, 4)",310
346,False,0.39068340899044507,2.074845717745934,"(2, 5, 1, 4, 0, 3)",311
354,False,0.3922542598514304,2.075041270924853,"(2, 5, 4, 0, 1, 3)",312
192,False,0.39237726624512487,2.0751834640844127,"(1, 4, 0, 2, 3, 5)",313
336,False,0.39213819811939854,2.07533887226637,"(2, 5, 0, 1, 3, 4)",314
194,False,0.3920658437900351,2.0754654755770514,"(1, 4, 0, 3, 2, 5)",315
252,False,0.3932510060918542,2.075598303344651,"(2, 0, 4, 1, 3, 5)",316
257,False,0.39295471173928054,2.075605469539817,"(2, 0, 4, 5, 3, 1)",317
190,False,0.39295471173928054,2.075605469539817,"(1, 3, 5, 4, 0, 2)",318
332,False,0.39221670305874634,2.0756666274808926,"(2, 4, 5, 1, 0, 3)",319
341,False,0.39428997850753056,2.0758299719689184,"(2, 5, 0, 4, 3, 1)",320
181,False,0.39428997850753056,2.0758299719689184,"(1, 3, 4, 0, 5, 2)",321
66,False,0.39159656130876425,2.0759940158546897,"(0, 3, 5, 1, 2, 4)",322
306,False,0.3929510142040859,2.076087363706435,"(2, 3, 5, 0, 1, 4)",323
68,False,0.39205209082859255,2.07633256414033,"(0, 3, 5, 2, 1, 4)",324
79,False,0.3919422481476156,2.077148555748317,"(0, 4, 2, 1, 5, 3)",325
204,False,0.39304659642997997,2.0772005295202325,"(1, 4, 3, 0, 2, 5)",326
82,False,0.3929505968468547,2.0774490221773814,"(0, 4, 2, 5, 1, 3)",327
172,False,0.393661086565397,2.0774591745943525,"(1, 3, 0, 5, 2, 4)",328
195,False,0.3935332734455268,2.0777341995995062,"(1, 4, 0, 3, 5, 2)",329
349,False,0.3935332734455269,2.0777341995995067,"(2, 5, 3, 0, 4, 1)",330
198,False,0.3929906538283167,2.077983105441348,"(1, 4, 2, 0, 3, 5)",331
344,False,0.39365214716489716,2.078268313137503,"(2, 5, 1, 3, 0, 4)",332
330,False,0.3931373859680155,2.0783604591494083,"(2, 4, 5, 0, 1, 3)",333
350,False,0.3930725922875974,2.0792410805393375,"(2, 5, 3, 1, 0, 4)",334
193,False,0.3937789605896513,2.0793075626410618,"(1, 4, 0, 2, 5, 3)",335
339,False,0.3944185769599773,2.0794692535426877,"(2, 5, 0, 3, 4, 1)",336
205,False,0.3944185769599773,2.0794692535426877,"(1, 4, 3, 0, 5, 2)",337
260,False,0.39375602076694316,2.079603678569832,"(2, 0, 5, 3, 1, 4)",338
202,False,0.3938614765448409,2.079713838758546,"(1, 4, 2, 5, 0, 3)",339
253,False,0.39410599826449144,2.0797224019013,"(2, 0, 4, 1, 5, 3)",340
256,False,0.3952037332377952,2.0800228683303654,"(2, 0, 4, 5, 1, 3)",341
318,False,0.39435620653301096,2.0802065814120603,"(2, 4, 1, 0, 3, 5)",342
340,False,0.39518131568326476,2.0802473707594658,"(2, 5, 0, 4, 1, 3)",343
230,False,0.39380717991263087,2.081773994027654,"(1, 5, 3, 2, 0, 4)",344
322,False,0.3953850290461968,2.081937314729259,"(2, 4, 1, 5, 0, 3)",345
199,False,0.3947107039747606,2.082107203997997,"(1, 4, 2, 0, 5, 3)",346
315,False,0.39505053440588445,2.0824905890585357,"(2, 4, 0, 3, 5, 1)",347
229,False,0.39505053440588445,2.0824905890585357,"(1, 5, 3, 0, 4, 2)",348
314,False,0.3959342032854024,2.082783889292434,"(2, 4, 0, 3, 1, 5)",349
348,False,0.39484386693350015,2.0838123380913522,"(2, 5, 3, 0, 1, 4)",350
188,False,0.39519916397177746,2.0841517761981927,"(1, 3, 5, 2, 0, 4)",351
319,False,0.39667308781702804,2.0843306799687102,"(2, 4, 1, 0, 5, 3)",352
312,False,0.39518942358556297,2.084861205033908,"(2, 4, 0, 1, 3, 5)",353
317,False,0.3975112686751778,2.0848683712290743,"(2, 4, 0, 5, 3, 1)",354
187,False,0.3975112686751778,2.0848683712290743,"(1, 3, 5, 0, 4, 2)",355
338,False,0.3961805625986446,2.0855473920345338,"(2, 5, 0, 3, 1, 4)",356
228,False,0.3961780867180088,2.0860067032940277,"(1, 5, 3, 0, 2, 4)",357
186,False,0.39584311318043164,2.088384485464567,"(1, 3, 5, 0, 2, 4)",358
313,False,0.397813163282544,2.0889853035905577,"(2, 4, 0, 1, 5, 3)",359
316,False,0.39847247908493133,2.0892857700196217,"(2, 4, 0, 5, 1, 3)",360
490,False,0.48971243474406523,2.3311874270729698,general_130,361
613,False,0.4899202639978287,2.3321427173459304,general_253,362
564,False,0.4899710778090468,2.3322032089606513,general_204,363
483,False,0.49001155849898786,2.3323237213300354,general_123,364
652,False,0.489999048978943,2.3324678849861664,general_292,365
612,False,0.4900405320560702,2.3324689460544423,general_252,366
365,False,0.48991016286098155,2.3326382536463726,general_5,367
487,False,0.49007717520316796,2.3328131883471293,general_127,368
637,False,0.49004511386934985,2.332886484265054,general_277,369
408,False,0.49029323334229463,2.3329024196204284,general_48,370
616,False,0.4902471101116064,2.3329291214181413,general_256,371
573,False,0.4903067815847572,2.3329611843060594,general_213,372
491,False,0.49015179221341704,2.3329894010017718,general_131,373
591,False,0.4900807240259242,2.3330452489762137,general_231,374
523,False,0.4902040023619653,2.333080314462788,general_163,375
546,False,0.49023217912072325,2.3330822055439917,general_186,376
620,False,0.49037934765612107,2.333086676459585,general_260,377
671,False,0.49031068667050687,2.333101949670694,general_311,378
396,False,0.4901547112654568,2.3331404630349457,general_36,379
383,False,0.49018319269432403,2.3331527213799017,general_23,380
545,False,0.4903189567969293,2.333169281804284,general_185,381
440,False,0.49008038364813805,2.333175691135584,general_80,382
681,False,0.4902152688510132,2.3331977316783234,general_321,383
567,False,0.4902300904230271,2.3332526454175806,general_207,384
462,False,0.49025906468532826,2.333303777739565,general_102,385
544,False,0.4903024211381666,2.3333208495705984,general_184,386
411,False,0.49035451489398024,2.333330759003835,general_51,387
598,False,0.49016857287799703,2.3333398863567045,general_238,388
608,False,0.49033433484716743,2.3333405972638097,general_248,389
599,False,0.4902078492512584,2.3333469802477196,general_239,390
479,False,0.49018655227801605,2.333355783905001,general_119,391
501,False,0.4901243698607737,2.33336127963906,general_141,392
596,False,0.4902840304034008,2.3333978803289748,general_236,393
390,False,0.4904281902603877,2.3334350233669774,general_30,394
450,False,0.4901361479454876,2.3334929417734958,general_90,395
578,False,0.49031003662154127,2.3335501932658005,general_218,396
503,False,0.49049476409106707,2.3335558090198756,general_143,397
625,False,0.4903917046047301,2.3335757061494355,general_265,398
514,False,0.49036420681793996,2.333604239425248,general_154,399
623,False,0.49041395238367086,2.3336148314563854,general_263,400
628,False,0.49032728086205307,2.33363373786424,general_268,401
589,False,0.49032029763958934,2.3336390228906883,general_229,402
384,False,0.49033547632134455,2.333644762992675,general_24,403
430,False,0.4904020542173225,2.3336703708548168,general_70,404
574,False,0.49039717361134383,2.3336895128186037,general_214,405
716,False,0.4903365802997165,2.3336928732962026,general_356,406
498,False,0.4902897646280381,2.3337149635442676,general_138,407
402,False,0.4902803708354256,2.333718113789296,general_42,408
478,False,0.4904345139258476,2.333718478153746,general_118,409
714,False,0.49048687757016346,2.333726617916228,general_354,410
516,False,0.49044439624103653,2.333738752948337,general_156,411
447,False,0.49046617671892984,2.3337473821513575,general_87,412
412,False,0.4903873220445003,2.3337640328469424,general_52,413
529,False,0.49059851513586983,2.3337682770955848,general_169,414
427,False,0.49030763654789966,2.3337829079420045,general_67,415
697,False,0.49050749996967125,2.3337910795325136,general_337,416
406,False,0.4904111646394267,2.33380934759806,general_46,417
381,False,0.49048742934644773,2.333812354695345,general_21,418
605,False,0.4904154928917381,2.333818764378367,general_245,419
502,False,0.49038712949498353,2.3338281003863104,general_142,420
397,False,0.49050982151877154,2.3338291438667635,general_37,421
597,False,0.4904917215669409,2.3338362861174105,general_237,422
476,False,0.490411537374756,2.33383778480312,general_116,423
510,False,0.49051637828639105,2.333857915131093,general_150,424
518,False,0.49062113997660306,2.333861162553188,general_158,425
431,False,0.490316764465889,2.3338857941934754,general_71,426
436,False,0.4904126931440587,2.33389026209193,general_76,427
547,False,0.49043151726730266,2.333890979670751,general_187,428
595,False,0.49042925670223414,2.333898938531365,general_235,429
645,False,0.49044058853159556,2.333902941187697,general_285,430
530,False,0.49061757701600567,2.3339311574794537,general_170,431
708,False,0.49040866681570494,2.333936137277129,general_348,432
513,False,0.49041171052509336,2.3339431164905386,general_153,433
464,False,0.4903978827382269,2.333957757692118,general_104,434
379,False,0.49038140752107684,2.3339617447813668,general_19,435
548,False,0.49038462497287477,2.333963544890768,general_188,436
558,False,0.490614658246183,2.333989819166211,general_198,437
537,False,0.49046935693885735,2.3339925179884506,general_177,438
372,False,0.49030029335085457,2.333997851141715,general_12,439
585,False,0.49058997071534816,2.3340140244586483,general_225,440
515,False,0.4906336839899444,2.334021754813023,general_155,441
692,False,0.4904389548981986,2.3340276667931708,general_332,442
713,False,0.4906193234228968,2.3340302061132876,general_353,443
633,False,0.4904670062311217,2.334031702852772,general_273,444
534,False,0.49053435503025733,2.334038854062202,general_174,445
649,False,0.49045469459378577,2.3340419276223274,general_289,446
465,False,0.4904605246567226,2.334047545426669,general_105,447
580,False,0.49048184260794797,2.334049726640354,general_220,448
690,False,0.4904784048397868,2.3340576912409836,general_330,449
715,False,0.49044142270005,2.3340596391203015,general_355,450
709,False,0.49051819010411973,2.334059896493347,general_349,451
533,False,0.4902692404576715,2.3340630975700902,general_173,452
718,False,0.49048132307917275,2.3340716356794418,general_358,453
565,False,0.4905309948347438,2.334078818713811,general_205,454
367,False,0.49065508633241856,2.3340800387174463,general_7,455
426,False,0.49030433680603575,2.3340885657546124,general_66,456
631,False,0.49053450712625224,2.3340924629052164,general_271,457
657,False,0.49046519734320315,2.334114802450196,general_297,458
642,False,0.49043708477047887,2.334120604144178,general_282,459
401,False,0.49044465205591736,2.3341265670712827,general_41,460
696,False,0.49046992662833105,2.3341347677446054,general_336,461
525,False,0.4904769560438459,2.3341454468790737,general_165,462
509,False,0.49050272043764404,2.3341487890939483,general_149,463
499,False,0.49049349194504227,2.334167854566724,general_139,464
541,False,0.49034352317968644,2.3341762231571224,general_181,465
640,False,0.49032686971831213,2.3341791553811406,general_280,466
592,False,0.49054664931218533,2.334182197650348,general_232,467
507,False,0.49044160378819784,2.3341905563098297,general_147,468
455,False,0.4905022543212262,2.3341946160081184,general_95,469
394,False,0.49043090672039585,2.3342113231015142,general_34,470
526,False,0.490495585979057,2.334213502937398,general_166,471
362,False,0.490575071152563,2.3342384215256233,general_2,472
588,False,0.4904651538682011,2.334241558619789,general_228,473
610,False,0.49057494241615884,2.3342621498013685,general_250,474
606,False,0.4906063638629078,2.334272960331327,general_246,475
471,False,0.4906124000663325,2.3342758274681463,general_111,476
400,False,0.49063888659083854,2.334282137665687,general_40,477
679,False,0.4904959454809161,2.3342826254557396,general_319,478
470,False,0.490663083035905,2.3342870249140706,general_110,479
421,False,0.4905708003347865,2.3342870485623672,general_61,480
672,False,0.4904917023891407,2.3343019203943713,general_312,481
632,False,0.49060663453125297,2.3343041555170467,general_272,482
603,False,0.49056438588534906,2.3343042178420785,general_243,483
626,False,0.49061751268917675,2.334309929486829,general_266,484
549,False,0.4906653942230158,2.334312074375145,general_189,485
391,False,0.4904809078491581,2.3343125206094406,general_31,486
607,False,0.4906770453657635,2.3343228438725836,general_247,487
531,False,0.49049857457868346,2.3343295638570947,general_171,488
584,False,0.4907526235212888,2.3343304863403778,general_224,489
378,False,0.4905535698514047,2.334333627638128,general_18,490
698,False,0.49062732964702194,2.3343358104476506,general_338,491
387,False,0.4904520487486987,2.3343393354064363,general_27,492
425,False,0.49058252497493293,2.3343415837111468,general_65,493
665,False,0.49065582263013796,2.334344733027717,general_305,494
577,False,0.49060194105523564,2.3343457838140553,general_217,495
568,False,0.49057583439214164,2.334351417681062,general_208,496
437,False,0.49061151007354015,2.334351761270886,general_77,497
472,False,0.49060068598244155,2.334352015658543,general_112,498
677,False,0.4906675717269174,2.3343526677470385,general_317,499
627,False,0.49051234662002396,2.3343640576241187,general_267,500
563,False,0.49060476487134796,2.334365143544475,general_203,501
456,False,0.4906457085239429,2.3343657246888325,general_96,502
536,False,0.49054170750250015,2.334399072556322,general_176,503
428,False,0.4906470183522905,2.3344004928436526,general_68,504
468,False,0.4907293642972301,2.334411356819297,general_108,505
416,False,0.4907281747909549,2.3344151564745443,general_56,506
602,False,0.4905167909937656,2.334422626066999,general_242,507
467,False,0.49041161330470845,2.3344267798564844,general_107,508
582,False,0.49070886040515355,2.334427883620292,general_222,509
701,False,0.49068004483279976,2.334429758347821,general_341,510
629,False,0.4906435459775592,2.3344323967923026,general_269,511
559,False,0.4904844361563254,2.334439733162351,general_199,512
579,False,0.49057622436198345,2.3344402656807555,general_219,513
538,False,0.4905106027124682,2.3344478661829466,general_178,514
517,False,0.49069777576015416,2.3344538489009485,general_157,515
511,False,0.4906455777929565,2.33446205830266,general_151,516
492,False,0.49053434801711243,2.334464713987246,general_132,517
707,False,0.4907324383642689,2.334465914397894,general_347,518
445,False,0.4906675454973749,2.3344686761289046,general_85,519
575,False,0.49065738177900287,2.334472707325151,general_215,520
389,False,0.4907691254310136,2.3344737148814874,general_29,521
618,False,0.49053105562044563,2.3344780063624686,general_258,522
392,False,0.4905270612172093,2.334480143788431,general_32,523
452,False,0.49051727104144316,2.3344886446494035,general_92,524
587,False,0.49061972468077836,2.3344892196975406,general_227,525
532,False,0.49068871053416596,2.334494815500223,general_172,526
556,False,0.49057002043478115,2.334501832596204,general_196,527
554,False,0.4905912950875171,2.3345105804757127,general_194,528
484,False,0.4906457688233063,2.3345260785401623,general_124,529
659,False,0.4907271110256177,2.334532651713762,general_299,530
583,False,0.4906724085159934,2.3345337218490814,general_223,531
647,False,0.4907705164331839,2.3345354183686835,general_287,532
682,False,0.4907182274888936,2.3345361225509516,general_322,533
409,False,0.49065950896931515,2.3345371042141903,general_49,534
619,False,0.49074077912134856,2.3345429272590046,general_259,535
446,False,0.4906649315990491,2.334543193850209,general_86,536
386,False,0.4906606524879515,2.334546271531365,general_26,537
689,False,0.4905566266339547,2.334547331199457,general_329,538
700,False,0.49052061552204107,2.3345486486331453,general_340,539
443,False,0.4907184259210602,2.3345551263667943,general_83,540
609,False,0.49075403773335613,2.3345642500292763,general_249,541
459,False,0.490695260654554,2.3345658335905988,general_99,542
650,False,0.4907107189625535,2.334574351014402,general_290,543
418,False,0.49065879838623017,2.3345836458122102,general_58,544
488,False,0.49076767494854273,2.3345921765722073,general_128,545
364,False,0.49075269748874667,2.334598495943783,general_4,546
712,False,0.49065208948995587,2.3346121082621347,general_352,547
466,False,0.49061286785129876,2.3346128025337034,general_106,548
423,False,0.49046556154987736,2.3346250235847896,general_63,549
461,False,0.49074743386552266,2.334647149506253,general_101,550
385,False,0.4909123970680782,2.3346472470946495,general_25,551
489,False,0.4907742835790333,2.334661167248149,general_129,552
535,False,0.49059984324638,2.3346672389352605,general_175,553
361,False,0.4905782813089837,2.3346677784691057,general_1,554
594,False,0.49074687988400867,2.3346737340242836,general_234,555
635,False,0.490713600537856,2.3346800021622984,general_275,556
636,False,0.4907470402614709,2.3346828992910353,general_276,557
581,False,0.49070299742474094,2.3346913210400135,general_221,558
438,False,0.4906955172080836,2.3346965775715844,general_78,559
403,False,0.4906687508798884,2.334699868908883,general_43,560
482,False,0.49071136699133944,2.334716123747379,general_122,561
451,False,0.4907010016504088,2.3347180527538773,general_91,562
542,False,0.4907201770423407,2.334719144304941,general_182,563
643,False,0.4905485144965429,2.3347197367155017,general_283,564
703,False,0.49069273938161445,2.334738349715196,general_343,565
562,False,0.49063132338727033,2.334754937441709,general_202,566
655,False,0.4906327843684981,2.334755451646603,general_295,567
420,False,0.4907235946942456,2.334757310639798,general_60,568
393,False,0.4907478125402624,2.3347592304498344,general_33,569
710,False,0.4906785627543967,2.334766117408159,general_350,570
493,False,0.49078208167701265,2.3347662276738865,general_133,571
634,False,0.49059436132579576,2.3347700662379047,general_274,572
460,False,0.49069787013441385,2.334788534968327,general_100,573
644,False,0.49076731100850557,2.3348333322015336,general_284,574
566,False,0.4906337577512321,2.3348524967187796,general_206,575
654,False,0.490701048945818,2.334856125708425,general_294,576
454,False,0.4907896761560463,2.3348712579810234,general_94,577
373,False,0.4909337235668251,2.334871860318787,general_13,578
550,False,0.4907135716222806,2.33489777036749,general_190,579
576,False,0.49079088609603344,2.3349020933298394,general_216,580
375,False,0.490949716735421,2.3349074199816133,general_15,581
380,False,0.490744995798005,2.334910510333934,general_20,582
475,False,0.4909231965086631,2.334915034558142,general_115,583
480,False,0.49080206736752974,2.3349238316303387,general_120,584
388,False,0.49082242310810814,2.334924486377978,general_28,585
601,False,0.4908231636481835,2.334934070377508,general_241,586
413,False,0.4907257394148055,2.3349396450576925,general_53,587
524,False,0.4906190358613899,2.334940663095746,general_164,588
693,False,0.4908914741406494,2.3349459806025212,general_333,589
660,False,0.4906848895032606,2.3349560400347436,general_300,590
678,False,0.4906581280183251,2.334957246791998,general_318,591
432,False,0.49067949416168755,2.334963660442307,general_72,592
407,False,0.490695670688688,2.3349781504639506,general_47,593
368,False,0.4907765806395421,2.3349831645921126,general_8,594
366,False,0.4907365593463397,2.334983518875013,general_6,595
424,False,0.4907392994161016,2.334985678130045,general_64,596
667,False,0.49086728600784263,2.3349889698549537,general_307,597
496,False,0.49084404444446883,2.3350115916974374,general_136,598
658,False,0.49082616778391447,2.335023407198583,general_298,599
630,False,0.49072869442146055,2.335028128829623,general_270,600
670,False,0.49075573329685906,2.3350410504462675,general_310,601
399,False,0.49081435661328626,2.335041920950561,general_39,602
706,False,0.49089473662990435,2.335048281733731,general_346,603
528,False,0.4907698201068507,2.335063554269505,general_168,604
395,False,0.4909051105435575,2.335074085570832,general_35,605
404,False,0.4910371695148448,2.33507818246416,general_44,606
560,False,0.49086579585656887,2.335095173564862,general_200,607
604,False,0.4907706609721479,2.3350965524268728,general_244,608
569,False,0.4909529468444205,2.335097548006204,general_209,609
474,False,0.4906681572187139,2.3350979857892185,general_114,610
695,False,0.4907119887984276,2.3351026068521366,general_335,611
668,False,0.490804554034281,2.335105924374822,general_308,612
705,False,0.4907052622138675,2.3351084193265867,general_345,613
694,False,0.49086203123333966,2.3351090054093717,general_334,614
669,False,0.4908297249934735,2.3351109532453127,general_309,615
674,False,0.49082657605094376,2.3351192442662425,general_314,616
661,False,0.49071527295160977,2.335120762584848,general_301,617
622,False,0.4907829026122409,2.3351314757478128,general_262,618
398,False,0.4908843073440479,2.335131632054045,general_38,619
434,False,0.4909580781636985,2.3351383685653744,general_74,620
414,False,0.4908387457220011,2.3351440678982476,general_54,621
457,False,0.4907814209318553,2.335155152533022,general_97,622
417,False,0.4908633435023665,2.335161723168356,general_57,623
522,False,0.4908534480391898,2.3351635547905434,general_162,624
477,False,0.4911086149649219,2.33516717724459,general_117,625
433,False,0.490910188979665,2.3351890854019426,general_73,626
494,False,0.4908572007848695,2.335192132324747,general_134,627
675,False,0.49100740620033595,2.3352026519504836,general_315,628
651,False,0.4909386882881144,2.3352106243083357,general_291,629
370,False,0.49088759490436074,2.335213557445392,general_10,630
621,False,0.4907781185878953,2.3352158683200215,general_261,631
540,False,0.49093152427899134,2.3352212668972614,general_180,632
485,False,0.49077523014662383,2.3352241168197967,general_125,633
557,False,0.49083468646881967,2.3352272020800795,general_197,634
374,False,0.4908176024619457,2.3352591319282627,general_14,635
439,False,0.4909790908933216,2.335269932240598,general_79,636
615,False,0.4910200923146209,2.335272381668457,general_255,637
717,False,0.4907529148335379,2.335294058124021,general_357,638
684,False,0.4908375411023852,2.3353040603913104,general_324,639
458,False,0.49091991544578545,2.335325171771021,general_98,640
376,False,0.4909624791560629,2.335342737233715,general_16,641
508,False,0.490918530441648,2.3353478270016366,general_148,642
666,False,0.4909565746866962,2.3353660551666033,general_306,643
449,False,0.4910318589476399,2.3353846426152023,general_89,644
688,False,0.4909338511134232,2.3353958041568825,general_328,645
495,False,0.4909518864997265,2.3353982059877936,general_135,646
442,False,0.4908911098018559,2.335411941993252,general_82,647
504,False,0.49086188343385,2.3354140275378343,general_144,648
699,False,0.49088015188856315,2.3354243162346107,general_339,649
648,False,0.4910048755628675,2.3354335914561837,general_288,650
512,False,0.49092931404689544,2.335443354017465,general_152,651
486,False,0.4910596889037271,2.335458182746165,general_126,652
638,False,0.4908914353276516,2.3354587121669077,general_278,653
553,False,0.49087953632405557,2.335467082138512,general_193,654
614,False,0.4910335607643745,2.335481111919683,general_254,655
702,False,0.4908415632514981,2.3354868691813384,general_342,656
624,False,0.49100173584786855,2.3354902608290677,general_264,657
555,False,0.4908803139829993,2.335496820993547,general_195,658
363,False,0.4908754771634483,2.335502904471884,general_3,659
641,False,0.4910313178743484,2.33550415033349,general_281,660
453,False,0.49096122454835145,2.3355054516827547,general_93,661
505,False,0.490830312130179,2.3355119170749523,general_145,662
686,False,0.49090711846685986,2.335514076303603,general_326,663
561,False,0.4911279558995514,2.3355320562582778,general_201,664
691,False,0.49097692420852124,2.3355527063315615,general_331,665
448,False,0.49093312177747434,2.335559089426389,general_88,666
527,False,0.49100389546571716,2.3355673071541516,general_167,667
571,False,0.4909702107518948,2.3355717920627823,general_211,668
600,False,0.49093496571154605,2.3356059451791156,general_240,669
481,False,0.49108538931513795,2.335607352350519,general_121,670
711,False,0.49101483658120215,2.335614529986178,general_351,671
704,False,0.49096586785864055,2.3356204368780853,general_344,672
680,False,0.4910503167803755,2.335635012081602,general_320,673
441,False,0.49118186726931173,2.335636275203734,general_81,674
551,False,0.49105421619091105,2.335639623719647,general_191,675
405,False,0.4909431649065518,2.3356406975884454,general_45,676
410,False,0.4910023641823097,2.3356598020919312,general_50,677
593,False,0.4910416532458195,2.33566405706903,general_233,678
570,False,0.4911690494050093,2.335667578755702,general_210,679
520,False,0.49114932683427404,2.335687840348794,general_160,680
377,False,0.4910918712635404,2.3357005368172303,general_17,681
664,False,0.4910620513104525,2.335713390111505,general_304,682
371,False,0.4909597378879949,2.335721027884505,general_11,683
473,False,0.4908933220709129,2.335732463726505,general_113,684
590,False,0.49111395722707596,2.3357405303915275,general_230,685
586,False,0.4909687839874674,2.335741432166755,general_226,686
676,False,0.49094050278603646,2.335747857407245,general_316,687
444,False,0.4911532916642677,2.335767493434588,general_84,688
369,False,0.49110608079812784,2.335777820154141,general_9,689
673,False,0.4910488261226885,2.3358389988053965,general_313,690
662,False,0.4911509469801753,2.3358725779698117,general_302,691
497,False,0.4912569770415987,2.3358888968023113,general_137,692
617,False,0.4911110814767102,2.335892838115366,general_257,693
543,False,0.4910582742570754,2.3359207233330768,general_183,694
500,False,0.4910572902521168,2.335963845851006,general_140,695
519,False,0.49114605340947803,2.3359816105114097,general_159,696
463,False,0.49096577284903764,2.3359987228975694,general_103,697
382,False,0.49127392653922763,2.3360617979582123,general_22,698
572,False,0.49101071021432935,2.3360646004839367,general_212,699
663,False,0.4911025647233179,2.336069514474398,general_303,700
506,False,0.49116631752301365,2.3361175581523432,general_146,701
687,False,0.4911384775630758,2.336131207348776,general_327,702
469,False,0.4912301871602718,2.336141411785617,general_109,703
611,False,0.49108139687568214,2.336182486771663,general_251,704
429,False,0.4911670928800972,2.336233804843147,general_69,705
435,False,0.4912685825152676,2.3362341731242404,general_75,706
639,False,0.49129944110943113,2.3363533838320842,general_279,707
422,False,0.4913837654295421,2.33638987109154,general_62,708
656,False,0.4913336674453388,2.336403746605905,general_296,709
685,False,0.4911533365253933,2.336412448410356,general_325,710
419,False,0.49122915294154074,2.336440014818236,general_59,711
415,False,0.49120486230276433,2.3364525646321272,general_55,712
539,False,0.49135269047594377,2.3364943338802147,general_179,713
552,False,0.4914316609246456,2.3364992617109284,general_192,714
521,False,0.49136307482335473,2.3365532096991117,general_161,715
719,False,0.4914418126316621,2.3365706454356183,general_359,716
683,False,0.49127325907253105,2.336683320503049,general_323,717
646,False,0.49154313786301196,2.3371967088010344,general_286,718
653,False,0.49156119108461743,2.337768593721803,general_293,719
