,is_well_nested,ms,ee,perm,i
0,True,0.33352854919541286,1.9489288205715227,"(0, 1, 2, 3, 4, 5)",0
360,True,0.33352854919541286,1.9489288205715227,general_0,1
1,False,0.334571393792777,1.9492855618516403,"(0, 1, 2, 3, 5, 4)",2
120,True,0.3341103854954786,1.9493631408946026,"(1, 0, 2, 3, 4, 5)",3
121,False,0.33502114119765203,1.94971988217472,"(1, 0, 2, 3, 5, 4)",4
2,True,0.3340866837155687,1.9497852966353808,"(0, 1, 2, 4, 3, 5)",5
6,False,0.3341458308103973,1.9497954010431733,"(0, 1, 3, 2, 4, 5)",6
24,False,0.3341168153765494,1.9498040230645546,"(0, 2, 1, 3, 4, 5)",7
4,True,0.3351415109873284,1.9498242799266936,"(0, 1, 2, 5, 3, 4)",8
264,True,0.3344080218427025,1.9498257960631378,"(2, 1, 0, 3, 4, 5)",9
5,True,0.33513724324270394,1.9498363676073414,"(0, 1, 2, 5, 4, 3)",10
144,False,0.33444800397718777,1.9498477742395355,"(1, 2, 0, 3, 4, 5)",11
7,False,0.3349976222278478,1.9501521423232904,"(0, 1, 3, 2, 5, 4)",12
3,False,0.3349706396616716,1.9501541255961459,"(0, 1, 2, 4, 5, 3)",13
25,False,0.3349696745081314,1.9501607643446717,"(0, 2, 1, 3, 5, 4)",14
265,False,0.3351218392275317,1.9501825373432544,"(2, 1, 0, 3, 5, 4)",15
145,False,0.33514903836604465,1.950204515519653,"(1, 2, 0, 3, 5, 4)",16
240,True,0.3345012664074903,1.950216365211236,"(2, 0, 1, 3, 4, 5)",17
122,True,0.3344889115745109,1.9502196169584607,"(1, 0, 2, 4, 3, 5)",18
126,False,0.3345507231932849,1.9502297213662534,"(1, 0, 3, 2, 4, 5)",19
124,True,0.33538187949644555,1.9502586002497735,"(1, 0, 2, 5, 3, 4)",20
125,True,0.3353813768731509,1.9502706879304212,"(1, 0, 2, 5, 4, 3)",21
294,False,0.33459062233819614,1.9502914958309463,"(2, 3, 1, 0, 4, 5)",22
270,False,0.33455432542967467,1.9503187468125034,"(2, 1, 3, 0, 4, 5)",23
150,False,0.334551551351069,1.9503407249889015,"(1, 2, 3, 0, 4, 5)",24
18,False,0.3352085279927365,1.9503702384525914,"(0, 1, 5, 2, 3, 4)",25
19,False,0.33528230482963867,1.9503823261332394,"(0, 1, 5, 2, 4, 3)",26
22,False,0.33534122742452843,1.950396842204368,"(0, 1, 5, 4, 2, 3)",27
305,False,0.3352136672529881,1.9504843918445613,"(2, 3, 4, 5, 1, 0)",28
23,False,0.3352136672529882,1.9504843918445618,"(0, 1, 5, 4, 3, 2)",29
241,False,0.33535261821914186,1.9505731064913532,"(2, 0, 1, 3, 5, 4)",30
127,False,0.33526462717244637,1.9505864626463703,"(1, 0, 3, 2, 5, 4)",31
123,False,0.335363887195193,1.9505884459192255,"(1, 0, 2, 4, 5, 3)",32
295,False,0.3349160704702885,1.9506482371110634,"(2, 3, 1, 0, 5, 4)",33
26,False,0.33448684411991075,1.9506604991284127,"(0, 2, 1, 4, 3, 5)",34
271,False,0.3349630096550091,1.950675488092621,"(2, 1, 3, 0, 5, 4)",35
266,True,0.33472737928590457,1.9506822721269956,"(2, 1, 0, 4, 3, 5)",36
151,False,0.33492394355639277,1.950697466269019,"(1, 2, 3, 0, 5, 4)",37
28,False,0.3355260640516128,1.9506994824197257,"(0, 2, 1, 5, 3, 4)",38
48,False,0.33448989812880275,1.9507022305594695,"(0, 3, 1, 2, 4, 5)",39
146,False,0.33482993211408296,1.9507042503033938,"(1, 2, 0, 4, 3, 5)",40
29,False,0.33546783667450064,1.9507115701003732,"(0, 2, 1, 5, 4, 3)",41
268,True,0.3351997975889353,1.9507212554183082,"(2, 1, 0, 5, 3, 4)",42
269,True,0.33509689304195917,1.950733343098956,"(2, 1, 0, 5, 4, 3)",43
148,False,0.33528712361896823,1.9507432335947066,"(1, 2, 0, 5, 3, 4)",44
12,False,0.3345116833475569,1.9507472842446334,"(0, 1, 4, 2, 3, 5)",45
149,False,0.3352534322280715,1.9507553212753543,"(1, 2, 0, 5, 4, 3)",46
288,False,0.3348042741526642,1.9507871616680068,"(2, 3, 0, 1, 4, 5)",47
30,False,0.3345436258813018,1.9507926396509816,"(0, 2, 3, 1, 4, 5)",48
138,False,0.33514790808598505,1.9508045587756713,"(1, 0, 5, 2, 3, 4)",49
16,False,0.3355560012925292,1.9508128712877226,"(0, 1, 4, 5, 2, 3)",50
139,False,0.33523101881498457,1.9508166464563188,"(1, 0, 5, 2, 4, 3)",51
114,False,0.33482486621754287,1.950822048897314,"(0, 5, 4, 1, 2, 3)",52
54,False,0.3344689804291877,1.9508242666742461,"(0, 3, 2, 1, 4, 5)",53
142,False,0.3352356046710776,1.950831162527448,"(1, 0, 5, 4, 2, 3)",54
8,False,0.3345332091536028,1.95084276448669,"(0, 1, 3, 4, 2, 5)",55
96,False,0.3346599320950835,1.9508484529220687,"(0, 5, 1, 2, 3, 4)",56
97,False,0.3348314939899836,1.9508605406027169,"(0, 5, 1, 2, 4, 3)",57
296,False,0.33432829973147,1.9508655620832303,"(2, 3, 1, 4, 0, 5)",58
100,False,0.3348211385003822,1.9508750566738453,"(0, 5, 1, 4, 2, 3)",59
272,False,0.33440423250646273,1.9508928130647878,"(2, 1, 3, 4, 0, 5)",60
17,False,0.3356380146537027,1.9509004209279164,"(0, 1, 4, 5, 3, 2)",61
311,False,0.3356380146537027,1.9509004209279164,"(2, 3, 5, 4, 1, 0)",62
297,False,0.3348947255513781,1.9509095985375073,"(2, 3, 1, 4, 5, 0)",63
115,False,0.3348947255513781,1.9509095985375073,"(0, 5, 4, 1, 3, 2)",64
152,False,0.3342448384076285,1.9509147912411864,"(1, 2, 3, 4, 0, 5)",65
302,False,0.33432447127346726,1.9509185698597618,"(2, 3, 4, 1, 0, 5)",66
143,False,0.3350743583708282,1.9509187121676415,"(1, 0, 5, 4, 3, 2)",67
304,False,0.3350743583708282,1.9509187121676415,"(2, 3, 4, 5, 0, 1)",68
273,False,0.3348258008715702,1.950936849519065,"(2, 1, 3, 4, 5, 0)",69
118,False,0.3348258008715702,1.950936849519065,"(0, 5, 4, 3, 1, 2)",70
14,False,0.334472150786579,1.950938171624292,"(0, 1, 4, 3, 2, 5)",71
153,False,0.3345917055705435,1.9509588276954632,"(1, 2, 3, 4, 5, 0)",72
119,False,0.33459170557054363,1.9509588276954635,"(0, 5, 4, 3, 2, 1)",73
101,False,0.3348539897125277,1.9509626063140388,"(0, 5, 1, 4, 3, 2)",74
303,False,0.3348539897125277,1.9509626063140388,"(2, 3, 4, 1, 5, 0)",75
27,False,0.33537854075584517,1.9510293280891777,"(0, 2, 1, 4, 5, 3)",76
267,False,0.33543055060201316,1.9510511010877605,"(2, 1, 0, 4, 5, 3)",77
49,False,0.3353224687696018,1.9510589718395868,"(0, 3, 1, 2, 5, 4)",78
242,True,0.3348708872505983,1.951072841275094,"(2, 0, 1, 4, 3, 5)",79
147,False,0.33548717577596365,1.9510730792641588,"(1, 2, 0, 4, 5, 3)",80
174,False,0.3348352331652953,1.9510886234409832,"(1, 3, 2, 0, 4, 5)",81
244,True,0.33566819919958857,1.9511118245664067,"(2, 0, 1, 5, 3, 4)",82
13,False,0.33528109965066716,1.9511161132053985,"(0, 1, 4, 2, 5, 3)",83
245,True,0.33565255956077983,1.9511239122470547,"(2, 0, 1, 5, 4, 3)",84
20,False,0.33554176665498237,1.9511337601626764,"(0, 1, 5, 3, 2, 4)",85
289,False,0.33546148496821915,1.951143902948124,"(2, 3, 0, 1, 5, 4)",86
31,False,0.33537591455564836,1.9511493809310987,"(0, 2, 3, 1, 5, 4)",87
55,False,0.33527184139007044,1.9511810079543634,"(0, 3, 2, 1, 5, 4)",88
132,False,0.3349003735344869,1.951181604567713,"(1, 0, 4, 2, 3, 5)",89
246,False,0.3348146440100408,1.9512049817976629,"(2, 0, 3, 1, 4, 5)",90
329,False,0.33553654814564227,1.9512333974835179,"(2, 4, 3, 5, 1, 0)",91
21,False,0.3355365481456424,1.951233397483518,"(0, 1, 5, 3, 4, 2)",92
90,False,0.33555206772339796,1.9512410183534472,"(0, 4, 5, 1, 2, 3)",93
136,False,0.33577746058716174,1.9512471916108027,"(1, 0, 4, 5, 2, 3)",94
128,False,0.3349090923488296,1.9512770848097698,"(1, 0, 3, 4, 2, 5)",95
359,False,0.3353433677246152,1.9512991430876485,"(2, 5, 4, 3, 1, 0)",96
9,False,0.3353433677246152,1.9512991430876485,"(0, 1, 3, 4, 5, 2)",97
91,False,0.33567940471956387,1.951328567993641,"(0, 4, 5, 1, 3, 2)",98
299,False,0.33567940471956387,1.951328567993641,"(2, 3, 1, 5, 4, 0)",99
137,False,0.3358141023995944,1.951334741250996,"(1, 0, 4, 5, 3, 2)",100
310,False,0.3358141023995944,1.951334741250996,"(2, 3, 5, 4, 0, 1)",101
275,False,0.33566539537193585,1.9513558189751987,"(2, 1, 3, 5, 4, 0)",102
94,False,0.33566539537193585,1.9513558189751987,"(0, 4, 5, 3, 1, 2)",103
134,False,0.33484877526814416,1.9513724919473716,"(1, 0, 4, 3, 2, 5)",104
155,False,0.335608011273337,1.9513777971515969,"(1, 2, 3, 5, 4, 0)",105
95,False,0.3356080112733371,1.951377797151597,"(0, 4, 5, 3, 2, 1)",106
353,False,0.3354636492701679,1.9513945502252508,"(2, 5, 3, 4, 1, 0)",107
15,False,0.335463649270168,1.951394550225251,"(0, 1, 4, 3, 5, 2)",108
300,False,0.33483964836341173,1.951416261559595,"(2, 3, 4, 0, 1, 5)",109
243,False,0.3356338341208962,1.9514416702358592,"(2, 0, 1, 4, 5, 3)",110
175,False,0.3351954780065931,1.9514453647211003,"(1, 3, 2, 0, 5, 4)",111
10,False,0.33570290031062733,1.951454382108429,"(0, 1, 3, 5, 2, 4)",112
168,False,0.3349722169783801,1.9514622531632675,"(1, 3, 0, 2, 4, 5)",113
133,False,0.33564007202733703,1.9515504335284781,"(1, 0, 4, 2, 5, 3)",114
335,False,0.3358516572540084,1.9515540194292704,"(2, 4, 5, 3, 1, 0)",115
11,False,0.3358516572540084,1.9515540194292704,"(0, 1, 3, 5, 4, 2)",116
247,False,0.33562467211818947,1.9515617230777804,"(2, 0, 3, 1, 5, 4)",117
140,False,0.3354554372493881,1.9515680804857563,"(1, 0, 5, 3, 2, 4)",118
116,False,0.3350903794741013,1.9515971983309528,"(0, 5, 4, 2, 1, 3)",119
98,False,0.335015814675852,1.9516119746321536,"(0, 5, 1, 3, 2, 4)",120
298,False,0.33547968365717357,1.9516412728194812,"(2, 3, 1, 5, 0, 4)",121
72,False,0.33478303492143213,1.951644468170244,"(0, 4, 1, 2, 3, 5)",122
176,False,0.3345811861768606,1.9516626896932676,"(1, 3, 2, 4, 0, 5)",123
326,False,0.33458859483314496,1.951667575498718,"(2, 4, 3, 1, 0, 5)",124
328,False,0.33546490062402134,1.9516677178065978,"(2, 4, 3, 5, 0, 1)",125
141,False,0.33546490062402146,1.951667717806598,"(1, 0, 5, 3, 4, 2)",126
274,False,0.33555733670308474,1.9516685238010387,"(2, 1, 3, 5, 0, 4)",127
154,False,0.33549779852417233,1.951690501977437,"(1, 2, 3, 5, 0, 4)",128
117,False,0.3350793433108776,1.9517067261475447,"(0, 5, 4, 2, 3, 1)",129
177,False,0.3350793433108776,1.9517067261475447,"(1, 3, 2, 4, 5, 0)",130
76,False,0.3357911632164232,1.9517100552133337,"(0, 4, 1, 5, 2, 3)",131
327,False,0.33513915050058085,1.951711611952995,"(2, 4, 3, 1, 5, 0)",132
99,False,0.33513915050058085,1.9517116119529951,"(0, 5, 1, 3, 4, 2)",133
102,False,0.3351038471915778,1.951720997474651,"(0, 5, 2, 1, 3, 4)",134
103,False,0.3350897926795842,1.9517330851552988,"(0, 5, 2, 1, 4, 3)",135
358,False,0.3356469193863867,1.9517334634107282,"(2, 5, 4, 3, 0, 1)",136
129,False,0.3356469193863867,1.9517334634107282,"(1, 0, 3, 4, 5, 2)",137
278,False,0.3346224457433508,1.951746575872219,"(2, 1, 4, 3, 0, 5)",138
50,False,0.3346911672780516,1.9517495940029863,"(0, 3, 1, 4, 2, 5)",139
158,False,0.33466388922887336,1.9517685540486176,"(1, 2, 4, 3, 0, 5)",140
216,False,0.3352273766001745,1.9517804649449815,"(1, 5, 0, 2, 3, 4)",141
279,False,0.33517005523410526,1.951790612326496,"(2, 1, 4, 3, 5, 0)",142
112,False,0.3351700552341053,1.9517906123264963,"(0, 5, 3, 4, 1, 2)",143
217,False,0.3353087015836775,1.9517925526256292,"(1, 5, 0, 2, 4, 3)",144
77,False,0.3358882718765195,1.9517976048535273,"(0, 4, 1, 5, 3, 2)",145
309,False,0.3358882718765195,1.9517976048535273,"(2, 3, 5, 1, 4, 0)",146
220,False,0.33529314087668954,1.9518070686967584,"(1, 5, 0, 4, 2, 3)",147
113,False,0.3350949833983898,1.9518125905028947,"(0, 5, 3, 4, 2, 1)",148
159,False,0.3350949833983898,1.9518125905028947,"(1, 2, 4, 3, 5, 0)",149
282,False,0.335645743890333,1.9518128935406096,"(2, 1, 5, 0, 3, 4)",150
169,False,0.3356418517935248,1.9518189944433848,"(1, 3, 0, 2, 5, 4)",151
283,False,0.3356118232888289,1.9518249812212574,"(2, 1, 5, 0, 4, 3)",152
352,False,0.3357403739542344,1.9518288705483304,"(2, 5, 3, 4, 0, 1)",153
135,False,0.3357403739542344,1.9518288705483304,"(1, 0, 4, 3, 5, 2)",154
162,False,0.3355990129285104,1.9518348717170078,"(1, 2, 5, 0, 3, 4)",155
74,False,0.3348431189061507,1.951835355549903,"(0, 4, 1, 3, 2, 5)",156
163,False,0.3356772156697679,1.9518469593976555,"(1, 2, 5, 0, 4, 3)",157
290,False,0.33511557635279804,1.9518589196201237,"(2, 3, 0, 4, 1, 5)",158
32,False,0.3348350640536243,1.951864397603099,"(0, 2, 3, 4, 1, 5)",159
130,False,0.33591336694427637,1.9518887024315088,"(1, 0, 3, 5, 2, 4)",160
221,False,0.33528278568333814,1.9518946183369517,"(1, 5, 0, 4, 3, 2)",161
301,False,0.33528278568333814,1.9518946183369517,"(2, 3, 4, 0, 5, 1)",162
56,False,0.3348830096663304,1.9518960246263632,"(0, 3, 2, 4, 1, 5)",163
285,False,0.3359772202578467,1.9519545063481336,"(2, 1, 5, 3, 4, 0)",164
88,False,0.3359772202578467,1.9519545063481338,"(0, 4, 3, 5, 1, 2)",165
64,False,0.33587642868096207,1.951964151938819,"(0, 3, 4, 5, 1, 2)",166
287,False,0.33587642868096207,1.951964151938819,"(2, 1, 5, 4, 3, 0)",167
84,False,0.33492862736876045,1.9519650060629519,"(0, 4, 3, 1, 2, 5)",168
60,False,0.3348836570943735,1.9519746516536371,"(0, 3, 4, 1, 2, 5)",169
165,False,0.33594354220717887,1.951976484524532,"(1, 2, 5, 3, 4, 0)",170
89,False,0.3359435422071789,1.9519764845245322,"(0, 4, 3, 5, 2, 1)",171
167,False,0.3358985206019913,1.9519861301152173,"(1, 2, 5, 4, 3, 0)",172
65,False,0.33589852060199143,1.9519861301152175,"(0, 3, 4, 5, 2, 1)",173
334,False,0.33602271908029735,1.95198833975235,"(2, 4, 5, 3, 0, 1)",174
131,False,0.3360227190802974,1.9519883397523503,"(1, 0, 3, 5, 4, 2)",175
86,False,0.33471256881623895,1.9519894005715523,"(0, 4, 3, 2, 1, 5)",176
62,False,0.3349265446567891,1.9519990461622378,"(0, 3, 4, 2, 1, 5)",177
73,False,0.33567943968558156,1.9520132971310094,"(0, 4, 1, 2, 5, 3)",178
92,False,0.33588438348838373,1.9520161677870864,"(0, 4, 5, 2, 1, 3)",179
276,False,0.33512484129735537,1.952028985683793,"(2, 1, 4, 0, 3, 5)",180
156,False,0.3351094612892546,1.9520509638601913,"(1, 2, 4, 0, 3, 5)",181
308,False,0.3360370684471351,1.952110309679367,"(2, 3, 5, 1, 0, 4)",182
42,False,0.3358222004304966,1.9521179854982051,"(0, 2, 5, 1, 3, 4)",183
179,False,0.33588023373665477,1.952125695603678,"(1, 3, 2, 5, 4, 0)",184
93,False,0.33588023373665493,1.9521256956036785,"(0, 4, 5, 2, 3, 1)",185
43,False,0.3358491546555957,1.9521300731788531,"(0, 2, 5, 1, 4, 3)",186
324,False,0.3351509227605503,1.9521652671985508,"(2, 4, 3, 0, 1, 5)",187
357,False,0.3357211149806405,1.952205972603945,"(2, 5, 4, 1, 3, 0)",188
51,False,0.33572111498064056,1.9522059726039451,"(0, 3, 1, 4, 5, 2)",189
281,False,0.33598271182255457,1.9522192273733152,"(2, 1, 4, 5, 3, 0)",190
70,False,0.33598271182255457,1.9522192273733152,"(0, 3, 5, 4, 1, 2)",191
161,False,0.3359438091841932,1.9522412055497136,"(1, 2, 4, 5, 3, 0)",192
71,False,0.3359438091841933,1.9522412055497138,"(0, 3, 5, 4, 2, 1)",193
234,False,0.3358798281257418,1.9522497267572874,"(1, 5, 4, 0, 2, 3)",194
284,False,0.3360522303701207,1.9522672111739736,"(2, 1, 5, 3, 0, 4)",195
248,False,0.33527486391677985,1.95227673974978,"(2, 0, 3, 4, 1, 5)",196
342,False,0.3358220600273758,1.952279771856386,"(2, 5, 1, 0, 3, 4)",197
286,False,0.3361393083718343,1.952288944445307,"(2, 1, 5, 4, 0, 3)",198
164,False,0.33608003767729006,1.952289189350372,"(1, 2, 5, 3, 0, 4)",199
351,False,0.3357101930965399,1.9522917341508617,"(2, 5, 3, 1, 4, 0)",200
75,False,0.33571019309654,1.9522917341508619,"(0, 4, 1, 3, 5, 2)",201
343,False,0.3358341463898878,1.952291859537034,"(2, 5, 1, 0, 4, 3)",202
166,False,0.336148049693357,1.9523109226217052,"(1, 2, 5, 4, 0, 3)",203
222,False,0.33580682875232515,1.9523261445413853,"(1, 5, 2, 0, 3, 4)",204
235,False,0.33591451666035327,1.952337276397481,"(1, 5, 4, 0, 3, 2)",205
291,False,0.33591451666035327,1.9523372763974811,"(2, 3, 0, 4, 5, 1)",206
223,False,0.335817505280303,1.9523382322220333,"(1, 5, 2, 0, 4, 3)",207
239,False,0.3355765421985338,1.952342754380456,"(1, 5, 4, 3, 2, 0)",208
33,False,0.3355765421985338,1.952342754380456,"(0, 2, 3, 4, 5, 1)",209
52,False,0.3360564501004484,1.9523612116247255,"(0, 3, 1, 5, 2, 4)",210
237,False,0.33577717358525033,1.9523743814037202,"(1, 5, 4, 2, 3, 0)",211
57,False,0.33577717358525033,1.9523743814037202,"(0, 3, 2, 4, 5, 1)",212
36,False,0.3349460270041137,1.952396446260952,"(0, 2, 4, 1, 3, 5)",213
277,False,0.33557856688389975,1.9523978146445577,"(2, 1, 4, 0, 5, 3)",214
108,False,0.33535825242314,1.9524127296630533,"(0, 5, 3, 1, 2, 4)",215
78,False,0.335086773572018,1.952418427693531,"(0, 4, 2, 1, 3, 5)",216
157,False,0.3355798175308421,1.9524197928209563,"(1, 2, 4, 0, 5, 3)",217
345,False,0.3357611905166006,1.9524213846639105,"(2, 5, 1, 3, 4, 0)",218
85,False,0.33576119051660064,1.9524213846639107,"(0, 4, 3, 1, 5, 2)",219
347,False,0.33577955741951027,1.952431030254596,"(2, 5, 1, 4, 3, 0)",220
61,False,0.33577955741951027,1.952431030254596,"(0, 3, 4, 1, 5, 2)",221
178,False,0.3357774824214768,1.9524384004295183,"(1, 3, 2, 5, 0, 4)",222
333,False,0.3361271472357765,1.9524608489455668,"(2, 4, 5, 1, 3, 0)",223
53,False,0.3361271472357765,1.9524608489455668,"(0, 3, 1, 5, 4, 2)",224
87,False,0.33570550483882233,1.952467757348909,"(0, 4, 3, 2, 5, 1)",225
225,False,0.33570550483882233,1.952467757348909,"(1, 5, 2, 3, 4, 0)",226
320,False,0.33480199398946897,1.9524683305296175,"(2, 4, 1, 3, 0, 5)",227
227,False,0.3357677152419025,1.9524774029395948,"(1, 5, 2, 4, 3, 0)",228
63,False,0.3357677152419026,1.952477402939595,"(0, 3, 4, 2, 5, 1)",229
170,False,0.33537800777129634,1.9525096166067841,"(1, 3, 0, 4, 2, 5)",230
192,False,0.33538947573297634,1.9525109924468478,"(1, 4, 0, 2, 3, 5)",231
321,False,0.3353328476576911,1.9525123669838949,"(2, 4, 1, 3, 5, 0)",232
109,False,0.3353328476576911,1.9525123669838949,"(0, 5, 3, 1, 4, 2)",233
106,False,0.33531403662931236,1.9525227506600666,"(0, 5, 2, 4, 1, 3)",234
258,False,0.3358052118101629,1.9525303276448867,"(2, 0, 5, 1, 3, 4)",235
356,False,0.3359860784762806,1.9525307651104329,"(2, 5, 4, 1, 0, 3)",236
110,False,0.33530937011186623,1.952535729539856,"(0, 5, 3, 2, 1, 4)",237
259,False,0.3358220166961793,1.9525424153255346,"(2, 0, 5, 1, 4, 3)",238
306,False,0.33585116248668206,1.9525425136328909,"(2, 3, 5, 0, 1, 4)",239
218,False,0.3355532365541022,1.952543986655067,"(1, 5, 0, 3, 2, 4)",240
280,False,0.33583025540463807,1.952544019879803,"(2, 1, 4, 5, 0, 3)",241
160,False,0.33581677952748695,1.9525659980562018,"(1, 2, 4, 5, 0, 3)",242
292,False,0.3358986710893174,1.9525691426100653,"(2, 3, 0, 5, 1, 4)",243
34,False,0.336137678767016,1.95257462059304,"(0, 2, 3, 5, 1, 4)",244
196,False,0.3359182161082386,1.952576579489937,"(1, 4, 0, 5, 2, 3)",245
182,False,0.33491763939854846,1.9525882420223815,"(1, 3, 4, 2, 0, 5)",246
210,False,0.3358972680682186,1.9526032084671114,"(1, 4, 5, 0, 2, 3)",247
350,False,0.3360083892564453,1.9526044389767017,"(2, 5, 3, 1, 0, 4)",248
58,False,0.33609047662124736,1.9526062476163046,"(0, 3, 2, 5, 1, 4)",249
336,False,0.3355302297190833,1.9526066368125647,"(2, 5, 0, 1, 3, 4)",250
104,False,0.335393923583161,1.9526075190615386,"(0, 5, 2, 3, 1, 4)",251
38,False,0.33514798755572917,1.9526117281492112,"(0, 2, 4, 3, 1, 5)",252
200,False,0.3349226620253204,1.952613308582819,"(1, 4, 2, 3, 0, 5)",253
337,False,0.33553748958802476,1.9526187244932125,"(2, 5, 0, 1, 4, 3)",254
107,False,0.3354141162775324,1.9526322784766585,"(0, 5, 2, 4, 3, 1)",255
183,False,0.3354141162775324,1.9526322784766585,"(1, 3, 4, 2, 5, 0)",256
80,False,0.33507238124303484,1.9526337095817903,"(0, 4, 2, 3, 1, 5)",257
219,False,0.335587445052969,1.952643623975908,"(1, 5, 0, 3, 4, 2)",258
325,False,0.33558744505296906,1.9526436239759082,"(2, 4, 3, 0, 5, 1)",259
201,False,0.33541163944047925,1.9526573450370959,"(1, 4, 2, 3, 5, 0)",260
111,False,0.33541163944047936,1.9526573450370963,"(0, 5, 3, 2, 4, 1)",261
197,False,0.3359610148455292,1.9526641291301305,"(1, 4, 0, 5, 3, 2)",262
307,False,0.33596101484552926,1.9526641291301308,"(2, 3, 5, 0, 4, 1)",263
206,False,0.33486643164146346,1.9526850981045016,"(1, 4, 3, 2, 0, 5)",264
211,False,0.33592812168917713,1.9526907581073052,"(1, 4, 5, 0, 3, 2)",265
293,False,0.3359281216891772,1.9526907581073054,"(2, 3, 0, 5, 4, 1)",266
215,False,0.33620559015871054,1.9526962360902798,"(1, 4, 5, 3, 2, 0)",267
35,False,0.33620559015871065,1.95269623609028,"(0, 2, 3, 5, 4, 1)",268
236,False,0.33604791630091424,1.9526991739102082,"(1, 5, 4, 2, 0, 3)",269
194,False,0.335402537250146,1.9527018798265061,"(1, 4, 0, 3, 2, 5)",270
213,False,0.3361650621216132,1.9527278631135443,"(1, 4, 5, 2, 3, 0)",271
59,False,0.33616506212161323,1.9527278631135445,"(0, 3, 2, 5, 4, 1)",272
105,False,0.3353326702010204,1.9527291345587787,"(0, 5, 2, 3, 4, 1)",273
207,False,0.3353326702010204,1.9527291345587787,"(1, 4, 3, 2, 5, 0)",274
344,False,0.33600077272097584,1.9527340894897507,"(2, 5, 1, 3, 0, 4)",275
318,False,0.3353803539463742,1.9527507403411912,"(2, 4, 1, 0, 3, 5)",276
249,False,0.3360097327320898,1.952755096527137,"(2, 0, 3, 4, 5, 1)",277
238,False,0.3360097327320898,1.952755096527137,"(1, 5, 4, 3, 0, 2)",278
346,False,0.33589730116853667,1.9527558227610835,"(2, 5, 1, 4, 0, 3)",279
37,False,0.3359433958288711,1.9527652752217173,"(0, 2, 4, 1, 5, 3)",280
224,False,0.3360161123748828,1.9527804621747493,"(1, 5, 2, 3, 0, 4)",281
332,False,0.3362782725693313,1.9527856414520548,"(2, 4, 5, 1, 0, 3)",282
79,False,0.33584061858822845,1.9527872566542965,"(0, 4, 2, 1, 5, 3)",283
226,False,0.3360655235023405,1.9528021954460826,"(1, 5, 2, 4, 0, 3)",284
252,False,0.33545808865983884,1.9528087884076333,"(2, 0, 4, 1, 3, 5)",285
66,False,0.3360737104554894,1.9528413447098725,"(0, 3, 5, 1, 2, 4)",286
354,False,0.33608297716736085,1.9528564673911513,"(2, 5, 4, 0, 1, 3)",287
193,False,0.33603702054126444,1.9528798214076124,"(1, 4, 0, 2, 5, 3)",288
198,False,0.3353710377791266,1.9528957183943927,"(1, 4, 2, 0, 3, 5)",289
46,False,0.3361739694181638,1.9529197386836212,"(0, 2, 5, 4, 1, 3)",290
323,False,0.33616699188701415,1.9529409820307138,"(2, 4, 1, 5, 3, 0)",291
67,False,0.33616699188701415,1.9529409820307138,"(0, 3, 5, 1, 4, 2)",292
68,False,0.33614112003922525,1.9529643445866753,"(0, 3, 5, 2, 1, 4)",293
355,False,0.33610158672068335,1.952965995207743,"(2, 5, 4, 0, 3, 1)",294
171,False,0.33610158672068335,1.952965995207743,"(1, 3, 0, 4, 5, 2)",295
250,False,0.33631308023515216,1.9529869627397216,"(2, 0, 3, 5, 1, 4)",296
44,False,0.33613340407148296,1.9530045070850934,"(0, 2, 5, 3, 1, 4)",297
254,False,0.3354290240210143,1.9530240702958925,"(2, 0, 4, 3, 1, 5)",298
185,False,0.33613578415530576,1.9530292665002127,"(1, 3, 4, 5, 2, 0)",299
47,False,0.3361357841553058,1.9530292665002131,"(0, 2, 5, 4, 3, 1)",300
348,False,0.33608162509714956,1.9530366429302253,"(2, 5, 3, 0, 1, 4)",301
212,False,0.3363445958971355,1.9530526556200325,"(1, 4, 5, 2, 0, 3)",302
180,False,0.33542714187991,1.9530615392136137,"(1, 3, 4, 0, 2, 5)",303
69,False,0.3360857805504217,1.9530859600839152,"(0, 3, 5, 2, 4, 1)",304
203,False,0.3360857805504217,1.9530859600839152,"(1, 4, 2, 5, 3, 0)",305
233,False,0.33593711604878157,1.953090084926568,"(1, 5, 3, 4, 2, 0)",306
39,False,0.3359371160487816,1.9530900849265682,"(0, 2, 4, 3, 5, 1)",307
214,False,0.3363973564180704,1.953108578236961,"(1, 4, 5, 3, 0, 2)",308
251,False,0.33639735641807056,1.9531085782369615,"(2, 0, 3, 5, 4, 1)",309
330,False,0.33601066768088217,1.9531113437327727,"(2, 4, 5, 0, 1, 3)",310
231,False,0.33600955164203916,1.9531120663591472,"(1, 5, 3, 2, 4, 0)",311
81,False,0.3360095516420392,1.9531120663591475,"(0, 4, 2, 3, 5, 1)",312
319,False,0.3357787033641454,1.9531195693019567,"(2, 4, 1, 0, 5, 3)",313
172,False,0.3360519045539,1.9531212342285231,"(1, 3, 0, 5, 2, 4)",314
209,False,0.3362054627763983,1.9531261225823324,"(1, 4, 3, 5, 2, 0)",315
45,False,0.33620546277639846,1.9531261225823329,"(0, 2, 5, 3, 4, 1)",316
312,False,0.33556095086505094,1.9531399739169333,"(2, 4, 0, 1, 3, 5)",317
349,False,0.33607965904494286,1.953158258427465,"(2, 5, 3, 0, 4, 1)",318
195,False,0.33607965904494286,1.953158258427465,"(1, 4, 0, 3, 5, 2)",319
204,False,0.33546705700368945,1.9531583952957337,"(1, 4, 3, 0, 2, 5)",320
253,False,0.33616628999859677,1.9531776173683983,"(2, 0, 4, 1, 5, 3)",321
173,False,0.33613453188767345,1.9532208715493649,"(1, 3, 0, 5, 4, 2)",322
331,False,0.33613453188767345,1.9532208715493649,"(2, 4, 5, 0, 3, 1)",323
40,False,0.33633771225287046,1.9532371827376802,"(0, 2, 4, 5, 1, 3)",324
82,False,0.3363949156378788,1.9532591641702595,"(0, 4, 2, 5, 1, 3)",325
199,False,0.335776663612402,1.9532645473551575,"(1, 4, 2, 0, 5, 3)",326
322,False,0.336052644542033,1.9532657745372015,"(2, 4, 1, 5, 0, 3)",327
262,False,0.3361210121625573,1.9533320808303023,"(2, 0, 5, 4, 1, 3)",328
191,False,0.33643853948938485,1.9533467105542721,"(1, 3, 5, 4, 2, 0)",329
41,False,0.33643853948938485,1.9533467105542721,"(0, 2, 4, 5, 3, 1)",330
314,False,0.33567245675191393,1.9533552558051923,"(2, 4, 0, 3, 1, 5)",331
189,False,0.33631716961582064,1.9533686919868514,"(1, 3, 5, 2, 4, 0)",332
83,False,0.3363171696158207,1.9533686919868516,"(0, 4, 2, 5, 3, 1)",333
340,False,0.3358481086335256,1.9534083899979804,"(2, 5, 0, 4, 1, 3)",334
202,False,0.33605404130992517,1.9534107525904028,"(1, 4, 2, 5, 0, 3)",335
260,False,0.33607279312252536,1.9534168492317747,"(2, 0, 5, 3, 1, 4)",336
230,False,0.33621040853771794,1.9534247711849873,"(1, 5, 3, 2, 0, 4)",337
184,False,0.33602099190396084,1.9534416086468942,"(1, 3, 4, 5, 0, 2)",338
263,False,0.33602099190396084,1.9534416086468944,"(2, 0, 5, 4, 3, 1)",339
338,False,0.3358180592934127,1.9534931583994526,"(2, 5, 0, 3, 1, 4)",340
255,False,0.3363241588513455,1.9535024270732497,"(2, 0, 4, 3, 5, 1)",341
232,False,0.3363241588513455,1.9535024270732497,"(1, 5, 3, 4, 0, 2)",342
313,False,0.33627889006494527,1.9535088028776983,"(2, 4, 0, 1, 5, 3)",343
181,False,0.3359165979014517,1.9535179178145725,"(1, 3, 4, 0, 5, 2)",344
341,False,0.3359165979014518,1.9535179178145727,"(2, 5, 0, 4, 3, 1)",345
208,False,0.33615811549238545,1.9535384647290142,"(1, 4, 3, 5, 0, 2)",346
261,False,0.33615811549238556,1.9535384647290146,"(2, 0, 5, 3, 4, 1)",347
339,False,0.33590008914744496,1.9536147738966925,"(2, 5, 0, 3, 4, 1)",348
205,False,0.33590008914744496,1.9536147738966925,"(1, 4, 3, 0, 5, 2)",349
256,False,0.3365907828322662,1.9536495248843615,"(2, 0, 4, 5, 1, 3)",350
188,False,0.33655158549835057,1.9536813968126912,"(1, 3, 5, 2, 0, 4)",351
228,False,0.3363223808853695,1.953733975261708,"(1, 5, 3, 0, 2, 4)",352
257,False,0.3366019624875676,1.9537590527009536,"(2, 0, 4, 5, 3, 1)",353
190,False,0.33660196248756763,1.9537590527009538,"(1, 3, 5, 4, 0, 2)",354
315,False,0.33629151643162314,1.9538336125825495,"(2, 4, 0, 3, 5, 1)",355
229,False,0.33629151643162314,1.9538336125825495,"(1, 5, 3, 0, 4, 2)",356
316,False,0.33631437718204604,1.9539807103936615,"(2, 4, 0, 5, 1, 3)",357
186,False,0.33623837367126147,1.9539906008894123,"(1, 3, 5, 0, 2, 4)",358
187,False,0.33641915653015064,1.9540902382102534,"(1, 3, 5, 0, 4, 2)",359
317,False,0.33641915653015064,1.9540902382102536,"(2, 4, 0, 5, 3, 1)",360
422,False,0.3479567628958865,1.9921347522057007,general_62,361
689,False,0.34795615482252923,1.9921444752201214,general_329,362
480,False,0.34794719548469577,1.9921536844333105,general_120,363
546,False,0.34796422039326064,1.9921585418396166,general_186,364
411,False,0.34795507173378515,1.9921638833297928,general_51,365
421,False,0.3479567511126096,1.9921642290658779,general_61,366
380,False,0.34795837058433005,1.9921739943388408,general_20,367
525,False,0.34796247447187545,1.9921820010946525,general_165,368
370,False,0.3479596765258661,1.9921855419948622,general_10,369
473,False,0.3479682866666521,1.992193890156546,general_113,370
519,False,0.3479719709862503,1.992197655729256,general_159,371
554,False,0.34796906599588007,1.9922027138464673,general_194,372
657,False,0.3479643088085755,1.992202747268781,general_297,373
642,False,0.3479633495735006,1.992212401986968,general_282,374
547,False,0.3479767495911873,1.9922129398105806,general_187,375
401,False,0.34797645125000487,1.9922140674415356,general_41,376
556,False,0.3479715126541797,1.99221632148791,general_196,377
520,False,0.3479712009893144,1.992216548437662,general_160,378
438,False,0.3479670021114625,1.9922169571912636,general_78,379
533,False,0.3479756050758206,1.9922185399871297,general_173,380
369,False,0.34797164624431187,1.9922223926590459,general_9,381
677,False,0.34797195732653297,1.992224665673986,general_317,382
661,False,0.3479805900171034,1.992226535202524,general_301,383
616,False,0.34797561662010124,1.9922308685581145,general_256,384
674,False,0.34798111448080715,1.9922323399540183,general_314,385
492,False,0.3479850600642932,1.992233616279982,general_132,386
457,False,0.3479776828104798,1.992234177675252,general_97,387
718,False,0.34797852691611597,1.9922371626957753,general_358,388
534,False,0.3479728065614403,1.9922377886895253,general_174,389
703,False,0.34797947060442314,1.992237974852109,general_343,390
516,False,0.34797493264895,1.9922437306899776,general_156,391
412,False,0.34798153498891227,1.9922438504730615,general_52,392
424,False,0.3479818528519361,1.9922458083308898,general_64,393
436,False,0.34798942976398717,1.9922459436777022,general_76,394
569,False,0.3479831101413595,1.9922462193887631,general_209,395
572,False,0.3479903355501907,1.9922466710357964,general_212,396
487,False,0.3479833050723246,1.9922482773450607,general_127,397
379,False,0.3479755258484858,1.9922492986787255,general_19,398
649,False,0.3479842916731789,1.9922503737148123,general_289,399
460,False,0.3479877681330288,1.9922540027471947,general_100,400
586,False,0.3479891084180923,1.992254147344596,general_226,401
673,False,0.3479831401914425,1.9922555434755809,general_313,402
664,False,0.34798086798954775,1.9922564459529772,general_304,403
432,False,0.34797825210047806,1.9922566341512356,general_72,404
501,False,0.3479869825123482,1.9922571442010846,general_141,405
440,False,0.34798681389802566,1.992257518550175,general_80,406
426,False,0.34798514431678995,1.9922584043534326,general_66,407
687,False,0.3479817646987781,1.9922622371007785,general_327,408
626,False,0.34798005890755146,1.9922628304571386,general_266,409
656,False,0.3479907659710561,1.9922653626364442,general_296,410
713,False,0.34798027658662717,1.9922657422123131,general_353,411
399,False,0.3479935178595772,1.9922664261657808,general_39,412
598,False,0.34798200798919793,1.9922666340273805,general_238,413
627,False,0.34798897739733226,1.9922674088047727,general_267,414
472,False,0.3479822748988611,1.9922679822048501,general_112,415
583,False,0.34798153426020223,1.9922682989274512,general_223,416
452,False,0.3479965021618966,1.9922686258400855,general_92,417
517,False,0.34799017723448106,1.992269380757238,general_157,418
707,False,0.34799115564758354,1.992270555850599,general_347,419
441,False,0.34798997455759506,1.9922709261093605,general_81,420
500,False,0.34799060139584803,1.992272790115423,general_140,421
538,False,0.34799592872958224,1.9922746775644142,general_178,422
378,False,0.3479836586513109,1.9922772034574996,general_18,423
394,False,0.3479926863252669,1.9922774995053811,general_34,424
499,False,0.34799245942537727,1.99227814848696,general_139,425
510,False,0.3479814399706098,1.9922783796008112,general_150,426
573,False,0.3479871852607716,1.9922819843610877,general_213,427
646,False,0.3479899213955969,1.9922821475909598,general_286,428
363,False,0.34799855025713,1.9922827462471924,general_3,429
372,False,0.34799629053545,1.992285130815849,general_12,430
430,False,0.3479903615102155,1.992285211651673,general_70,431
607,False,0.34799446665482586,1.9922857398023242,general_247,432
528,False,0.34799277712945714,1.9922858982327243,general_168,433
458,False,0.3479974238944877,1.9922878649205784,general_98,434
461,False,0.347988854993868,1.9922893344379988,general_101,435
659,False,0.34799113317784763,1.9922893762234317,general_299,436
408,False,0.34799608623264283,1.9922901266485964,general_48,437
535,False,0.3479945088738003,1.992290185503885,general_175,438
676,False,0.34799525606170423,1.9922930219395922,general_316,439
526,False,0.34799715999692626,1.9922938862753725,general_166,440
367,False,0.3479958114156719,1.9922963264485993,general_7,441
371,False,0.3479878047968043,1.9922975103127083,general_11,442
446,False,0.3479968733678805,1.9922981580821901,general_86,443
491,False,0.3480004759043843,1.9922988004375148,general_131,444
403,False,0.3480006088037966,1.9923000279388416,general_43,445
618,False,0.34799738563938126,1.992303240347071,general_258,446
705,False,0.34799023330820217,1.9923048319302168,general_345,447
392,False,0.347987783014975,1.9923048949876512,general_32,448
712,False,0.34799684017183774,1.9923050822038837,general_352,449
435,False,0.3479907809212503,1.9923064181495975,general_75,450
699,False,0.3479976866285767,1.992306598475565,general_339,451
428,False,0.3480032942228956,1.9923088181252966,general_68,452
449,False,0.3480052025471571,1.9923089766905486,general_89,453
498,False,0.34799816344977996,1.992310929237579,general_138,454
603,False,0.3479927725541507,1.992311827277619,general_243,455
374,False,0.3479999522695719,1.9923124789483135,general_14,456
584,False,0.3480026447160557,1.9923126729898326,general_224,457
593,False,0.3479937218714573,1.9923127841659551,general_233,458
448,False,0.3479962990092258,1.9923140243899922,general_88,459
474,False,0.3479985643547202,1.9923142148487507,general_114,460
605,False,0.34800054965588867,1.9923154455236074,general_245,461
600,False,0.34800110697534486,1.9923175615974107,general_240,462
715,False,0.3479972416354543,1.9923186917010705,general_355,463
482,False,0.34798827144687716,1.99231932351637,general_122,464
575,False,0.3480011620898904,1.992319980304713,general_215,465
698,False,0.34799799941184983,1.992320205132194,general_338,466
588,False,0.3480056779449845,1.9923208673743151,general_228,467
681,False,0.34799399256108204,1.9923210504670585,general_321,468
427,False,0.34799814540888296,1.9923215697616523,general_67,469
555,False,0.3479985229536726,1.9923222606368736,general_195,470
383,False,0.348000951019364,1.9923242478469392,general_23,471
613,False,0.34800742330513584,1.99232431205634,general_253,472
375,False,0.34800027807802214,1.9923244345303472,general_15,473
395,False,0.3479964402055512,1.9923251660421497,general_35,474
648,False,0.3480029033165199,1.9923252268992575,general_288,475
406,False,0.34799540675855534,1.9923254964952204,general_46,476
639,False,0.34799877411559105,1.992325522990041,general_279,477
632,False,0.34800132669335065,1.9923288103000807,general_272,478
384,False,0.3480019721115706,1.9923299260748848,general_24,479
542,False,0.3480037766205819,1.9923300646264601,general_182,480
660,False,0.34800031214140525,1.9923304249948566,general_300,481
631,False,0.3479978126318581,1.9923305047813509,general_271,482
667,False,0.34800744782340887,1.992331709863858,general_307,483
529,False,0.3480009182349355,1.9923322603623377,general_169,484
485,False,0.3480046076919317,1.9923329806762413,general_125,485
509,False,0.34800732738406015,1.9923334382164224,general_149,486
465,False,0.3480069811713486,1.9923337523847617,general_105,487
429,False,0.3480049488002397,1.9923338718212433,general_69,488
714,False,0.3480110558258902,1.9923342531564612,general_354,489
414,False,0.34801292527388766,1.992336286413707,general_54,490
557,False,0.34800206601793315,1.9923363444303361,general_197,491
376,False,0.3480102867789927,1.992337158708744,general_16,492
434,False,0.3480137421254959,1.992337425607279,general_74,493
691,False,0.34800901658537564,1.9923378244292234,general_331,494
386,False,0.34800618159783425,1.992337899772199,general_26,495
695,False,0.34800182543930236,1.9923381794052752,general_335,496
582,False,0.34800098209959546,1.992338307911005,general_222,497
495,False,0.34801035985539036,1.9923383303513524,general_135,498
483,False,0.3480001279498427,1.99233959388541,general_123,499
385,False,0.3480108142969798,1.9923431186905949,general_25,500
590,False,0.3480089328966125,1.9923438219420728,general_230,501
709,False,0.3480027914999169,1.9923443798718732,general_349,502
523,False,0.3480061246555861,1.99234476826112,general_163,503
488,False,0.3480016388308512,1.992345455580835,general_128,504
655,False,0.34800728914899326,1.992345541849162,general_295,505
544,False,0.34801189097991614,1.992347463512033,general_184,506
624,False,0.34801326041490166,1.992347754750455,general_264,507
589,False,0.34800414880504227,1.992348421559543,general_229,508
628,False,0.34801205243518274,1.9923505267438122,general_268,509
670,False,0.34800767596602616,1.9923508813874145,general_310,510
609,False,0.348005293359407,1.9923514043650146,general_249,511
614,False,0.3480118633122463,1.992351582511556,general_254,512
400,False,0.3480062765232976,1.9923530757924122,general_40,513
454,False,0.3480061414815442,1.9923533509718907,general_94,514
619,False,0.3480093694768284,1.9923553752690333,general_259,515
521,False,0.3480153142247999,1.9923554053473078,general_161,516
494,False,0.3480091062867734,1.9923561179998048,general_134,517
558,False,0.34801420178029996,1.992356882904062,general_198,518
663,False,0.3480078289989615,1.9923570178820655,general_303,519
398,False,0.34800956493644086,1.9923570256706196,general_38,520
404,False,0.34801400551565154,1.9923572414754689,general_44,521
592,False,0.3480166349196534,1.9923574116352276,general_232,522
373,False,0.34801274765085966,1.992358110380704,general_13,523
539,False,0.34802438211070735,1.9923585668951669,general_179,524
644,False,0.348017332080919,1.9923589219420734,general_284,525
601,False,0.3480137041825546,1.992359041588431,general_241,526
553,False,0.3480163813780025,1.9923602683950414,general_193,527
551,False,0.3480086697189323,1.9923614968296022,general_191,528
507,False,0.3480136013736789,1.992361504867916,general_147,529
565,False,0.3480100328717331,1.9923620120878838,general_205,530
497,False,0.34801397147677604,1.992364279951706,general_137,531
503,False,0.348016601313247,1.9923658459335278,general_143,532
665,False,0.3480107866707731,1.9923692213767081,general_305,533
530,False,0.3480106427831202,1.9923704581325787,general_170,534
561,False,0.3480178165183369,1.992370990800236,general_201,535
602,False,0.3480100002864992,1.9923719924118717,general_242,536
688,False,0.34801172097340444,1.9923722075973922,general_328,537
708,False,0.34801843882732336,1.9923723177553156,general_348,538
467,False,0.34801585893461523,1.9923728884814853,general_107,539
420,False,0.348015703451467,1.9923729793978389,general_60,540
563,False,0.34801389087526247,1.9923731599470214,general_203,541
417,False,0.3480109994158271,1.9923738025205033,general_57,542
653,False,0.34801764476251207,1.9923739815756294,general_293,543
587,False,0.34800707727141367,1.9923752308050708,general_227,544
361,False,0.34801706378728203,1.9923754268437381,general_1,545
442,False,0.3480078921788111,1.9923767576437403,general_82,546
451,False,0.3480044650571888,1.9923778655636895,general_91,547
697,False,0.34801203625737775,1.9923791153401045,general_337,548
459,False,0.3480212533437749,1.992379593971979,general_99,549
409,False,0.3480154673778962,1.9923803522038548,general_49,550
548,False,0.34802289292738187,1.992380384422206,general_188,551
550,False,0.34802012955012024,1.9923811853190079,general_190,552
362,False,0.34802227662283336,1.9923811973387084,general_2,553
396,False,0.34801822556478224,1.9923818190425744,general_36,554
568,False,0.3480141542959506,1.9923827402868648,general_208,555
486,False,0.3480164173724416,1.992383722747178,general_126,556
650,False,0.3480104282731805,1.992383766460435,general_290,557
462,False,0.34801116623668366,1.9923846190774734,general_102,558
630,False,0.3480186533398968,1.9923846230461875,general_270,559
711,False,0.34802278997906855,1.9923846900113,general_351,560
579,False,0.34801549821927563,1.9923850054713061,general_219,561
425,False,0.3480240064120322,1.9923856429870657,general_65,562
596,False,0.3480181723689033,1.9923861035600585,general_236,563
623,False,0.34801570772793095,1.99238637032355,general_263,564
710,False,0.34801613145282895,1.9923866301407331,general_350,565
549,False,0.34801839817193053,1.992386772188729,general_189,566
571,False,0.3480172510487824,1.9923867800932464,general_211,567
685,False,0.348019492894312,1.9923867986142114,general_325,568
594,False,0.3480218932901382,1.9923879170391272,general_234,569
368,False,0.34802388649398064,1.9923880906267064,general_8,570
692,False,0.3480161439618557,1.9923881148421068,general_332,571
611,False,0.34801796236520954,1.9923884554143432,general_251,572
463,False,0.3480188764973998,1.9923885088471522,general_103,573
423,False,0.34802346923653393,1.9923895576044681,general_63,574
658,False,0.34801892891214026,1.9923922448752662,general_298,575
635,False,0.34802079350538606,1.992393536760997,general_275,576
640,False,0.34801980172216107,1.9923937136252732,general_280,577
580,False,0.3480134117571201,1.9923942055091899,general_220,578
484,False,0.34802582847875224,1.9923950032497804,general_124,579
511,False,0.3480142262911399,1.9923966479337876,general_151,580
652,False,0.3480187573819801,1.992397033875638,general_292,581
570,False,0.348025055473017,1.9923972647317723,general_210,582
684,False,0.3480198441366302,1.9923980932685441,general_324,583
679,False,0.3480226067070178,1.992398123938435,general_319,584
595,False,0.3480192721956984,1.9923993209529007,general_235,585
633,False,0.3480251573919686,1.9924011079778317,general_273,586
581,False,0.3480227423838165,1.9924011660437266,general_221,587
433,False,0.34802494693251707,1.992402512564482,general_73,588
468,False,0.3480236295753031,1.9924035141281458,general_108,589
366,False,0.34803063979930726,1.9924035149302723,general_6,590
552,False,0.3480196850275279,1.9924040312093811,general_192,591
604,False,0.3480208906648284,1.9924046645396478,general_244,592
443,False,0.3480189552361355,1.9924059822811466,general_83,593
567,False,0.34802441207016965,1.992406929076079,general_207,594
566,False,0.3480169926141719,1.9924072910516215,general_206,595
675,False,0.3480179684665584,1.9924087058992435,general_315,596
706,False,0.3480225260102451,1.9924107655676193,general_346,597
405,False,0.34802407048434275,1.9924111941209817,general_45,598
560,False,0.3480267476917946,1.992411652281822,general_200,599
680,False,0.3480255069095983,1.9924118948698373,general_320,600
541,False,0.34802344156104725,1.9924124437747168,general_181,601
388,False,0.3480193480104815,1.992412883773588,general_28,602
701,False,0.34802356487488256,1.9924130285980444,general_341,603
418,False,0.34802806654369306,1.9924145662910124,general_58,604
704,False,0.3480274005545959,1.992416723766402,general_344,605
490,False,0.34802749805148353,1.9924179886486033,general_130,606
416,False,0.3480218818133181,1.9924181038669708,general_56,607
397,False,0.3480299472282165,1.992418529629634,general_37,608
413,False,0.34802816160047095,1.9924193105986157,general_53,609
445,False,0.34803293618374087,1.9924211198019965,general_85,610
481,False,0.34802524296639237,1.992421884920487,general_121,611
512,False,0.3480228326807682,1.9924220949094544,general_152,612
522,False,0.3480249842540851,1.9924225112707479,general_162,613
506,False,0.3480238844937407,1.9924225801224051,general_146,614
622,False,0.3480192483713755,1.9924225944040972,general_262,615
637,False,0.3480283913773239,1.9924226791619433,general_277,616
524,False,0.34803486205971895,1.9924227143787874,general_164,617
365,False,0.3480294728404515,1.9924228536616253,general_5,618
410,False,0.3480292074017762,1.9924229491371468,general_50,619
612,False,0.3480275312182284,1.9924241823762974,general_252,620
389,False,0.3480257150957935,1.992424991998467,general_29,621
636,False,0.34803379077243024,1.9924261862385304,general_276,622
672,False,0.3480328482479118,1.9924279063540753,general_312,623
683,False,0.34803248929947445,1.9924281765724552,general_323,624
504,False,0.3480294976666468,1.9924299853211767,general_144,625
576,False,0.34803483956839487,1.9924320119901835,general_216,626
381,False,0.34804354939281745,1.9924323840716889,general_21,627
518,False,0.3480378356972352,1.9924328610576936,general_158,628
693,False,0.3480350506689462,1.992433256556963,general_333,629
577,False,0.3480246183081598,1.9924333121434141,general_217,630
437,False,0.3480395617698557,1.9924385781521807,general_77,631
393,False,0.34803189907015686,1.992438934175553,general_33,632
543,False,0.34803179606176754,1.9924389519768948,general_183,633
559,False,0.3480296425215271,1.9924392434851526,general_199,634
678,False,0.3480352669945175,1.992439582140202,general_318,635
597,False,0.348033110101694,1.9924406485738175,general_237,636
591,False,0.3480337720748712,1.992440694899193,general_231,637
456,False,0.3480303901011546,1.9924413442758446,general_96,638
606,False,0.34803641512616224,1.9924415797622461,general_246,639
475,False,0.3480384909132735,1.9924420961280342,general_115,640
514,False,0.34803658592791864,1.9924445291636734,general_154,641
489,False,0.3480343141284943,1.9924475328692286,general_129,642
476,False,0.3480397205352098,1.9924487327601543,general_116,643
666,False,0.348033562105729,1.9924489751386933,general_306,644
702,False,0.3480409978890271,1.992453553896843,general_342,645
364,False,0.3480312071437339,1.992454172075648,general_4,646
564,False,0.3480434445812852,1.9924542191047463,general_204,647
450,False,0.3480399726213787,1.9924553609590816,general_90,648
545,False,0.34803796912144563,1.9924556254682182,general_185,649
531,False,0.34804534146660554,1.9924563661493184,general_171,650
469,False,0.3480376647431342,1.9924579798805795,general_109,651
505,False,0.3480355868908744,1.992458093769567,general_145,652
671,False,0.34803307233265945,1.9924587972229562,general_311,653
382,False,0.34803712262799813,1.9924632609478239,general_22,654
536,False,0.348038357182765,1.9924637912861844,general_176,655
479,False,0.34804512969808166,1.9924654522565817,general_119,656
641,False,0.348038529511303,1.9924655175903023,general_281,657
686,False,0.3480362494026754,1.9924669767487246,general_326,658
562,False,0.34804443043416433,1.9924675500902438,general_202,659
471,False,0.34803555674603204,1.9924684623403355,general_111,660
617,False,0.34804421005023833,1.9924684848084067,general_257,661
391,False,0.34804919885861857,1.9924685136039195,general_31,662
716,False,0.34803143459556163,1.992469110914092,general_356,663
540,False,0.34804568493476684,1.9924692486268243,general_180,664
668,False,0.3480412083307629,1.9924699814212938,general_308,665
515,False,0.348031203238881,1.992470785319993,general_155,666
493,False,0.34804071801698905,1.9924719088428269,general_133,667
377,False,0.34804678034432296,1.9924729236202978,general_17,668
478,False,0.3480430326311329,1.992474080984463,general_118,669
447,False,0.34804933154930684,1.9924762793883144,general_87,670
615,False,0.3480451114904292,1.9924787103610335,general_255,671
634,False,0.34804982549857133,1.9924801746104037,general_274,672
387,False,0.3480444914725605,1.992480495726832,general_27,673
444,False,0.3480463390808123,1.9924831218802093,general_84,674
629,False,0.3480472353046608,1.9924847690982197,general_269,675
638,False,0.3480416536828004,1.9924848155670694,general_278,676
690,False,0.3480456933538959,1.9924870901575324,general_330,677
419,False,0.34804366147120835,1.992487409249642,general_59,678
477,False,0.34805268155705377,1.9924895084270784,general_117,679
508,False,0.34805609167197143,1.992490480225411,general_148,680
717,False,0.3480449497562648,1.99249117152913,general_357,681
532,False,0.34805053307292216,1.992492686474022,general_172,682
669,False,0.3480558024612459,1.9924969061906839,general_309,683
610,False,0.3480486903005867,1.992501327483708,general_250,684
527,False,0.34804873147664545,1.9925034952982092,general_167,685
402,False,0.3480456371500624,1.9925051578463053,general_42,686
645,False,0.34804767122344155,1.9925056464771236,general_285,687
599,False,0.3480603621007819,1.9925057105228072,general_239,688
455,False,0.3480485623002392,1.9925069344077637,general_95,689
643,False,0.3480471128852609,1.9925073650519958,general_283,690
682,False,0.3480530493221431,1.9925073745026372,general_322,691
431,False,0.3480499753336869,1.992508025458506,general_71,692
466,False,0.3480658361996972,1.9925116809968277,general_106,693
390,False,0.3480515762206893,1.9925155248624487,general_30,694
620,False,0.3480553178998249,1.9925159028436712,general_260,695
453,False,0.3480599621514641,1.9925169810795886,general_93,696
719,False,0.3480509203463584,1.99251815642221,general_359,697
662,False,0.3480605475151357,1.9925229158341402,general_302,698
415,False,0.3480523591348822,1.9925232621507594,general_55,699
537,False,0.34805806711723297,1.9925268794156532,general_177,700
502,False,0.3480608164108337,1.9925281530476617,general_142,701
621,False,0.34805300973268255,1.99252883937962,general_261,702
585,False,0.348052459008804,1.992531565565792,general_225,703
407,False,0.34806903461390276,1.992535222791218,general_47,704
578,False,0.34805625560491193,1.992537615647825,general_218,705
513,False,0.34806260644783016,1.9925409373586804,general_153,706
625,False,0.34805516643621015,1.9925471708523164,general_265,707
608,False,0.3480664136014665,1.9925566785628492,general_248,708
651,False,0.3480672901693813,1.992557280085054,general_291,709
496,False,0.3480645473844788,1.9925642358848519,general_136,710
574,False,0.3480540720416677,1.9925652952488802,general_214,711
470,False,0.3480696795799123,1.992569788875495,general_110,712
694,False,0.3480670776595214,1.9925715052007105,general_334,713
696,False,0.3480689424610184,1.9925718726589912,general_336,714
439,False,0.34807788039362203,1.9925921811688605,general_79,715
647,False,0.34806614606136904,1.992595422187329,general_287,716
654,False,0.3480737112852529,1.9925978751110096,general_294,717
464,False,0.34807493917790083,1.9926100235249171,general_104,718
700,False,0.34807766055421363,1.9926194650373978,general_340,719
