,is_well_nested,ms,ee,perm,i
0,True,0.3370990138389476,1.9571637444205734,"(0, 1, 2, 3, 4, 5)",0
360,True,0.3370990138389476,1.9571637444205734,general_0,1
1,False,0.33825555091977755,1.9582952696057452,"(0, 1, 2, 3, 5, 4)",2
120,True,0.3390214186208403,1.958544154389735,"(1, 0, 2, 3, 4, 5)",3
2,True,0.3388207916084264,1.959624189793204,"(0, 1, 2, 4, 3, 5)",4
121,False,0.33997696543317013,1.9596756795749064,"(1, 0, 2, 3, 5, 4)",5
24,False,0.33881720584585173,1.9597007521099135,"(0, 2, 1, 3, 4, 5)",6
4,True,0.33906672893822776,1.9598159751071271,"(0, 1, 2, 5, 3, 4)",7
144,False,0.34016131220247536,1.959962436544856,"(1, 2, 0, 3, 4, 5)",8
6,False,0.3390071033118799,1.9599654563450073,"(0, 1, 3, 2, 4, 5)",9
264,True,0.3402253240570594,1.9601910917001617,"(2, 1, 0, 3, 4, 5)",10
5,True,0.33910522977787383,1.9603350608110945,"(0, 1, 2, 5, 4, 3)",11
25,False,0.33933916547472565,1.9608322772950848,"(0, 2, 1, 3, 5, 4)",12
122,True,0.3401538886499802,1.9610045997623655,"(1, 0, 2, 4, 3, 5)",13
145,False,0.34077588960111993,1.9610939617300274,"(1, 2, 0, 3, 5, 4)",14
7,False,0.3396132081188633,1.9610969815301786,"(0, 1, 3, 2, 5, 4)",15
124,True,0.34044923338451466,1.961196385076289,"(1, 0, 2, 5, 3, 4)",16
3,False,0.3395364118144451,1.9612748006823426,"(0, 1, 2, 4, 5, 3)",17
240,True,0.34032875320010436,1.9613098172343806,"(2, 0, 1, 3, 4, 5)",18
18,False,0.3396220244410317,1.9613160126283842,"(0, 1, 5, 2, 3, 4)",19
265,False,0.3409505336398858,1.961322616885333,"(2, 1, 0, 3, 5, 4)",20
126,False,0.3403948670011363,1.961345866314169,"(1, 0, 3, 2, 4, 5)",21
150,False,0.3406444995778297,1.9613878617531617,"(1, 2, 3, 0, 4, 5)",22
270,False,0.34086043117756915,1.961616516908467,"(2, 1, 3, 0, 4, 5)",23
125,True,0.34062893457632587,1.9617154707802564,"(1, 0, 2, 5, 4, 3)",24
294,False,0.3411204040830927,1.9617728391092728,"(2, 3, 1, 0, 4, 5)",25
19,False,0.33970194159580297,1.9618350983323518,"(0, 1, 5, 2, 4, 3)",26
26,False,0.3398484703607261,1.962161197482544,"(0, 2, 1, 4, 3, 5)",27
22,False,0.34004683214507797,1.9622751723500402,"(0, 1, 5, 4, 2, 3)",28
96,False,0.33962413433579525,1.9623069463685368,"(0, 5, 1, 2, 3, 4)",29
28,False,0.34011316720235285,1.962352982796467,"(0, 2, 1, 5, 3, 4)",30
146,False,0.3412144649517522,1.9624228819174867,"(1, 2, 0, 4, 3, 5)",31
12,False,0.3399705354968695,1.9624380635981005,"(0, 1, 4, 2, 3, 5)",32
241,False,0.3409781488276078,1.962441342419552,"(2, 0, 1, 3, 5, 4)",33
127,False,0.34069897179450076,1.9624773914993405,"(1, 0, 3, 2, 5, 4)",34
151,False,0.3411989838323728,1.9625193869383333,"(1, 2, 3, 0, 5, 4)",35
305,False,0.33964756739739094,1.962547965089122,"(2, 3, 4, 5, 1, 0)",36
23,False,0.33964756739739094,1.962547965089122,"(0, 1, 5, 4, 3, 2)",37
148,False,0.34155027859268505,1.96261466723141,"(1, 2, 0, 5, 3, 4)",38
266,True,0.34114796688902327,1.9626515370727922,"(2, 1, 0, 4, 3, 5)",39
123,False,0.3410056202581428,1.9626552106515045,"(1, 0, 2, 4, 5, 3)",40
30,False,0.3399879925147745,1.9626939687940943,"(0, 2, 3, 1, 4, 5)",41
138,False,0.34100985297043596,1.962696422597546,"(1, 0, 5, 2, 3, 4)",42
271,False,0.34156476329837615,1.9627480420936383,"(2, 1, 3, 0, 5, 4)",43
48,False,0.34005458462312055,1.962760532696113,"(0, 3, 1, 2, 4, 5)",44
152,False,0.3404018411130707,1.9627649706564583,"(1, 2, 3, 4, 0, 5)",45
97,False,0.3403006201968426,1.9628260320725044,"(0, 5, 1, 2, 4, 3)",46
268,True,0.3416048647742625,1.9628433223867152,"(2, 1, 0, 5, 3, 4)",47
29,False,0.3399935700623362,1.9628720685004346,"(0, 2, 1, 5, 4, 3)",48
295,False,0.34165197659848573,1.9629043642944444,"(2, 3, 1, 0, 5, 4)",49
54,False,0.3397929994599237,1.9629520374558604,"(0, 3, 2, 1, 4, 5)",50
272,False,0.34105722975553665,1.962993625811764,"(2, 1, 3, 4, 0, 5)",51
153,False,0.33931791699253666,1.963079309160212,"(1, 2, 3, 4, 5, 0)",52
119,False,0.33931791699253666,1.963079309160212,"(0, 5, 4, 3, 2, 1)",53
149,False,0.34147912496942867,1.9631337529353772,"(1, 2, 0, 5, 4, 3)",54
8,False,0.34016392562164555,1.9631340853733397,"(0, 1, 3, 4, 2, 5)",55
14,False,0.33992400764835246,1.9631462472538022,"(0, 1, 4, 3, 2, 5)",56
296,False,0.3408824255121392,1.9631499480125696,"(2, 3, 1, 4, 0, 5)",57
114,False,0.3401572402112047,1.9631914937772412,"(0, 5, 4, 1, 2, 3)",58
139,False,0.3413052268342641,1.9632155083015133,"(1, 0, 5, 2, 4, 3)",59
302,False,0.34104921768057966,1.963224560325521,"(2, 3, 4, 1, 0, 5)",60
100,False,0.3401136645928329,1.9632661060901926,"(0, 5, 1, 4, 2, 3)",61
118,False,0.34013234959726485,1.963307964315517,"(0, 5, 4, 3, 1, 2)",62
273,False,0.34013234959726507,1.9633079643155176,"(2, 1, 3, 4, 5, 0)",63
288,False,0.3414299945287587,1.9633406305851484,"(2, 3, 0, 1, 4, 5)",64
269,True,0.3413262851997686,1.9633624080906826,"(2, 1, 0, 5, 4, 3)",65
115,False,0.34041266062196196,1.9634642865163228,"(0, 5, 4, 1, 3, 2)",66
297,False,0.34041266062196196,1.963464286516323,"(2, 3, 1, 4, 5, 0)",67
101,False,0.34030893816954666,1.9635388988292743,"(0, 5, 1, 4, 3, 2)",68
303,False,0.3403089381695467,1.9635388988292746,"(2, 3, 4, 1, 5, 0)",69
16,False,0.34030514515667537,1.9635890086336794,"(0, 1, 4, 5, 2, 3)",70
142,False,0.3413914702473108,1.963655582319202,"(1, 0, 5, 4, 2, 3)",71
174,False,0.34160671108576446,1.9636624564201488,"(1, 3, 2, 0, 4, 5)",72
20,False,0.3405490070102862,1.9636838635031686,"(0, 1, 5, 3, 2, 4)",73
242,True,0.34132552033617025,1.963770262607011,"(2, 0, 1, 4, 3, 5)",74
27,False,0.3404849000930306,1.963811808371683,"(0, 2, 1, 4, 5, 3)",75
132,False,0.3413252240966679,1.963818473567262,"(1, 0, 4, 2, 3, 5)",76
31,False,0.34052649450093536,1.9638254939792659,"(0, 2, 3, 1, 5, 4)",77
311,False,0.3405287926728634,1.963861801372761,"(2, 3, 5, 4, 1, 0)",78
17,False,0.3405287926728634,1.963861801372761,"(0, 1, 4, 5, 3, 2)",79
49,False,0.34050598089463585,1.9638920578812844,"(0, 3, 1, 2, 5, 4)",80
143,False,0.34085864697090085,1.9639283750582834,"(1, 0, 5, 4, 3, 2)",81
304,False,0.34085864697090096,1.9639283750582837,"(2, 3, 4, 5, 0, 1)",82
244,True,0.34151586017727587,1.9639620479209337,"(2, 0, 1, 5, 3, 4)",83
147,False,0.34183154876471145,1.9640734928066255,"(1, 2, 0, 4, 5, 3)",84
55,False,0.3402568919589155,1.964083562641032,"(0, 3, 2, 1, 5, 4)",85
13,False,0.3403117796520951,1.964088674487239,"(0, 1, 4, 2, 5, 3)",86
267,False,0.3417838384038777,1.964302147961931,"(2, 1, 0, 4, 5, 3)",87
246,False,0.3411889147282661,1.9643030339185614,"(2, 0, 3, 1, 4, 5)",88
95,False,0.34045980849415414,1.9644313523337862,"(0, 4, 5, 3, 2, 1)",89
155,False,0.34045980849415414,1.9644313523337862,"(1, 2, 3, 5, 4, 0)",90
289,False,0.34202872609832463,1.96447215577032,"(2, 3, 0, 1, 5, 4)",91
21,False,0.3406578060702028,1.9644757419462175,"(0, 1, 5, 3, 4, 2)",92
329,False,0.3406578060702028,1.9644757419462175,"(2, 4, 3, 5, 1, 0)",93
245,True,0.3414580406312983,1.9644811336249013,"(2, 0, 1, 5, 4, 3)",94
128,False,0.341396420708094,1.964514495342501,"(1, 0, 3, 4, 2, 5)",95
134,False,0.34118150982507184,1.9645266572229638,"(1, 0, 4, 3, 2, 5)",96
90,False,0.3405349222194054,1.9645435369508157,"(0, 4, 5, 1, 2, 3)",97
94,False,0.34070969936462897,1.9646600074890916,"(0, 4, 5, 3, 1, 2)",98
275,False,0.34070969936462897,1.9646600074890919,"(2, 1, 3, 5, 4, 0)",99
98,False,0.34075942021164773,1.964674797243321,"(0, 5, 1, 3, 2, 4)",100
72,False,0.3406002553429544,1.9647810405118273,"(0, 4, 1, 2, 3, 5)",101
175,False,0.3421546002819911,1.9647939816053204,"(1, 3, 2, 0, 5, 4)",102
102,False,0.3409805283695755,1.9648008683504183,"(0, 5, 2, 1, 3, 4)",103
299,False,0.34087429619532333,1.964816329689897,"(2, 3, 1, 5, 4, 0)",104
91,False,0.34087429619532333,1.964816329689897,"(0, 4, 5, 1, 3, 2)",105
300,False,0.3418289874715361,1.9648263256390233,"(2, 3, 4, 0, 1, 5)",106
136,False,0.34173721877075725,1.964969418602841,"(1, 0, 4, 5, 2, 3)",107
10,False,0.3406829236819511,1.9649855379063452,"(0, 1, 3, 5, 2, 4)",108
168,False,0.3418181203748946,1.965038743136277,"(1, 3, 0, 2, 4, 5)",109
176,False,0.34153704504906374,1.9650395653234454,"(1, 3, 2, 4, 0, 5)",110
9,False,0.34066901563215213,1.9650574890015602,"(0, 1, 3, 4, 5, 2)",111
359,False,0.34066901563215224,1.9650574890015604,"(2, 5, 4, 3, 1, 0)",112
140,False,0.3419762356039737,1.96506427347233,"(1, 0, 5, 3, 2, 4)",113
15,False,0.34083767153890004,1.9650696508820227,"(0, 1, 4, 3, 5, 2)",114
353,False,0.34083767153890016,1.965069650882023,"(2, 5, 3, 4, 1, 0)",115
326,False,0.3418719219207151,1.9651523371826167,"(2, 4, 3, 1, 0, 5)",116
158,False,0.3417442401811153,1.9651534384516436,"(1, 2, 4, 3, 0, 5)",117
137,False,0.3417591179854287,1.9652422113419226,"(1, 0, 4, 5, 3, 2)",118
310,False,0.3417591179854287,1.9652422113419228,"(2, 3, 5, 4, 0, 1)",119
154,False,0.34179749390084335,1.9652485390152044,"(1, 2, 3, 5, 0, 4)",120
216,False,0.34219349427365314,1.965289121651201,"(1, 5, 0, 2, 3, 4)",121
116,False,0.3410447320508412,1.9653097662434225,"(0, 5, 4, 2, 1, 3)",122
103,False,0.3408744180026948,1.9653199540543858,"(0, 5, 2, 1, 4, 3)",123
117,False,0.3408442972444607,1.9653539038271988,"(0, 5, 4, 2, 3, 1)",124
177,False,0.34084429724446075,1.965353903827199,"(1, 3, 2, 4, 5, 0)",125
278,False,0.34162924497216146,1.9653820936069493,"(2, 1, 4, 3, 0, 5)",126
243,False,0.341860540072567,1.96542087349615,"(2, 0, 1, 4, 5, 3)",127
247,False,0.3417782431908114,1.965434559103733,"(2, 0, 3, 1, 5, 4)",128
99,False,0.34112421442503454,1.96546667568637,"(0, 5, 1, 3, 4, 2)",129
327,False,0.34112421442503454,1.96546667568637,"(2, 4, 3, 1, 5, 0)",130
159,False,0.34088367475600306,1.9654677769553972,"(1, 2, 4, 3, 5, 0)",131
113,False,0.34088367475600306,1.9654677769553972,"(0, 5, 3, 4, 2, 1)",132
133,False,0.34173882420944063,1.9654690844564007,"(1, 0, 4, 2, 5, 3)",133
274,False,0.34201297914645534,1.9654771941705096,"(2, 1, 3, 5, 0, 4)",134
74,False,0.34087876141366086,1.9654892241675292,"(0, 4, 1, 3, 2, 5)",135
86,False,0.34029931333962027,1.9655918773711925,"(0, 4, 3, 2, 1, 5)",136
298,False,0.3420105366151238,1.9656335163713154,"(2, 3, 1, 5, 0, 4)",137
32,False,0.3408362911314156,1.9656728430108938,"(0, 2, 3, 4, 1, 5)",138
112,False,0.34114537671211775,1.9656964321107022,"(0, 5, 3, 4, 1, 2)",139
279,False,0.3411453767121178,1.9656964321107027,"(2, 1, 4, 3, 5, 0)",140
162,False,0.34238017389697634,1.9657209490515026,"(1, 2, 5, 0, 3, 4)",141
11,False,0.3412144969802598,1.9657774163493942,"(0, 1, 3, 5, 4, 2)",142
335,False,0.3412144969802598,1.9657774163493942,"(2, 4, 5, 3, 1, 0)",143
84,False,0.34108710350941535,1.965781632182726,"(0, 4, 3, 1, 2, 5)",144
217,False,0.3424823847359014,1.9658082073551681,"(1, 5, 0, 2, 4, 3)",145
141,False,0.3420277567205753,1.965856151915379,"(1, 0, 5, 3, 4, 2)",146
328,False,0.3420277567205753,1.965856151915379,"(2, 4, 3, 5, 0, 1)",147
50,False,0.3406158197580059,1.9659291617244454,"(0, 3, 1, 4, 2, 5)",148
56,False,0.3408964001832889,1.9659309116726598,"(0, 3, 2, 4, 1, 5)",149
76,False,0.3409854490675459,1.9659319855474064,"(0, 4, 1, 5, 2, 3)",150
282,False,0.34267350535863716,1.9659496042068083,"(2, 1, 5, 0, 3, 4)",151
62,False,0.34115085181785476,1.9660439768085713,"(0, 3, 4, 2, 1, 5)",152
89,False,0.3410753709870572,1.9661122089455738,"(0, 4, 3, 5, 2, 1)",153
165,False,0.34107537098705726,1.966112208945574,"(1, 2, 5, 3, 4, 0)",154
169,False,0.3425221770381683,1.9661702683214488,"(1, 3, 0, 2, 5, 4)",155
77,False,0.3411653689176274,1.966204778286488,"(0, 4, 1, 5, 3, 2)",156
309,False,0.3411653689176275,1.9662047782864882,"(2, 3, 5, 1, 4, 0)",157
60,False,0.34100572360498044,1.9662337316201048,"(0, 3, 4, 1, 2, 5)",158
156,False,0.3422860272872703,1.9662367749209773,"(1, 2, 4, 0, 3, 5)",159
163,False,0.342719474058393,1.9662400347554703,"(1, 2, 5, 0, 4, 3)",160
220,False,0.3425229269442143,1.9662482813728568,"(1, 5, 0, 4, 2, 3)",161
290,False,0.3422479364555439,1.9663195048019477,"(2, 3, 0, 4, 1, 5)",162
88,False,0.3413533750972754,1.9663408641008795,"(0, 4, 3, 5, 1, 2)",163
285,False,0.3413533750972754,1.9663408641008795,"(2, 1, 5, 3, 4, 0)",164
42,False,0.34126492350635446,1.9663469422996056,"(0, 2, 5, 1, 3, 4)",165
130,False,0.3421418350073815,1.9663659478755067,"(1, 0, 3, 5, 2, 4)",166
73,False,0.34140845488788596,1.9664316514009663,"(0, 4, 1, 2, 5, 3)",167
129,False,0.34189435592302986,1.9664378989707214,"(1, 0, 3, 4, 5, 2)",168
358,False,0.34189435592302997,1.9664378989707216,"(2, 5, 4, 3, 0, 1)",169
135,False,0.34204303390293095,1.9664500608511841,"(1, 0, 4, 3, 5, 2)",170
352,False,0.34204303390293095,1.9664500608511841,"(2, 5, 3, 4, 0, 1)",171
276,False,0.3425155843156763,1.9664654300762827,"(2, 1, 4, 0, 3, 5)",172
283,False,0.34261611092179733,1.9664686899107757,"(2, 1, 5, 0, 4, 3)",173
221,False,0.34239185711013986,1.9665210741119388,"(1, 5, 0, 4, 3, 2)",174
301,False,0.34239185711013986,1.9665210741119388,"(2, 3, 4, 0, 5, 1)",175
65,False,0.341100085167823,1.9665643083829527,"(0, 3, 4, 5, 2, 1)",176
167,False,0.341100085167823,1.9665643083829527,"(1, 2, 5, 4, 3, 0)",177
92,False,0.34145242398630193,1.9666618094169972,"(0, 4, 5, 2, 1, 3)",178
179,False,0.3413941818865656,1.9667059470007733,"(1, 3, 2, 5, 4, 0)",179
93,False,0.3413941818865656,1.9667059470007733,"(0, 4, 5, 2, 3, 1)",180
324,False,0.34267944963162755,1.966754102496119,"(2, 4, 3, 0, 1, 5)",181
64,False,0.34113961079415284,1.9667929635382577,"(0, 3, 4, 5, 1, 2)",182
287,False,0.34113961079415295,1.9667929635382582,"(2, 1, 5, 4, 3, 0)",183
43,False,0.3414521362496306,1.9668660280035732,"(0, 2, 5, 1, 4, 3)",184
222,False,0.34270582757487433,1.966895365950037,"(1, 5, 2, 0, 3, 4)",185
78,False,0.3414730496375454,1.9669093089048622,"(0, 4, 2, 1, 3, 5)",186
164,False,0.34232979024461574,1.9669293956269918,"(1, 2, 5, 3, 0, 4)",187
108,False,0.3416743414042027,1.966988652725555,"(0, 5, 3, 1, 2, 4)",188
308,False,0.3425424405148448,1.9670219649679062,"(2, 3, 5, 1, 0, 4)",189
36,False,0.34106146290219264,1.967103339680475,"(0, 2, 4, 1, 3, 5)",190
334,False,0.3424976585616223,1.9671578263185558,"(2, 4, 5, 3, 0, 1)",191
131,False,0.3424976585616223,1.9671578263185558,"(1, 0, 3, 5, 4, 2)",192
284,False,0.3423599193593186,1.9671580507822972,"(2, 1, 5, 3, 0, 4)",193
110,False,0.34145166934500937,1.9671660481679036,"(0, 5, 3, 2, 1, 4)",194
71,False,0.3415980411983033,1.9672719195663502,"(0, 3, 5, 4, 2, 1)",195
161,False,0.34159804119830334,1.9672719195663504,"(1, 2, 4, 5, 3, 0)",196
248,False,0.3423862669019167,1.9672819081353605,"(2, 0, 3, 4, 1, 5)",197
87,False,0.34134214500442245,1.9672866258441077,"(0, 4, 3, 2, 5, 1)",198
225,False,0.34134214500442245,1.9672866258441077,"(1, 5, 2, 3, 4, 0)",199
342,False,0.34295596971854503,1.9673137759168753,"(2, 5, 1, 0, 3, 4)",200
104,False,0.3417075473055955,1.9673461146675515,"(0, 5, 2, 3, 1, 4)",201
33,False,0.34097863339274337,1.9673675914838085,"(0, 2, 3, 4, 5, 1)",202
239,False,0.3409786333927434,1.9673675914838087,"(1, 5, 4, 3, 2, 0)",203
351,False,0.3414708704409099,1.9674126277957498,"(2, 5, 3, 1, 4, 0)",204
75,False,0.3414708704409099,1.9674126277957498,"(0, 4, 1, 3, 5, 2)",205
223,False,0.34276347900915727,1.967414451654004,"(1, 5, 2, 0, 4, 3)",206
200,False,0.34238903749463373,1.9674149329518935,"(1, 4, 2, 3, 0, 5)",207
80,False,0.3413882029248625,1.967427737749031,"(0, 4, 2, 3, 1, 5)",208
320,False,0.34230790962940455,1.9674661926648505,"(2, 4, 1, 3, 0, 5)",209
192,False,0.34280308362636447,1.967498250222633,"(1, 4, 0, 2, 3, 5)",210
70,False,0.3417050640687971,1.9675005747216558,"(0, 3, 5, 4, 1, 2)",211
281,False,0.3417050640687971,1.9675005747216558,"(2, 1, 4, 5, 3, 0)",212
178,False,0.34269190286884904,1.9675231336821914,"(1, 3, 2, 5, 0, 4)",213
206,False,0.3422643659884377,1.9675949994515416,"(1, 4, 3, 2, 0, 5)",214
182,False,0.3425784343697726,1.9676080996182785,"(1, 3, 4, 2, 0, 5)",215
38,False,0.34163814102635776,1.9676217685246438,"(0, 2, 4, 3, 1, 5)",216
57,False,0.34163940245039337,1.9676256601455746,"(0, 3, 2, 4, 5, 1)",217
237,False,0.3416394024503934,1.9676256601455748,"(1, 5, 4, 2, 3, 0)",218
218,False,0.3430937220528446,1.9676569725259851,"(1, 5, 0, 3, 2, 4)",219
85,False,0.34158864664530886,1.9677050358109462,"(0, 4, 3, 1, 5, 2)",220
345,False,0.34158864664530886,1.9677050358109462,"(2, 5, 1, 3, 4, 0)",221
111,False,0.3417970791609451,1.967729271455647,"(0, 5, 3, 2, 4, 1)",222
201,False,0.34179707916094515,1.9677292714556471,"(1, 4, 2, 3, 5, 0)",223
63,False,0.34142665697531804,1.9677387252814866,"(0, 3, 4, 2, 5, 1)",224
227,False,0.3414266569753181,1.9677387252814869,"(1, 5, 2, 4, 3, 0)",225
234,False,0.3430183807006387,1.9677414605357808,"(1, 5, 4, 0, 2, 3)",226
109,False,0.34155108216716135,1.9677805311686034,"(0, 5, 3, 1, 4, 2)",227
321,False,0.34155108216716146,1.9677805311686039,"(2, 4, 1, 3, 5, 0)",228
52,False,0.3417543924376431,1.9677806142574508,"(0, 3, 1, 5, 2, 4)",229
343,False,0.3431080639747568,1.9678328616208427,"(2, 5, 1, 0, 4, 3)",230
51,False,0.3417528909824717,1.967852565352666,"(0, 3, 1, 4, 5, 2)",231
357,False,0.34175289098247175,1.9678525653526662,"(2, 5, 4, 1, 3, 0)",232
106,False,0.34162146800459925,1.967878300538256,"(0, 5, 2, 4, 1, 3)",233
157,False,0.34321313503731044,1.9678873858101165,"(1, 2, 4, 0, 5, 3)",234
34,False,0.341802377727659,1.9678914457977807,"(0, 2, 3, 5, 1, 4)",235
166,False,0.3426311400757063,1.967900580768338,"(1, 2, 5, 4, 0, 3)",236
207,False,0.34154996026628276,1.967909337955295,"(1, 4, 3, 2, 5, 0)",237
105,False,0.34154996026628276,1.967909337955295,"(0, 5, 2, 3, 4, 1)",238
107,False,0.3418151272204339,1.9679224381220322,"(0, 5, 2, 4, 3, 1)",239
183,False,0.3418151272204339,1.9679224381220322,"(1, 3, 4, 2, 5, 0)",240
258,False,0.34291300249156387,1.9679560074240725,"(2, 0, 5, 1, 3, 4)",241
235,False,0.3430252905595487,1.9680142532748623,"(1, 5, 4, 0, 3, 2)",242
291,False,0.34302529055954883,1.9680142532748628,"(2, 3, 0, 4, 5, 1)",243
224,False,0.34263758915235626,1.968103812525526,"(1, 5, 2, 3, 0, 4)",244
277,False,0.34323505388319747,1.9681160409654217,"(2, 1, 4, 0, 5, 3)",245
286,False,0.3427232927345659,1.9681292359236433,"(2, 1, 5, 4, 0, 3)",246
58,False,0.3417842069902025,1.968149514459547,"(0, 3, 2, 5, 1, 4)",247
61,False,0.34179903547379176,1.9681571352483254,"(0, 3, 4, 1, 5, 2)",248
347,False,0.34179903547379176,1.9681571352483256,"(2, 5, 1, 4, 3, 0)",249
336,False,0.3433661691467359,1.968201453599921,"(2, 5, 0, 1, 3, 4)",250
194,False,0.34293719602872264,1.968206433878335,"(1, 4, 0, 3, 2, 5)",251
170,False,0.34300239197953264,1.9682073721646096,"(1, 3, 0, 4, 2, 5)",252
350,False,0.34281747565251186,1.9682298144771677,"(2, 5, 3, 1, 0, 4)",253
306,False,0.3434654042056283,1.9683587647095502,"(2, 3, 5, 0, 1, 4)",254
325,False,0.3433352133741923,1.968448850969034,"(2, 4, 3, 0, 5, 1)",255
219,False,0.3433352133741923,1.968448850969034,"(1, 5, 0, 3, 4, 2)",256
35,False,0.34196412779932567,1.9684546690855247,"(0, 2, 3, 5, 4, 1)",257
215,False,0.34196412779932567,1.9684546690855247,"(1, 4, 5, 3, 2, 0)",258
259,False,0.34295716076266436,1.9684750931280401,"(2, 0, 5, 1, 4, 3)",259
198,False,0.3430506234736923,1.9684982694212276,"(1, 4, 2, 0, 3, 5)",260
344,False,0.34282767059645025,1.9685222224923644,"(2, 5, 1, 3, 0, 4)",261
292,False,0.34342203437914354,1.968538107588835,"(2, 3, 0, 5, 1, 4)",262
318,False,0.3433480724836907,1.9685495291341844,"(2, 4, 1, 0, 3, 5)",263
79,False,0.3418509464577252,1.9685599197940011,"(0, 4, 2, 1, 5, 3)",264
53,False,0.3419810357543642,1.9685724927005,"(0, 3, 1, 5, 4, 2)",265
333,False,0.3419810357543642,1.9685724927005,"(2, 4, 5, 1, 3, 0)",266
160,False,0.3429237856860855,1.968608191951736,"(1, 2, 4, 5, 0, 3)",267
196,False,0.3434262885580415,1.9686491952582121,"(1, 4, 0, 5, 2, 3)",268
252,False,0.3428369570444807,1.9687124048049423,"(2, 0, 4, 1, 3, 5)",269
59,False,0.34188801957975185,1.9687127377472906,"(0, 3, 2, 5, 4, 1)",270
213,False,0.341888019579752,1.968712737747291,"(1, 4, 5, 2, 3, 0)",271
337,False,0.3434587357212666,1.9687205393038885,"(2, 5, 0, 1, 4, 3)",272
37,False,0.3420402696049355,1.9687539505696139,"(0, 2, 4, 1, 5, 3)",273
66,False,0.3420628849721586,1.968792795336508,"(0, 3, 5, 1, 2, 4)",274
210,False,0.3434291817737465,1.9688285381374966,"(1, 4, 5, 0, 2, 3)",275
280,False,0.3429583513863801,1.9688368471070412,"(2, 1, 4, 5, 0, 3)",276
44,False,0.34206950767039696,1.9688921886167385,"(0, 2, 5, 3, 1, 4)",277
197,False,0.3435089974497011,1.9689219879972935,"(1, 4, 0, 5, 3, 2)",278
307,False,0.3435089974497012,1.9689219879972937,"(2, 3, 5, 0, 4, 1)",279
236,False,0.34292455822367396,1.96896193253096,"(1, 5, 4, 2, 0, 3)",280
68,False,0.3422237163864428,1.9689701907788566,"(0, 3, 5, 2, 1, 4)",281
238,False,0.3427214915510343,1.9689766566082758,"(1, 5, 4, 3, 0, 2)",282
249,False,0.3427214915510343,1.9689766566082758,"(2, 0, 3, 4, 5, 1)",283
226,False,0.3428418262410537,1.9690749976668718,"(1, 5, 2, 4, 0, 3)",284
211,False,0.34346813755940686,1.9691013308765783,"(1, 4, 5, 0, 3, 2)",285
293,False,0.34346813755940686,1.9691013308765786,"(2, 3, 0, 5, 4, 1)",286
81,False,0.3421360841241301,1.969122486221946,"(0, 4, 2, 3, 5, 1)",287
231,False,0.3421360841241301,1.969122486221946,"(1, 5, 3, 2, 4, 0)",288
193,False,0.34346057110412753,1.9691488611117718,"(1, 4, 0, 2, 5, 3)",289
356,False,0.34300139478828406,1.9691888377380513,"(2, 5, 4, 1, 0, 3)",290
254,False,0.34278933913184706,1.969230833649111,"(2, 0, 4, 3, 1, 5)",291
233,False,0.34204171198734196,1.969316516997559,"(1, 5, 3, 4, 2, 0)",292
39,False,0.34204171198734196,1.969316516997559,"(0, 2, 4, 3, 5, 1)",293
204,False,0.34345024794090645,1.9693865195765774,"(1, 4, 3, 0, 2, 5)",294
180,False,0.34333765412305445,1.9693996197433143,"(1, 3, 4, 0, 2, 5)",295
46,False,0.3424151421165238,1.969424374487443,"(0, 2, 5, 4, 1, 3)",296
45,False,0.3422458019410247,1.969455411904482,"(0, 2, 5, 3, 4, 1)",297
209,False,0.3422458019410247,1.9694554119044823,"(1, 4, 3, 5, 2, 0)",298
47,False,0.34219843176180487,1.9694685120712194,"(0, 2, 5, 4, 3, 1)",299
185,False,0.34219843176180487,1.9694685120712194,"(1, 3, 4, 5, 2, 0)",300
346,False,0.3426778225807486,1.9694934076337105,"(2, 5, 1, 4, 0, 3)",301
250,False,0.34318168761247403,1.969500510922248,"(2, 0, 3, 5, 1, 4)",302
69,False,0.3419680172419637,1.9695334140666,"(0, 3, 5, 2, 4, 1)",303
203,False,0.3419680172419638,1.9695334140666003,"(1, 4, 2, 5, 3, 0)",304
348,False,0.34371305611536046,1.9695666142188113,"(2, 5, 3, 0, 1, 4)",305
67,False,0.34230823834351426,1.9695846737795568,"(0, 3, 5, 1, 4, 2)",306
323,False,0.34230823834351437,1.9695846737795573,"(2, 4, 1, 5, 3, 0)",307
312,False,0.3434929959711916,1.9696777783286248,"(2, 4, 0, 1, 3, 5)",308
332,False,0.34341976882835035,1.9699087650858853,"(2, 4, 5, 1, 0, 3)",309
230,False,0.3431616462918451,1.9699396729033638,"(1, 5, 3, 2, 0, 4)",310
212,False,0.3433778673449065,1.970049010132676,"(1, 4, 5, 2, 0, 3)",311
172,False,0.3439508652305497,1.970058824697615,"(1, 3, 0, 5, 2, 4)",312
251,False,0.3433034380709319,1.9700637342099916,"(2, 0, 3, 5, 4, 1)",313
214,False,0.3433034380709319,1.9700637342099916,"(1, 4, 5, 3, 0, 2)",314
354,False,0.34387389138693203,1.9700866382090536,"(2, 5, 4, 0, 1, 3)",315
195,False,0.3435707617878566,1.970129837506555,"(1, 4, 0, 3, 5, 2)",316
349,False,0.3435707617878566,1.970129837506555,"(2, 5, 3, 0, 4, 1)",317
355,False,0.3437502538527889,1.9701307757928297,"(2, 5, 4, 0, 3, 1)",318
171,False,0.3437502538527889,1.9701307757928297,"(1, 3, 0, 4, 5, 2)",319
199,False,0.3437534001486297,1.9701488803103662,"(1, 4, 2, 0, 5, 3)",320
82,False,0.3425172017629102,1.9701785264066232,"(0, 4, 2, 5, 1, 3)",321
314,False,0.34372004453882543,1.970196207172793,"(2, 4, 0, 3, 1, 5)",322
319,False,0.344122078829183,1.9702001400233227,"(2, 4, 1, 0, 5, 3)",323
189,False,0.3422134790143959,1.970222663990399,"(1, 3, 5, 2, 4, 0)",324
83,False,0.3422134790143959,1.970222663990399,"(0, 4, 2, 5, 3, 1)",325
253,False,0.34329212581597546,1.9703630156940812,"(2, 0, 4, 1, 5, 3)",326
40,False,0.34247536399751866,1.970372557182236,"(0, 2, 4, 5, 1, 3)",327
191,False,0.3426502509097543,1.970416694766012,"(1, 3, 5, 4, 2, 0)",328
41,False,0.34265025090975443,1.9704166947660122,"(0, 2, 4, 5, 3, 1)",329
260,False,0.34351269981505606,1.9705012537412054,"(2, 0, 5, 3, 1, 4)",330
338,False,0.3440587309732286,1.970746699917054,"(2, 5, 0, 3, 1, 4)",331
330,False,0.34412900140445146,1.9708065655568876,"(2, 4, 5, 0, 1, 3)",332
173,False,0.34421854346175496,1.970850703140664,"(1, 3, 0, 5, 4, 2)",333
331,False,0.34421854346175496,1.970850703140664,"(2, 4, 5, 0, 3, 1)",334
202,False,0.34359589132573665,1.9708696864519855,"(1, 4, 2, 5, 0, 3)",335
322,False,0.34359781160269665,1.9709209461649424,"(2, 4, 1, 5, 0, 3)",336
255,False,0.3435718741001927,1.970925582122026,"(2, 0, 4, 3, 5, 1)",337
232,False,0.3435718741001927,1.970925582122026,"(1, 5, 3, 4, 0, 2)",338
262,False,0.3438617085727457,1.9710334396119105,"(2, 0, 5, 4, 1, 3)",339
188,False,0.34371337414317615,1.9710398506718172,"(1, 3, 5, 2, 0, 4)",340
208,False,0.343829370127217,1.9710644770289492,"(1, 4, 3, 5, 0, 2)",341
261,False,0.343829370127217,1.9710644770289492,"(2, 0, 5, 3, 4, 1)",342
184,False,0.3434858130572315,1.971077577195686,"(1, 3, 4, 5, 0, 2)",343
263,False,0.3434858130572316,1.9710775771956863,"(2, 0, 5, 4, 3, 1)",344
228,False,0.3441019983779069,1.9710990772026595,"(1, 5, 3, 0, 2, 4)",345
340,False,0.3441334977596346,1.9712788857877583,"(2, 5, 0, 4, 1, 3)",346
205,False,0.3440497599462101,1.9713099232047975,"(1, 4, 3, 0, 5, 2)",347
339,False,0.34404975994621023,1.9713099232047977,"(2, 5, 0, 3, 4, 1)",348
341,False,0.34427984898712527,1.9713230233715349,"(2, 5, 0, 4, 3, 1)",349
181,False,0.34427984898712527,1.9713230233715349,"(1, 3, 4, 0, 5, 2)",350
313,False,0.3442923303603233,1.9713283892177635,"(2, 4, 0, 1, 5, 3)",351
229,False,0.3440982979020234,1.9718909556457085,"(1, 5, 3, 0, 4, 2)",352
315,False,0.3440982979020234,1.9718909556457085,"(2, 4, 0, 3, 5, 1)",353
256,False,0.34404540818602564,1.9719816223067028,"(2, 0, 4, 5, 1, 3)",354
257,False,0.3439314696513281,1.9720257598904791,"(2, 0, 4, 5, 3, 1)",355
190,False,0.3439314696513281,1.9720257598904791,"(1, 3, 5, 4, 0, 2)",356
186,False,0.34432664450281986,1.9721992549711125,"(1, 3, 5, 0, 2, 4)",357
316,False,0.34474790490119656,1.9729469958303854,"(2, 4, 0, 5, 1, 3)",358
187,False,0.344883416468974,1.9729911334141614,"(1, 3, 5, 0, 4, 2)",359
317,False,0.344883416468974,1.9729911334141614,"(2, 4, 0, 5, 3, 1)",360
705,False,0.3593303636055918,2.022449172194226,general_345,361
630,False,0.35933895212915284,2.022465204181403,general_270,362
604,False,0.3593593578972809,2.022500498136167,general_244,363
370,False,0.3593314703105549,2.0225035175216663,general_10,364
710,False,0.3593550093388737,2.0225323332175864,general_350,365
542,False,0.3593674352635875,2.0225372158438395,general_182,366
616,False,0.35936597966094663,2.0225439567966426,general_256,367
708,False,0.3593695037137442,2.0225439947757424,general_348,368
375,False,0.3593596825636124,2.0225533005534806,general_15,369
672,False,0.3593804091579102,2.0225534130086995,general_312,370
645,False,0.35935916288200054,2.0225569226519893,general_285,371
434,False,0.35935577075487746,2.022565790612714,general_74,372
686,False,0.35937260734466275,2.022576146261006,general_326,373
580,False,0.35937603359131337,2.0225785251223867,general_220,374
637,False,0.3593706879959013,2.0225912987595462,general_277,375
665,False,0.35936439971744255,2.0225970130902624,general_305,376
520,False,0.3593832875285064,2.022602497572574,general_160,377
406,False,0.3593660969921576,2.0226026349423094,general_46,378
568,False,0.359371665750041,2.022603126449238,general_208,379
558,False,0.3593776027271547,2.022607066287559,general_198,380
478,False,0.3593676816195923,2.0226075172015885,general_118,381
472,False,0.3593712782150273,2.022607618517886,general_112,382
486,False,0.3593822571913392,2.022611735953543,general_126,383
697,False,0.35938135379336394,2.0226121224146523,general_337,384
376,False,0.3593652217672951,2.0226152461940172,general_16,385
493,False,0.3593802980867777,2.022618502353617,general_133,386
559,False,0.3594006740427743,2.0226228157147803,general_199,387
367,False,0.3593654541578886,2.0226237060558745,general_7,388
445,False,0.3593797898328924,2.022624608430439,general_85,389
606,False,0.35938782039579625,2.0226263024321574,general_246,390
598,False,0.3593801385910825,2.0226290707193,general_238,391
664,False,0.3593655922161008,2.022631168902694,general_304,392
524,False,0.359370263298235,2.0226343562794407,general_164,393
531,False,0.3594004240898941,2.0226345125766123,general_171,394
474,False,0.35939059786800326,2.022634979268055,general_114,395
609,False,0.3593780402655725,2.0226391990972856,general_249,396
378,False,0.35938600202370413,2.0226400129345006,general_18,397
682,False,0.35936589145669995,2.022643747288651,general_322,398
540,False,0.3593709388842066,2.022648282214853,general_180,399
460,False,0.3593933823575258,2.0226499546039776,general_100,400
642,False,0.35937916296583683,2.0226553306093913,general_282,401
593,False,0.35939156464997785,2.022657093206401,general_233,402
402,False,0.35938609462212734,2.0226572772327573,general_42,403
405,False,0.3593943614821738,2.0226576393117965,general_45,404
599,False,0.359389752959949,2.0226623503138796,general_239,405
479,False,0.3594022136190159,2.0226645688405522,general_119,406
551,False,0.3593920853351781,2.0226651172905843,general_191,407
654,False,0.35938653861354863,2.022666849377245,general_294,408
385,False,0.3594009342464504,2.0226673108310047,general_25,409
508,False,0.35939726607514605,2.02266758897935,general_148,410
462,False,0.35938911182512595,2.0226676305701736,general_102,411
687,False,0.35938010622913563,2.0226676541015403,general_327,412
506,False,0.35938233890203286,2.0226711884792454,general_146,413
567,False,0.3593982126084433,2.0226715070945267,general_207,414
633,False,0.3594014161852784,2.022671770785866,general_273,415
711,False,0.3593968595764571,2.02267357679862,general_351,416
691,False,0.35940282598512113,2.0226751259471163,general_331,417
413,False,0.3593908979073316,2.0226817323482553,general_53,418
713,False,0.3593841719634511,2.0226830076558056,general_353,419
411,False,0.3593949876060083,2.0226830876101984,general_51,420
471,False,0.35940035939850834,2.0226881723504775,general_111,421
702,False,0.3593946737620714,2.0226892432498933,general_342,422
515,False,0.35940220629924624,2.0226963939555374,general_155,423
660,False,0.359426301602205,2.0226969200715903,general_300,424
452,False,0.35938913901629915,2.0226976560744343,general_92,425
433,False,0.3593931645255705,2.022698392355207,general_73,426
632,False,0.3593996361927554,2.0227007728001274,general_272,427
596,False,0.3593865009988831,2.022701242701437,general_236,428
636,False,0.35939726392549926,2.0227024718442825,general_276,429
670,False,0.35941130364599216,2.0227038272097757,general_310,430
449,False,0.3594133157691414,2.0227064893532027,general_89,431
603,False,0.3594069056584348,2.022707410641948,general_243,432
459,False,0.3594048889214545,2.022707897110654,general_99,433
527,False,0.35940250369351023,2.022709440851849,general_167,434
373,False,0.35941099078213756,2.0227169309923974,general_13,435
707,False,0.3594091347408479,2.0227170159603083,general_347,436
502,False,0.3593975024201296,2.0227198870728946,general_142,437
548,False,0.359408100667313,2.0227211850480744,general_188,438
368,False,0.35940595882821513,2.022724556933086,general_8,439
418,False,0.3594189721136962,2.0227249463978048,general_58,440
613,False,0.35940729179801156,2.0227263136851557,general_253,441
426,False,0.3594006422221079,2.022726356931155,general_66,442
696,False,0.35939345592128935,2.0227284835579877,general_336,443
466,False,0.3594067378273943,2.0227302296234213,general_106,444
544,False,0.35942568812239145,2.0227331533548227,general_184,445
575,False,0.3594096672574696,2.0227415004085314,general_215,446
526,False,0.35941135340705116,2.022741701450732,general_166,447
391,False,0.35942236031497043,2.0227424082566414,general_31,448
399,False,0.3594208419126197,2.0227447178658693,general_39,449
640,False,0.35940680186901836,2.0227452921569484,general_280,450
673,False,0.35943407302388597,2.022750977567844,general_313,451
572,False,0.35941778694230625,2.0227532331182507,general_212,452
649,False,0.3594062777995104,2.022753656426679,general_289,453
481,False,0.35940551573714175,2.022754241496531,general_121,454
410,False,0.35941572234543445,2.0227560511261053,general_50,455
695,False,0.3594109853660796,2.0227568319114813,general_335,456
388,False,0.35941267631814944,2.0227593650989584,general_28,457
447,False,0.35940496379913844,2.022760140090943,general_87,458
634,False,0.35942086240847465,2.022762538358023,general_274,459
425,False,0.3594238178817557,2.022763266398004,general_65,460
389,False,0.35941689837814034,2.0227654422720143,general_29,461
706,False,0.3594255617077879,2.0227672689054508,general_346,462
656,False,0.35941351958929685,2.0227697123559,general_296,463
698,False,0.3594401457721717,2.0227703226036513,general_338,464
694,False,0.3594261341305601,2.022772467877375,general_334,465
457,False,0.35943378647182056,2.0227754636918576,general_97,466
361,False,0.3594234065363504,2.0227758356983587,general_1,467
440,False,0.3594184055493602,2.022778643787577,general_80,468
688,False,0.3594183016404157,2.022779448946498,general_328,469
628,False,0.35942999721533575,2.0227798556021233,general_268,470
365,False,0.35941904784310297,2.02278130569821,general_5,471
541,False,0.3594254964760123,2.0227821097864522,general_181,472
714,False,0.35942001950650293,2.0227825168505293,general_354,473
398,False,0.3594236859859754,2.0227831024247926,general_38,474
530,False,0.35942252083506204,2.0227840507091535,general_170,475
639,False,0.35944159828071903,2.0227866435044475,general_279,476
650,False,0.3594196328181322,2.0227893360126084,general_290,477
631,False,0.3594348951488867,2.0227896096396076,general_271,478
535,False,0.3594362435923202,2.0227899387766017,general_175,479
627,False,0.359422014106729,2.0227901351136426,general_267,480
716,False,0.3594259269407516,2.0227910167483314,general_356,481
394,False,0.35943010142165954,2.022793526370859,general_34,482
404,False,0.3594315205813829,2.022795547566706,general_44,483
498,False,0.3594286186080271,2.022795549405263,general_138,484
476,False,0.3594231175715826,2.022796764323764,general_116,485
675,False,0.35943543241887216,2.0227968146977267,general_315,486
648,False,0.35943177306230956,2.0227971522206865,general_288,487
436,False,0.35943347705390183,2.022797534904859,general_76,488
644,False,0.35943312348815026,2.0227983019902487,general_284,489
412,False,0.35941403739659,2.022798404007302,general_52,490
555,False,0.3594358550278819,2.0227985125027654,general_195,491
456,False,0.35942412488727765,2.022799932869269,general_96,492
577,False,0.3594310854773618,2.022801631129585,general_217,493
574,False,0.35943961319103535,2.022804885302566,general_214,494
495,False,0.3594396710817911,2.022805267227258,general_135,495
566,False,0.35944092260989957,2.02280573016834,general_206,496
454,False,0.3594345991935977,2.0228131166025634,general_94,497
437,False,0.35942325131894254,2.0228132663918106,general_77,498
469,False,0.35942641545147835,2.0228135047279996,general_109,499
422,False,0.3594264143466637,2.0228143231768816,general_62,500
554,False,0.3594387237920339,2.022818417313302,general_194,501
588,False,0.3594431266945334,2.0228188965315965,general_228,502
521,False,0.35941792458815325,2.0228193055656605,general_161,503
550,False,0.35944203957138743,2.0228199300975613,general_190,504
480,False,0.35942270157526424,2.0228206049807764,general_120,505
583,False,0.35943529943289065,2.0228211603607784,general_223,506
432,False,0.35942625574918563,2.022821545803289,general_72,507
677,False,0.3594349082095476,2.0228221927669967,general_317,508
715,False,0.35943360958542603,2.0228233253720544,general_355,509
428,False,0.3594291053160278,2.0228239874529255,general_68,510
623,False,0.3594351293835616,2.0228248862276716,general_263,511
488,False,0.3594370234655261,2.022829211959688,general_128,512
692,False,0.35941590699815346,2.0228297365529353,general_332,513
561,False,0.35943734319469983,2.0228310126766584,general_201,514
525,False,0.35942724095641665,2.022831565930913,general_165,515
458,False,0.3594334716486882,2.0228316886125013,general_98,516
390,False,0.35942899512808085,2.0228321426175304,general_30,517
475,False,0.35943426633610676,2.0228323228825786,general_115,518
401,False,0.3594248097631705,2.0228326317465397,general_41,519
680,False,0.3594362391750924,2.022833213653937,general_320,520
439,False,0.35944761623322524,2.022833378756167,general_79,521
678,False,0.35944148922286456,2.0228338579225174,general_318,522
703,False,0.3594466737224607,2.0228349228768012,general_343,523
430,False,0.35942530077672397,2.022836672112483,general_70,524
444,False,0.3594421891912569,2.0228369687782566,general_84,525
386,False,0.3594420568893465,2.0228373255791823,general_26,526
424,False,0.35943290460787575,2.022838391445382,general_64,527
701,False,0.3594434822992562,2.0228408928562454,general_341,528
615,False,0.3594391736484569,2.0228416179791644,general_255,529
674,False,0.35944160365006184,2.022841717815507,general_314,530
592,False,0.3594399667026457,2.022841937397509,general_232,531
653,False,0.3594388823855113,2.022841975822052,general_293,532
538,False,0.3594426569993142,2.022842195485243,general_178,533
473,False,0.3594537833258451,2.0228423491700616,general_113,534
482,False,0.35945072035452014,2.0228428298673533,general_122,535
543,False,0.3594481080468283,2.0228435564441822,general_183,536
590,False,0.3594381333457334,2.0228470122370124,general_230,537
699,False,0.3594547190899604,2.0228470634821365,general_339,538
578,False,0.35943408755311107,2.0228475600585893,general_218,539
679,False,0.35945304932184174,2.022849195215613,general_319,540
427,False,0.35945074416607203,2.0228498858920982,general_67,541
565,False,0.3594436208358787,2.0228503462744163,general_205,542
537,False,0.3594330978184411,2.0228515725421374,general_177,543
442,False,0.3594497963126982,2.0228563743125263,general_82,544
549,False,0.3594326963522658,2.022856728639293,general_189,545
393,False,0.3594442446028703,2.022858682150373,general_33,546
629,False,0.359444162283001,2.0228587270527534,general_269,547
400,False,0.35942927068490776,2.0228592894289035,general_40,548
380,False,0.3594478296063386,2.0228594835275215,general_20,549
557,False,0.3594531969942529,2.0228599509947314,general_197,550
499,False,0.3594450205461462,2.022860358295454,general_139,551
382,False,0.35945384463445457,2.0228612160714095,general_22,552
450,False,0.35944460497277714,2.022861292676625,general_90,553
491,False,0.3594447651080463,2.0228622361860698,general_131,554
584,False,0.35944703474458395,2.022865586203256,general_224,555
607,False,0.35942388137056797,2.0228686010530694,general_247,556
570,False,0.3594451467925732,2.022868735529258,general_210,557
470,False,0.3594395302700147,2.0228694305077983,general_110,558
655,False,0.359436874400551,2.0228705696175773,general_295,559
423,False,0.35945782085985395,2.0228716452333995,general_63,560
429,False,0.3594502797531477,2.0228741099185363,general_69,561
510,False,0.3594516374338216,2.0228744496916615,general_150,562
585,False,0.35945561522572206,2.0228746634611916,general_225,563
681,False,0.3594548125223991,2.022874927562163,general_321,564
414,False,0.3594470090256794,2.022875771116639,general_54,565
620,False,0.35944463599288745,2.022875985600866,general_260,566
532,False,0.3594455564034675,2.022877666952202,general_172,567
487,False,0.35945231617507206,2.0228793812915056,general_127,568
446,False,0.3594525207909073,2.022879595023454,general_86,569
646,False,0.35945258271367264,2.0228799964939794,general_286,570
709,False,0.3594506758005087,2.022880310716052,general_349,571
547,False,0.3594560316837341,2.022881388418158,general_187,572
517,False,0.35946199702799303,2.0228823031855923,general_157,573
377,False,0.35944545416902046,2.022884133730958,general_17,574
657,False,0.35945102277876134,2.0228861528551825,general_297,575
371,False,0.3594558823814241,2.022889576346958,general_11,576
441,False,0.3594656214151481,2.0228897306157636,general_81,577
536,False,0.35945326293852914,2.0228900556841403,general_176,578
622,False,0.35943749551173054,2.022891155689053,general_262,579
364,False,0.35945318310013497,2.0228912306494866,general_4,580
546,False,0.3594583331474848,2.022895037631431,general_186,581
591,False,0.3594658898311889,2.0228962430690816,general_231,582
463,False,0.35944740000931663,2.022897400277053,general_103,583
635,False,0.3594499666025404,2.0228986321374602,general_275,584
366,False,0.35944619418649404,2.0228995129571885,general_6,585
667,False,0.35945492466293727,2.0229024344186164,general_307,586
384,False,0.3594629331864356,2.0229030355614848,general_24,587
369,False,0.35945250179989324,2.0229033811892956,general_9,588
522,False,0.35944862127315447,2.022907091480631,general_162,589
586,False,0.3594499766100807,2.0229074298540395,general_226,590
511,False,0.35943706002101344,2.0229092361146757,general_151,591
448,False,0.3594606697008389,2.0229103939252484,general_88,592
443,False,0.359463190764503,2.0229132124101814,general_83,593
605,False,0.3594500924610506,2.0229140997407384,general_245,594
417,False,0.35945806686919923,2.0229168766273626,general_57,595
533,False,0.35946869778876933,2.022918845547721,general_173,596
683,False,0.3594660823209167,2.022919263158676,general_323,597
569,False,0.3594636190283012,2.022920081592832,general_209,598
618,False,0.35947174326040754,2.022920575166016,general_258,599
685,False,0.3594594306353147,2.022920645318547,general_325,600
467,False,0.3594714358558027,2.0229207688432216,general_107,601
505,False,0.3594666048520218,2.0229209216605586,general_145,602
700,False,0.35945408627873515,2.022924204053053,general_340,603
589,False,0.3594676992108194,2.0229265846583155,general_229,604
392,False,0.35947253335995655,2.022926661855279,general_32,605
518,False,0.35946665203691985,2.022927876369703,general_158,606
552,False,0.35945686098724955,2.0229278876601926,general_192,607
379,False,0.3594648252025331,2.0229279189032496,general_19,608
483,False,0.3594708829200085,2.022928143532712,general_123,609
684,False,0.35946474983691473,2.0229291589977683,general_324,610
438,False,0.35946685517901733,2.0229293502598313,general_78,611
621,False,0.35946275830203944,2.022930494985529,general_261,612
507,False,0.3594578603163591,2.0229312265744652,general_147,613
362,False,0.3594640042926685,2.022933148866798,general_2,614
421,False,0.3594624178737069,2.022934916142752,general_61,615
564,False,0.35946403066257115,2.0229362664748303,general_204,616
519,False,0.3594667621949129,2.022937413581127,general_159,617
545,False,0.3594590610929305,2.022939726258604,general_185,618
671,False,0.35946793720510706,2.022940471397199,general_311,619
396,False,0.35947907232726384,2.0229406878084397,general_36,620
651,False,0.3594587007457378,2.02294081322742,general_291,621
610,False,0.35947081934278546,2.0229412100777284,general_250,622
490,False,0.359463324867777,2.022941715720265,general_130,623
659,False,0.35946028987787804,2.0229430242288062,general_299,624
597,False,0.35946787347768094,2.02294312829564,general_237,625
676,False,0.3594642256939348,2.0229452181831356,general_316,626
608,False,0.3594574921027772,2.0229457219865354,general_248,627
669,False,0.3594684566311609,2.0229463207188796,general_309,628
407,False,0.3594726416413574,2.022947457841598,general_47,629
451,False,0.3594677446426071,2.022948072271954,general_91,630
395,False,0.3594765646722269,2.022948580921476,general_35,631
614,False,0.3594702689720227,2.0229502412963507,general_254,632
512,False,0.3594686765767001,2.022950356122013,general_152,633
582,False,0.3594948837587773,2.022951010883634,general_222,634
689,False,0.35946958178760025,2.0229549587523907,general_329,635
503,False,0.35947976145258553,2.022957282798459,general_143,636
625,False,0.35947042057165995,2.022957489628659,general_265,637
594,False,0.3594848675542825,2.0229575597333875,general_234,638
528,False,0.3594835933772773,2.022960325458449,general_168,639
643,False,0.3594795268330864,2.0229613972293192,general_283,640
477,False,0.3594570350675008,2.0229626216115646,general_117,641
626,False,0.3594710960572956,2.0229650785243125,general_266,642
501,False,0.35947506980203914,2.022965900036283,general_141,643
464,False,0.3594717090012721,2.0229662972315516,general_104,644
600,False,0.35949219139543814,2.022967429245417,general_240,645
534,False,0.359477789589074,2.0229715138840643,general_174,646
595,False,0.3594763834064315,2.0229771622124515,general_235,647
500,False,0.3594826161759101,2.022980935168615,general_140,648
556,False,0.35946870749355264,2.022986639699751,general_196,649
403,False,0.35948004996698457,2.022987081123577,general_43,650
638,False,0.35947884899801297,2.0229871374752073,general_278,651
718,False,0.35947789571989847,2.0229886137143556,general_358,652
485,False,0.3594744599783498,2.0229887091311483,general_125,653
484,False,0.3594853069254136,2.022993319537487,general_124,654
409,False,0.3594779745726519,2.0229941071032345,general_49,655
579,False,0.3594826162667366,2.0229960994548257,general_219,656
601,False,0.35946665927050125,2.022996914036641,general_241,657
611,False,0.3594871158991372,2.0229995653057475,general_251,658
415,False,0.3594949152777463,2.0230030908072614,general_55,659
704,False,0.3594943850064454,2.0230043895738143,general_344,660
553,False,0.3594879219468589,2.023007271273805,general_193,661
374,False,0.35950066843893447,2.0230074360183616,general_14,662
504,False,0.3594847523812976,2.023008967642599,general_144,663
383,False,0.3594997062082371,2.023013130422353,general_23,664
624,False,0.3594808720776396,2.023015727154795,general_264,665
581,False,0.3594880617029422,2.023017363781655,general_221,666
666,False,0.35949933193942474,2.0230194779789916,general_306,667
562,False,0.3595089986528104,2.0230237367239456,general_202,668
408,False,0.3594798707885668,2.0230238043816655,general_48,669
661,False,0.3594939134419453,2.0230302074522166,general_301,670
372,False,0.35950017657389266,2.0230321116027086,general_12,671
420,False,0.3594871207021246,2.0230328879743658,general_60,672
690,False,0.35951325866583117,2.023035693405366,general_330,673
652,False,0.35947625501277425,2.0230383036104436,general_292,674
461,False,0.35949660093857794,2.0230383413564654,general_101,675
573,False,0.3595050560918759,2.023042772672187,general_213,676
455,False,0.3594930051646699,2.02304461047747,general_95,677
514,False,0.35948861687053174,2.023046146280351,general_154,678
494,False,0.3595012615888238,2.0230467284086995,general_134,679
658,False,0.3594981822639156,2.023046901962764,general_298,680
560,False,0.35949953114619654,2.023049218042675,general_200,681
617,False,0.3594903898492729,2.0230495357846996,general_257,682
416,False,0.3594992423798679,2.023050215092633,general_56,683
612,False,0.3595006535776444,2.0230551104735373,general_252,684
576,False,0.35949989327063336,2.023057331681234,general_216,685
619,False,0.35949922209950214,2.0230584842191277,general_259,686
387,False,0.35948784980366916,2.023062254282503,general_27,687
663,False,0.3595046401093772,2.023067906008153,general_303,688
529,False,0.3595247785517167,2.023068546458186,general_169,689
641,False,0.359498809867182,2.0230686466268297,general_281,690
693,False,0.3594941398731986,2.0230710763538005,general_333,691
513,False,0.3594961355387322,2.023072328563024,general_153,692
539,False,0.3595255531929956,2.0230726132596324,general_179,693
453,False,0.35950288080406523,2.0230767426911096,general_93,694
363,False,0.3595095297630973,2.0230771301503094,general_3,695
516,False,0.3594986383256664,2.0230771606604154,general_156,696
523,False,0.35951198591690037,2.0230778986942988,general_163,697
719,False,0.3595074540346601,2.0230782548463946,general_359,698
662,False,0.3594966627084627,2.0230802943327797,general_302,699
571,False,0.35951061383153116,2.0230823567133025,general_211,700
717,False,0.35950708233543116,2.023083687398405,general_357,701
465,False,0.35950111395283857,2.0230849003466616,general_105,702
419,False,0.3595082320585869,2.023092546235265,general_59,703
647,False,0.3595304237807939,2.0231180988360666,general_287,704
497,False,0.3594992762277565,2.0231242931332662,general_137,705
509,False,0.3595065391690275,2.023126399922213,general_149,706
431,False,0.35951446311608043,2.023128253186008,general_71,707
468,False,0.3595257700395382,2.0231394866008783,general_108,708
435,False,0.35953917537217717,2.0231470882469043,general_75,709
496,False,0.3595141086348159,2.0231523032052436,general_136,710
587,False,0.3595155970183228,2.0231558781064924,general_227,711
712,False,0.35951218212040165,2.0231619391117714,general_352,712
602,False,0.3595228657656878,2.023172792356955,general_242,713
668,False,0.35952998699891914,2.02318415734276,general_308,714
381,False,0.35951753443349704,2.0231892226384063,general_21,715
563,False,0.35954312352153905,2.0231922795041073,general_203,716
489,False,0.3595377796666293,2.0231946815450197,general_129,717
397,False,0.3595387360046803,2.0232177402968725,general_37,718
492,False,0.3595547790901529,2.0232784731168767,general_132,719
