,is_well_nested,ms,ee,perm,i
0,True,0.7216448349986295,2.577587908747076,"(0, 1, 2, 3, 4, 5)",0
24,False,0.7725286200649103,2.5957688828558787,"(0, 2, 1, 3, 4, 5)",1
120,True,0.7629087949308592,2.599508718598179,"(1, 0, 2, 3, 4, 5)",2
144,False,0.782324791075857,2.606934149596669,"(1, 2, 0, 3, 4, 5)",3
150,False,0.799555995402102,2.6162567633589333,"(1, 2, 3, 0, 4, 5)",4
264,True,0.7868872657062809,2.6182465883045127,"(2, 1, 0, 3, 4, 5)",5
6,False,0.7847185562157137,2.6192846368769045,"(0, 1, 3, 2, 4, 5)",6
1,False,0.7879806414441135,2.619448188576194,"(0, 1, 2, 3, 5, 4)",7
270,False,0.808437406413262,2.6275692020667774,"(2, 1, 3, 0, 4, 5)",8
240,True,0.7925005608991905,2.629002131414826,"(2, 0, 1, 3, 4, 5)",9
2,True,0.788134224056426,2.6359545021443864,"(0, 1, 2, 4, 3, 5)",10
30,False,0.7965129306761365,2.6372937081365864,"(0, 2, 3, 1, 4, 5)",11
25,False,0.8021229783813477,2.637629162684997,"(0, 2, 1, 3, 5, 4)",12
126,False,0.8037094889172528,2.6412054467280077,"(1, 0, 3, 2, 4, 5)",13
121,False,0.8121039267943487,2.641368998427298,"(1, 0, 2, 3, 5, 4)",14
152,False,0.8026643423235426,2.644356994337732,"(1, 2, 3, 4, 0, 5)",15
174,False,0.8145680281946615,2.6448340040702645,"(1, 3, 2, 0, 4, 5)",16
294,False,0.8177423343707775,2.647053074060921,"(2, 3, 1, 0, 4, 5)",17
145,False,0.8231909184764242,2.648794429425787,"(1, 2, 0, 3, 5, 4)",18
54,False,0.7967128297099842,2.649700405657101,"(0, 3, 2, 1, 4, 5)",19
48,False,0.7965897186814922,2.649872308506221,"(0, 3, 1, 2, 4, 5)",20
26,False,0.80121731576213,2.654135476253189,"(0, 2, 1, 4, 3, 5)",21
272,False,0.8197549262939552,2.655669433045576,"(2, 1, 3, 4, 0, 5)",22
122,True,0.8069590568738559,2.6578753119954897,"(1, 0, 2, 4, 3, 5)",23
151,False,0.8329209946075155,2.658117043188052,"(1, 2, 3, 0, 5, 4)",24
265,False,0.8305095416229212,2.660106868133631,"(2, 1, 0, 3, 5, 4)",25
7,False,0.8184749985273633,2.661144916706023,"(0, 1, 3, 2, 5, 4)",26
146,False,0.8218125375389992,2.6653007429939795,"(1, 2, 0, 4, 3, 5)",27
271,False,0.8489001072502466,2.6694294818958957,"(2, 1, 3, 0, 5, 4)",28
246,False,0.8167284439064914,2.6705269566955327,"(2, 0, 3, 1, 4, 5)",29
241,False,0.8314379184691688,2.670862411243944,"(2, 0, 1, 3, 5, 4)",30
176,False,0.8191550924471026,2.6729342350490635,"(1, 3, 2, 4, 0, 5)",31
4,True,0.8221640247570516,2.673174898786447,"(0, 1, 2, 5, 3, 4)",32
296,False,0.8237907221255756,2.6751533050397196,"(2, 3, 1, 4, 0, 5)",33
266,True,0.8216519327742747,2.676613181701823,"(2, 1, 0, 4, 3, 5)",34
168,False,0.827056877302072,2.6772081184378287,"(1, 3, 0, 2, 4, 5)",35
119,False,0.7964836095936058,2.678848767563843,"(0, 5, 4, 3, 2, 1)",36
153,False,0.7964836095936061,2.678848767563844,"(1, 2, 3, 4, 5, 0)",37
31,False,0.8315910884373394,2.6791539879657043,"(0, 2, 3, 1, 5, 4)",38
288,False,0.822866462138865,2.679255285579364,"(2, 3, 0, 1, 4, 5)",39
127,False,0.8280408046905018,2.6830657265571256,"(1, 0, 3, 2, 5, 4)",40
8,False,0.8191446825201542,2.68497201683926,"(0, 1, 3, 4, 2, 5)",41
175,False,0.8529421722084654,2.6866942838993833,"(1, 3, 2, 0, 5, 4)",42
242,True,0.8258658845601976,2.687368724812136,"(2, 0, 1, 4, 3, 5)",43
96,False,0.819116307074117,2.687752874626267,"(0, 5, 1, 2, 3, 4)",44
295,False,0.8633858044028612,2.688913353890039,"(2, 3, 1, 0, 5, 4)",45
118,False,0.8385796992940453,2.690161206271687,"(0, 5, 4, 3, 1, 2)",46
273,False,0.8385796992940454,2.6901612062716875,"(2, 1, 3, 4, 5, 0)",47
28,False,0.8457628582356114,2.691355872895249,"(0, 2, 1, 5, 3, 4)",48
86,False,0.8090991132068088,2.6914242697654123,"(0, 4, 3, 2, 1, 5)",49
55,False,0.8276252417754952,2.691560685486219,"(0, 3, 2, 1, 5, 4)",50
49,False,0.8380168286227602,2.6917325883353396,"(0, 3, 1, 2, 5, 4)",51
32,False,0.8190213490388246,2.6925318116666617,"(0, 2, 3, 4, 1, 5)",52
12,False,0.8231358276671846,2.693647874153169,"(0, 1, 4, 2, 3, 5)",53
158,False,0.8410837601424014,2.693676796239379,"(1, 2, 4, 3, 0, 5)",54
124,True,0.8426076051226251,2.6950957086375498,"(1, 0, 2, 5, 3, 4)",55
5,True,0.8355737072674156,2.7000527928368134,"(0, 1, 2, 5, 4, 3)",56
14,False,0.8098919246399742,2.700968660718215,"(0, 1, 4, 3, 2, 5)",57
84,False,0.8319701243055125,2.7018735461976915,"(0, 4, 3, 1, 2, 5)",58
148,False,0.8639285791707173,2.7025211396360387,"(1, 2, 0, 5, 3, 4)",59
302,False,0.8348798197993544,2.7027717075546276,"(2, 3, 4, 1, 0, 5)",60
102,False,0.8479441484722468,2.7036563051474496,"(0, 5, 2, 1, 3, 4)",61
3,False,0.8348725492837963,2.704692676023871,"(0, 1, 2, 4, 5, 3)",62
56,False,0.8279992512445385,2.7049385091871767,"(0, 3, 2, 4, 1, 5)",63
278,False,0.8392644953307223,2.704989234947223,"(2, 1, 4, 3, 0, 5)",64
72,False,0.8274108215289573,2.705516186271423,"(0, 4, 1, 2, 3, 5)",65
128,False,0.8367089860385096,2.7068928266903627,"(1, 0, 3, 4, 2, 5)",66
117,False,0.8401203869372688,2.7074260082751747,"(0, 5, 4, 2, 3, 1)",67
177,False,0.8401203869372688,2.7074260082751747,"(1, 3, 2, 4, 5, 0)",68
297,False,0.8490078003923843,2.7096450782658312,"(2, 3, 1, 4, 5, 0)",69
115,False,0.8490078003923843,2.7096450782658312,"(0, 5, 4, 1, 3, 2)",70
18,False,0.851303093789513,2.7101159150636196,"(0, 1, 5, 2, 3, 4)",71
62,False,0.8381902189812439,2.7101436292764762,"(0, 3, 4, 2, 1, 5)",72
114,False,0.8491514846382081,2.7106582303602575,"(0, 5, 4, 1, 2, 3)",73
247,False,0.8658107082270555,2.7123872365246515,"(2, 0, 3, 1, 5, 4)",74
80,False,0.8330175689827011,2.7128298524019887,"(0, 4, 2, 3, 1, 5)",75
74,False,0.8309290865739647,2.7128369728364685,"(0, 4, 1, 3, 2, 5)",76
95,False,0.8493311037193894,2.7130801201194483,"(0, 4, 5, 3, 2, 1)",77
155,False,0.8493311037193897,2.7130801201194488,"(1, 2, 3, 5, 4, 0)",78
268,True,0.8743566350155008,2.713833578343883,"(2, 1, 0, 5, 3, 4)",79
97,False,0.8550266933219386,2.714630768676634,"(0, 5, 1, 2, 4, 3)",80
326,False,0.8515009090012091,2.715205555942517,"(2, 4, 3, 1, 0, 5)",81
50,False,0.8189300633338598,2.715559688468577,"(0, 3, 1, 4, 2, 5)",82
132,False,0.8356388963279877,2.7155686840042725,"(1, 0, 4, 2, 3, 5)",83
78,False,0.8307261406490053,2.715958342269224,"(0, 4, 2, 1, 3, 5)",84
206,False,0.8370251097799615,2.716388468896355,"(1, 4, 3, 2, 0, 5)",85
182,False,0.8474699673976204,2.7164560680851544,"(1, 3, 4, 2, 0, 5)",86
29,False,0.8487424562088649,2.718233766945616,"(0, 2, 1, 5, 4, 3)",87
169,False,0.8627746780750123,2.7190683982669466,"(1, 3, 0, 2, 5, 4)",88
38,False,0.8441384540145747,2.7191425143925385,"(0, 2, 4, 3, 1, 5)",89
116,False,0.8526709357975016,2.719751599077446,"(0, 5, 4, 2, 1, 3)",90
154,False,0.8754526516152156,2.7204486267224555,"(1, 2, 3, 5, 0, 4)",91
60,False,0.8337259973799499,2.720592905708756,"(0, 3, 4, 1, 2, 5)",92
289,False,0.8666576115543255,2.7211155654084824,"(2, 3, 0, 1, 5, 4)",93
125,True,0.8556566557109809,2.721973602687917,"(1, 0, 2, 5, 4, 3)",94
200,False,0.8450634766465436,2.722186437761912,"(1, 4, 2, 3, 0, 5)",95
36,False,0.8320509418795403,2.722271004259774,"(0, 2, 4, 1, 3, 5)",96
27,False,0.8470566072387735,2.722873650132674,"(0, 2, 1, 4, 5, 3)",97
134,False,0.8396141537684656,2.722889470569318,"(1, 0, 4, 3, 2, 5)",98
98,False,0.852244344740055,2.723832587212689,"(0, 5, 1, 3, 2, 4)",99
156,False,0.8539043791803418,2.7239431586578906,"(1, 2, 4, 0, 3, 5)",100
275,False,0.8541628989198481,2.7243925588272924,"(2, 1, 3, 5, 4, 0)",101
94,False,0.8541628989198481,2.724392558827293,"(0, 4, 5, 3, 1, 2)",102
244,True,0.8732315042665766,2.7245891214541964,"(2, 0, 1, 5, 3, 4)",103
248,False,0.8507207615323448,2.7257650602256085,"(2, 0, 3, 4, 1, 5)",104
123,False,0.856074383872135,2.7266134858749744,"(1, 0, 2, 4, 5, 3)",105
159,False,0.8420034534880905,2.72816856946549,"(1, 2, 4, 3, 5, 0)",106
113,False,0.8420034534880905,2.72816856946549,"(0, 5, 3, 4, 2, 1)",107
149,False,0.8780917558480397,2.7293990336864065,"(1, 2, 0, 5, 4, 3)",108
300,False,0.8593762511275244,2.729909580105905,"(2, 3, 4, 0, 1, 5)",109
103,False,0.8577544841752942,2.730534199197817,"(0, 5, 2, 1, 4, 3)",110
274,False,0.8818775356661277,2.731761065430299,"(2, 1, 3, 5, 0, 4)",111
138,False,0.8701785692484273,2.732036724914722,"(1, 0, 5, 2, 3, 4)",112
147,False,0.8638381106004698,2.7340389168734642,"(1, 2, 0, 4, 5, 3)",113
290,False,0.8570471211909972,2.73449338910944,"(2, 3, 0, 4, 1, 5)",114
276,False,0.8639452995729786,2.735255597365734,"(2, 1, 4, 0, 3, 5)",115
104,False,0.8593369251828944,2.7363279388743713,"(0, 5, 2, 3, 1, 4)",116
216,False,0.8668264616924463,2.7368115570286466,"(1, 5, 0, 2, 3, 4)",117
320,False,0.8511298827060333,2.736906955329257,"(2, 4, 1, 3, 0, 5)",118
19,False,0.8706853413067006,2.7369938091139856,"(0, 1, 5, 2, 4, 3)",119
303,False,0.8585257955073369,2.737263480780739,"(2, 3, 4, 1, 5, 0)",120
101,False,0.8585257955073372,2.7372634807807392,"(0, 5, 1, 4, 3, 2)",121
100,False,0.8603433020598799,2.738276632875166,"(0, 5, 1, 4, 2, 3)",122
112,False,0.8567014419334343,2.7394810081733345,"(0, 5, 3, 4, 1, 2)",123
279,False,0.8567014419334341,2.7394810081733345,"(2, 1, 4, 3, 5, 0)",124
269,True,0.8835360459166766,2.7407114723942505,"(2, 1, 0, 5, 4, 3)",125
93,False,0.8615466499520807,2.74165736083078,"(0, 4, 5, 2, 3, 1)",126
179,False,0.8615466499520809,2.7416573608307804,"(1, 3, 2, 5, 4, 0)",127
110,False,0.860754955897477,2.7421259077399283,"(0, 5, 3, 2, 1, 4)",128
324,False,0.8659745356352391,2.742343428493794,"(2, 4, 3, 0, 1, 5)",129
170,False,0.8513489622519163,2.742895498400184,"(1, 3, 0, 4, 2, 5)",130
299,False,0.8762643724812693,2.7438764308214356,"(2, 3, 1, 5, 4, 0)",131
91,False,0.8762643724812693,2.7438764308214356,"(0, 4, 5, 1, 3, 2)",132
42,False,0.879410335445763,2.744200319693605,"(0, 2, 5, 1, 3, 4)",133
90,False,0.8717459651150522,2.744889582915863,"(0, 4, 5, 1, 2, 3)",134
267,False,0.8740994977499211,2.7453513555813083,"(2, 1, 0, 4, 5, 3)",135
108,False,0.8647575205465492,2.7455339865994284,"(0, 5, 3, 1, 2, 4)",136
20,False,0.8795768605927863,2.7461956276500405,"(0, 1, 5, 3, 2, 4)",137
222,False,0.8781959026257657,2.7466004861214817,"(1, 5, 2, 0, 3, 4)",138
87,False,0.8532691453941561,2.7478368528426262,"(0, 4, 3, 2, 5, 1)",139
225,False,0.8532691453941561,2.7478368528426262,"(1, 5, 2, 3, 4, 0)",140
239,False,0.8336739295359277,2.7489443947438756,"(1, 5, 4, 3, 2, 0)",141
33,False,0.8336739295359278,2.7489443947438756,"(0, 2, 3, 4, 5, 1)",142
178,False,0.8869906057938324,2.7490258674337866,"(1, 3, 2, 5, 0, 4)",143
162,False,0.8948196646099834,2.749251085006046,"(1, 2, 5, 0, 3, 4)",144
327,False,0.8733839568302733,2.7496973291686295,"(2, 4, 3, 1, 5, 0)",145
99,False,0.8733839568302735,2.7496973291686295,"(0, 5, 1, 3, 4, 2)",146
165,False,0.8595546394130189,2.7504874517271904,"(1, 2, 5, 3, 4, 0)",147
89,False,0.8595546394130191,2.7504874517271913,"(0, 4, 3, 5, 2, 1)",148
207,False,0.8454615701126489,2.750880242122468,"(1, 4, 3, 2, 5, 0)",149
105,False,0.8454615701126488,2.750880242122468,"(0, 5, 2, 3, 4, 1)",150
183,False,0.8602585496222628,2.7509478413112656,"(1, 3, 4, 2, 5, 0)",151
107,False,0.8602585496222629,2.750947841311266,"(0, 5, 2, 4, 3, 1)",152
10,False,0.8638416688583808,2.7509513395026968,"(0, 1, 3, 5, 2, 4)",153
298,False,0.8899749820041079,2.7512449374244428,"(2, 3, 1, 5, 0, 4)",154
245,True,0.8806283986452123,2.7514670155045637,"(2, 0, 1, 5, 4, 3)",155
192,False,0.8624451149943742,2.751503756525296,"(1, 4, 0, 2, 3, 5)",156
254,False,0.8655177388187819,2.752375762951486,"(2, 0, 4, 3, 1, 5)",157
198,False,0.8616291869749793,2.7524528001804236,"(1, 4, 2, 0, 3, 5)",158
9,False,0.8550817446168405,2.7526970386243184,"(0, 1, 3, 4, 5, 2)",159
359,False,0.8550817446168404,2.7526970386243184,"(2, 5, 4, 3, 1, 0)",160
204,False,0.8627069332175243,2.7539756178799126,"(1, 4, 3, 0, 2, 5)",161
92,False,0.8794098804040702,2.753982951633051,"(0, 4, 5, 2, 1, 3)",162
180,False,0.8696304442973721,2.7540432170687112,"(1, 3, 4, 0, 2, 5)",163
224,False,0.8767973587128854,2.7552053594456334,"(1, 5, 2, 3, 0, 4)",164
252,False,0.8654252382329377,2.7555042528187204,"(2, 0, 4, 1, 3, 5)",165
243,False,0.8704561271401817,2.7561068986916215,"(2, 0, 1, 4, 5, 3)",166
201,False,0.8613380693291137,2.7566782109880235,"(1, 4, 2, 3, 5, 0)",167
111,False,0.8613380693291142,2.7566782109880243,"(0, 5, 3, 2, 4, 1)",168
164,False,0.8856063863629237,2.7578559583301976,"(1, 2, 5, 3, 0, 4)",169
194,False,0.863761018151525,2.7588245430903404,"(1, 4, 0, 3, 2, 5)",170
139,False,0.890219510207696,2.7589146189650893,"(1, 0, 5, 2, 4, 3)",171
305,False,0.8591377671310718,2.759626521218091,"(2, 3, 4, 5, 1, 0)",172
23,False,0.8591377671310718,2.759626521218091,"(0, 1, 5, 4, 3, 2)",173
282,False,0.9010451870672106,2.7605635237138904,"(2, 1, 5, 0, 3, 4)",174
22,False,0.886558865112535,2.760639673312518,"(0, 1, 5, 4, 2, 3)",175
57,False,0.86266240902842,2.761351092264391,"(0, 3, 2, 4, 5, 1)",176
237,False,0.8626624090284203,2.7613510922643916,"(1, 5, 4, 2, 3, 0)",177
285,False,0.8809048474914325,2.761799890435035,"(2, 1, 5, 3, 4, 0)",178
88,False,0.8809048474914325,2.7617998904350354,"(0, 4, 3, 5, 1, 2)",179
13,False,0.8576981944027321,2.7623860480326545,"(0, 1, 4, 2, 5, 3)",180
106,False,0.8650480502623963,2.763273432113537,"(0, 5, 2, 4, 1, 3)",181
217,False,0.8871034463943306,2.7636894510790135,"(1, 5, 0, 2, 4, 3)",182
34,False,0.8859217660240158,2.765552331902879,"(0, 2, 3, 5, 1, 4)",183
227,False,0.8650446245241958,2.7665562123536906,"(1, 5, 2, 4, 3, 0)",184
63,False,0.8650446245241955,2.7665562123536906,"(0, 3, 4, 2, 5, 1)",185
318,False,0.8706183999375083,2.767173317747768,"(2, 4, 1, 0, 3, 5)",186
140,False,0.897353765221766,2.768116437501144,"(1, 0, 5, 3, 2, 4)",187
342,False,0.8908463848868502,2.768362201261605,"(2, 5, 1, 0, 3, 4)",188
15,False,0.8641897805393917,2.7686936825032733,"(0, 1, 4, 3, 5, 2)",189
353,False,0.8641897805393919,2.7686936825032733,"(2, 5, 3, 4, 1, 0)",190
284,False,0.904930464550315,2.769168397038041,"(2, 1, 5, 3, 0, 4)",191
65,False,0.8651990374887197,2.769206811238255,"(0, 3, 4, 5, 2, 1)",192
167,False,0.8651990374887201,2.7692068112382557,"(1, 2, 5, 4, 3, 0)",193
81,False,0.8680024205010328,2.769242435479204,"(0, 4, 2, 3, 5, 1)",194
231,False,0.8680024205010332,2.7692424354792045,"(1, 5, 3, 2, 4, 0)",195
345,False,0.8796340086323235,2.76959856798275,"(2, 5, 1, 3, 4, 0)",196
85,False,0.8796340086323239,2.76959856798275,"(0, 4, 3, 1, 5, 2)",197
43,False,0.8900860101777843,2.771078213743971,"(0, 2, 5, 1, 4, 3)",198
321,False,0.8751050746611533,2.771398728555368,"(2, 4, 1, 3, 5, 0)",199
109,False,0.8751050746611534,2.7713987285553685,"(0, 5, 3, 1, 4, 2)",200
21,False,0.882176210958211,2.7720603696059807,"(0, 1, 5, 3, 4, 2)",201
329,False,0.882176210958211,2.772060369605981,"(2, 4, 3, 5, 1, 0)",202
130,False,0.8864081758606313,2.7728721493538,"(1, 0, 3, 5, 2, 4)",203
218,False,0.8894151592526308,2.772891269615069,"(1, 5, 0, 3, 2, 4)",204
223,False,0.8936090538007496,2.7734783801718486,"(1, 5, 2, 0, 4, 3)",205
314,False,0.8766148356485032,2.7735379402232065,"(2, 4, 0, 3, 1, 5)",206
73,False,0.8762464217684971,2.774254360150908,"(0, 4, 1, 2, 5, 3)",207
336,False,0.8990025048547816,2.7744767026899533,"(2, 5, 0, 1, 3, 4)",208
358,False,0.8620101730342548,2.7746178484754207,"(2, 5, 4, 3, 0, 1)",209
129,False,0.8620101730342552,2.7746178484754216,"(1, 0, 3, 4, 5, 2)",210
233,False,0.8671465652899117,2.7755550974697534,"(1, 5, 3, 4, 2, 0)",211
39,False,0.8671465652899116,2.7755550974697534,"(0, 2, 4, 3, 5, 1)",212
163,False,0.9057766643667485,2.7761289790564136,"(1, 2, 5, 0, 4, 3)",213
230,False,0.8864068882968767,2.7766109420822107,"(1, 5, 3, 2, 0, 4)",214
312,False,0.8704370246992061,2.776666430090441,"(2, 4, 0, 1, 3, 5)",215
335,False,0.8806967666482886,2.776816081458637,"(2, 4, 5, 3, 1, 0)",216
11,False,0.8806967666482887,2.776816081458637,"(0, 1, 3, 5, 4, 2)",217
44,False,0.8815933773806875,2.7768719534205255,"(0, 2, 5, 3, 1, 4)",218
344,False,0.8927076000248182,2.7769670745857566,"(2, 5, 1, 3, 0, 4)",219
258,False,0.9036260935169073,2.7774335682525506,"(2, 0, 5, 1, 3, 4)",220
58,False,0.8850147895736662,2.7779590294233936,"(0, 3, 2, 5, 1, 4)",221
215,False,0.873469856074036,2.780104635150974,"(1, 4, 5, 3, 2, 0)",222
35,False,0.8734698560740364,2.7801046351509746,"(0, 2, 3, 5, 4, 1)",223
311,False,0.8802469337120167,2.780378876949702,"(2, 3, 5, 4, 1, 0)",224
17,False,0.8802469337120167,2.780378876949702,"(0, 1, 4, 5, 3, 2)",225
287,False,0.8760093630725366,2.780519249946099,"(2, 1, 5, 4, 3, 0)",226
64,False,0.8760093630725369,2.7805192499460993,"(0, 3, 4, 5, 1, 2)",227
351,False,0.8753101351592204,2.780561994621526,"(2, 5, 3, 1, 4, 0)",228
75,False,0.8753101351592208,2.780561994621527,"(0, 4, 1, 3, 5, 2)",229
71,False,0.8823631914850444,2.7811192815321597,"(0, 3, 5, 4, 2, 1)",230
161,False,0.8823631914850448,2.7811192815321606,"(1, 2, 4, 5, 3, 0)",231
16,False,0.8822908469075375,2.7813920290441283,"(0, 1, 4, 5, 2, 3)",232
52,False,0.8943187693115853,2.781539011132014,"(0, 3, 1, 5, 2, 4)",233
304,False,0.8815931698063364,2.781547331069194,"(2, 3, 4, 5, 0, 1)",234
143,False,0.8815931698063366,2.781547331069194,"(1, 0, 5, 4, 3, 2)",235
238,False,0.8741622594023793,2.7821776433028234,"(1, 5, 4, 3, 0, 2)",236
249,False,0.8741622594023791,2.7821776433028234,"(2, 0, 3, 4, 5, 1)",237
142,False,0.9061606224027016,2.7825604831636213,"(1, 0, 5, 4, 2, 3)",238
51,False,0.8764167559688497,2.7832847102536356,"(0, 3, 1, 4, 5, 2)",239
357,False,0.8764167559688498,2.783284710253636,"(2, 5, 4, 1, 3, 0)",240
133,False,0.8789480839435262,2.7843068578837578,"(1, 0, 4, 2, 5, 3)",241
79,False,0.8823934480751328,2.78469651614871,"(0, 4, 2, 1, 5, 3)",242
301,False,0.8912545380195188,2.7863221631831188,"(2, 3, 4, 0, 5, 1)",243
221,False,0.8912545380195189,2.7863221631831188,"(1, 5, 0, 4, 3, 2)",244
220,False,0.8951996418395062,2.787335315277546,"(1, 5, 0, 4, 2, 3)",245
283,False,0.9097792573967751,2.7874414177642572,"(2, 1, 5, 0, 4, 3)",246
350,False,0.8893037461285148,2.7879305012245332,"(2, 5, 3, 1, 0, 4)",247
61,False,0.883398240349944,2.7883179274938144,"(0, 3, 4, 1, 5, 2)",248
347,False,0.883398240349944,2.7883179274938144,"(2, 5, 1, 4, 3, 0)",249
352,False,0.8787966673525359,2.790614492354376,"(2, 5, 3, 4, 0, 1)",250
135,False,0.8787966673525361,2.7906144923543765,"(1, 0, 4, 3, 5, 2)",251
291,False,0.8933390762464258,2.7909059721866543,"(2, 3, 0, 4, 5, 1)",252
235,False,0.8933390762464261,2.7909059721866543,"(1, 5, 4, 0, 3, 2)",253
37,False,0.8884568298263091,2.7910091781392596,"(0, 2, 4, 1, 5, 3)",254
209,False,0.8802401811852929,2.7914242566686225,"(1, 4, 3, 5, 2, 0)",255
45,False,0.8802401811852929,2.7914242566686225,"(0, 2, 5, 3, 4, 1)",256
47,False,0.8790070260035243,2.79149185585742,"(0, 2, 5, 4, 3, 1)",257
185,False,0.8790070260035245,2.7914918558574207,"(1, 3, 4, 5, 2, 0)",258
234,False,0.8980572758860227,2.79191912428108,"(1, 5, 4, 0, 2, 3)",259
309,False,0.9028372236846071,2.7922471890679548,"(2, 3, 5, 1, 4, 0)",260
77,False,0.9028372236846072,2.7922471890679557,"(0, 4, 1, 5, 3, 2)",261
70,False,0.889655098096113,2.7924317202400037,"(0, 3, 5, 4, 1, 2)",262
281,False,0.8896550980961132,2.792431720240004,"(2, 1, 4, 5, 3, 0)",263
59,False,0.8776386836269299,2.7925113326714897,"(0, 3, 2, 5, 4, 1)",264
213,False,0.8776386836269299,2.7925113326714897,"(1, 4, 5, 2, 3, 0)",265
157,False,0.8993698831919831,2.7926813325373763,"(1, 2, 4, 0, 5, 3)",266
76,False,0.89621352320572,2.7932603411623815,"(0, 4, 1, 5, 2, 3)",267
328,False,0.8951941325985238,2.7939811794570835,"(2, 4, 3, 5, 0, 1)",268
141,False,0.8951941325985242,2.793981179457084,"(1, 0, 5, 3, 4, 2)",269
68,False,0.8924973120927225,2.7950766198065975,"(0, 3, 5, 2, 1, 4)",270
343,False,0.9076385853631822,2.7952400953119723,"(2, 5, 1, 0, 4, 3)",271
236,False,0.8989275213489518,2.795597492917765,"(1, 5, 4, 2, 0, 3)",272
66,False,0.9049127716935266,2.7984846986660976,"(0, 3, 5, 1, 2, 4)",273
334,False,0.8973460916471354,2.7987368913097397,"(2, 4, 5, 3, 0, 1)",274
131,False,0.8973460916471356,2.79873689130974,"(1, 0, 3, 5, 4, 2)",275
325,False,0.9044335549049081,2.7987560115710086,"(2, 4, 3, 0, 5, 1)",276
219,False,0.9044335549049083,2.798756011571009,"(1, 5, 0, 3, 4, 2)",277
250,False,0.9129615535245578,2.798785580461826,"(2, 0, 3, 5, 1, 4)",278
308,False,0.9162016603236758,2.799615695670961,"(2, 3, 5, 1, 0, 4)",279
189,False,0.8828626957233688,2.8004702750751007,"(1, 3, 5, 2, 4, 0)",280
83,False,0.8828626957233688,2.800470275075101,"(0, 4, 2, 5, 3, 1)",281
226,False,0.895156243857979,2.8008026130070647,"(1, 5, 2, 4, 0, 3)",282
337,False,0.907770823466775,2.8013545967403206,"(2, 5, 0, 1, 4, 3)",283
310,False,0.9011465761441141,2.8022996868008048,"(2, 3, 5, 4, 0, 1)",284
137,False,0.9011465761441143,2.802299686800805,"(1, 0, 4, 5, 3, 2)",285
136,False,0.9032698614239919,2.803312838895232,"(1, 0, 4, 5, 2, 3)",286
166,False,0.9071169364409526,2.803453211891629,"(1, 2, 5, 4, 0, 3)",287
46,False,0.896984314886869,2.803817446659691,"(0, 2, 5, 4, 1, 3)",288
277,False,0.9089716656556052,2.80399377124522,"(2, 1, 4, 0, 5, 3)",289
228,False,0.9057826723044787,2.8040857813444813,"(1, 5, 3, 0, 2, 4)",290
259,False,0.9141543634437083,2.804311462302918,"(2, 0, 5, 1, 4, 3)",291
191,False,0.8942079693575082,2.80678293706565,"(1, 3, 5, 4, 2, 0)",292
41,False,0.8942079693575082,2.80678293706565,"(0, 2, 4, 5, 3, 1)",293
338,False,0.9101483262476278,2.8071483364168754,"(2, 5, 0, 3, 1, 4)",294
53,False,0.9076482431508355,2.807403753087954,"(0, 3, 1, 5, 4, 2)",295
333,False,0.9076482431508357,2.8074037530879545,"(2, 4, 5, 1, 3, 0)",296
292,False,0.9209752906450663,2.8075139093456563,"(2, 3, 0, 5, 1, 4)",297
188,False,0.9052617916899522,2.8078387816781074,"(1, 3, 5, 2, 0, 4)",298
232,False,0.8960584140377176,2.8087883460287006,"(1, 5, 3, 4, 0, 2)",299
255,False,0.8960584140377171,2.8087883460287006,"(2, 0, 4, 3, 5, 1)",300
172,False,0.921209904110236,2.808874821063621,"(1, 3, 0, 5, 2, 4)",301
203,False,0.8852620060019555,2.809628923054693,"(1, 4, 2, 5, 3, 0)",302
69,False,0.8852620060019555,2.809628923054693,"(0, 3, 5, 2, 4, 1)",303
260,False,0.9198464948061805,2.8101052019794728,"(2, 0, 5, 3, 1, 4)",304
171,False,0.9033796877328198,2.8106205201852426,"(1, 3, 0, 4, 5, 2)",305
355,False,0.9033796877328196,2.8106205201852426,"(2, 5, 4, 0, 3, 1)",306
348,False,0.9029729274556956,2.8119972616273037,"(2, 5, 3, 0, 1, 4)",307
82,False,0.9084754661958939,2.8127958658773715,"(0, 4, 2, 5, 1, 3)",308
251,False,0.8976996535064139,2.8133378837099214,"(2, 0, 3, 5, 4, 1)",309
214,False,0.8976996535064139,2.8133378837099214,"(1, 4, 5, 3, 0, 2)",310
286,False,0.919489867556908,2.8147656505994734,"(2, 1, 5, 4, 0, 3)",311
160,False,0.9200288584102596,2.815365682185534,"(1, 2, 4, 5, 0, 3)",312
356,False,0.8977116601439423,2.8175311109070096,"(2, 5, 4, 1, 0, 3)",313
40,False,0.9143994556890189,2.8191085278679213,"(0, 2, 4, 5, 1, 3)",314
193,False,0.904568103830151,2.8202419304047814,"(1, 4, 0, 2, 5, 3)",315
199,False,0.9074580972092408,2.821190974059909,"(1, 4, 2, 0, 5, 3)",316
339,False,0.9088975604129885,2.821700639664971,"(2, 5, 0, 3, 4, 1)",317
205,False,0.9088975604129886,2.8217006396649715,"(1, 4, 3, 0, 5, 2)",318
341,False,0.9084706502937255,2.8217682388537693,"(2, 5, 0, 4, 3, 1)",319
181,False,0.9084706502937258,2.8217682388537697,"(1, 3, 4, 0, 5, 2)",320
211,False,0.9193373597992957,2.822066212593752,"(1, 4, 5, 0, 3, 2)",321
293,False,0.9193373597992959,2.8220662125937523,"(2, 3, 0, 5, 4, 1)",322
346,False,0.9008636777995636,2.8225643281471884,"(2, 5, 1, 4, 0, 3)",323
354,False,0.9100223189047562,2.8229461109875134,"(2, 5, 4, 0, 1, 3)",324
210,False,0.9288104390987064,2.823079364688178,"(1, 4, 5, 0, 2, 3)",325
306,False,0.9324518059825219,2.8236824560737315,"(2, 3, 5, 0, 1, 4)",326
253,False,0.9152593720267771,2.8242424266982056,"(2, 0, 4, 1, 5, 3)",327
323,False,0.9193011459216497,2.824349440622038,"(2, 4, 1, 5, 3, 0)",328
67,False,0.9193011459216497,2.824349440622038,"(0, 3, 5, 1, 4, 2)",329
261,False,0.9127339507543568,2.824657505227569,"(2, 0, 5, 3, 4, 1)",330
208,False,0.9127339507543569,2.8246575052275693,"(1, 4, 3, 5, 0, 2)",331
263,False,0.9167445715052782,2.824725104416367,"(2, 0, 5, 4, 3, 1)",332
184,False,0.9167445715052787,2.8247251044163675,"(1, 3, 4, 5, 0, 2)",333
349,False,0.9078922121640435,2.826549564875399,"(2, 5, 3, 0, 4, 1)",334
195,False,0.9078922121640438,2.8265495648753998,"(1, 4, 0, 3, 5, 2)",335
280,False,0.9286392614351942,2.8266781208933778,"(2, 1, 4, 5, 0, 3)",336
212,False,0.9136762975475983,2.826757733324863,"(1, 4, 5, 2, 0, 3)",337
229,False,0.9148006020639607,2.8299505233004214,"(1, 5, 3, 0, 4, 2)",338
315,False,0.9148006020639606,2.8299505233004214,"(2, 4, 0, 3, 5, 1)",339
340,False,0.9144823576790356,2.8340938296560405,"(2, 5, 0, 4, 1, 3)",340
331,False,0.929263486107232,2.8347395630195606,"(2, 4, 5, 0, 3, 1)",341
173,False,0.9292634861072324,2.8347395630195615,"(1, 3, 0, 5, 4, 2)",342
186,False,0.9305401843924225,2.8353136209403775,"(1, 3, 5, 0, 2, 4)",343
319,False,0.9261182340663299,2.835911491627254,"(2, 4, 1, 0, 5, 3)",344
262,False,0.93306217926754,2.8370506952186387,"(2, 0, 5, 4, 1, 3)",345
307,False,0.9277338700204791,2.8382347593218284,"(2, 3, 5, 0, 4, 1)",346
197,False,0.9277338700204791,2.8382347593218284,"(1, 4, 0, 5, 3, 2)",347
196,False,0.9303401459380198,2.8392479114162548,"(1, 4, 0, 5, 2, 3)",348
190,False,0.9161956777618423,2.840016185624597,"(1, 3, 5, 4, 0, 2)",349
257,False,0.916195677761842,2.840016185624597,"(2, 0, 4, 5, 3, 1)",350
332,False,0.9344698997389099,2.841650153741328,"(2, 4, 5, 1, 0, 3)",351
202,False,0.9277172506872225,2.843875323708067,"(1, 4, 2, 5, 0, 3)",352
313,False,0.9278926844931652,2.8454046039699263,"(2, 4, 0, 1, 5, 3)",353
330,False,0.9488766320645893,2.8470651538218323,"(2, 4, 5, 0, 1, 3)",354
256,False,0.9369517169789212,2.8523417764268677,"(2, 0, 4, 5, 1, 3)",355
322,False,0.9405270027566437,2.8585958412754113,"(2, 4, 1, 5, 0, 3)",356
317,False,0.9398038962297347,2.8611783628963177,"(2, 4, 0, 5, 3, 1)",357
187,False,0.9398038962297351,2.861178362896318,"(1, 3, 5, 0, 4, 2)",358
316,False,0.950564657619311,2.873503953698589,"(2, 4, 0, 5, 1, 3)",359
