,is_well_nested,ms,ee,perm,i
0,True,0.33696682630035046,1.9587016192508613,"(0, 1, 2, 3, 4, 5)",0
360,True,0.33696682630035046,1.9587016192508613,general_0,1
1,False,0.33858795646225975,1.9601289509201716,"(0, 1, 2, 3, 5, 4)",2
120,True,0.3386807378647524,1.9602306368362787,"(1, 0, 2, 3, 4, 5)",3
121,False,0.3400080359275266,1.9616579685055893,"(1, 0, 2, 3, 5, 4)",4
264,True,0.33959687299154484,1.961902019543978,"(2, 1, 0, 3, 4, 5)",5
5,True,0.3395108664153481,1.9619751341722635,"(0, 1, 2, 5, 4, 3)",6
6,False,0.33954697455129346,1.9621841123726071,"(0, 1, 3, 2, 4, 5)",7
2,True,0.33937997768688144,1.9622209530971644,"(0, 1, 2, 4, 3, 5)",8
4,True,0.33985551902415934,1.9622215843262845,"(0, 1, 2, 5, 3, 4)",9
144,False,0.3400290539587606,1.962603192424522,"(1, 2, 0, 3, 4, 5)",10
24,False,0.33952814889420835,1.9626062281043677,"(0, 2, 1, 3, 4, 5)",11
265,False,0.3406124369303689,1.9633293512132879,"(2, 1, 0, 3, 5, 4)",12
3,False,0.3400211508939861,1.9634018346124538,"(0, 1, 2, 4, 5, 3)",13
240,True,0.3401435305748305,1.963434072809243,"(2, 0, 1, 3, 4, 5)",14
125,True,0.3405913007964214,1.9635041517576808,"(1, 0, 2, 5, 4, 3)",15
7,False,0.3403889750064958,1.9636114440419168,"(0, 1, 3, 2, 5, 4)",16
126,False,0.3404381629715645,1.9637131299580244,"(1, 0, 3, 2, 4, 5)",17
122,True,0.34027243039714505,1.9637499706825818,"(1, 0, 2, 4, 3, 5)",18
124,True,0.34089124694686884,1.9637506019117017,"(1, 0, 2, 5, 3, 4)",19
294,False,0.34092470745775916,1.9639789075178185,"(2, 3, 1, 0, 4, 5)",20
145,False,0.34099618505103557,1.9640305240938318,"(1, 2, 0, 3, 5, 4)",21
25,False,0.34035423397943726,1.964033559773678,"(0, 2, 1, 3, 5, 4)",22
22,False,0.34091131691212506,1.9642951397604118,"(0, 1, 5, 4, 2, 3)",23
19,False,0.3408200668760736,1.964346279201534,"(0, 1, 5, 2, 4, 3)",24
23,False,0.3402328382437651,1.9645170938611833,"(0, 1, 5, 4, 3, 2)",25
305,False,0.3402328382437655,1.9645170938611844,"(2, 3, 4, 5, 1, 0)",26
270,False,0.3409741759019841,1.9645764485271051,"(2, 1, 3, 0, 4, 5)",27
18,False,0.34086887427992685,1.964592729355555,"(0, 1, 5, 2, 3, 4)",28
241,False,0.3412857467107142,1.964861404478553,"(2, 0, 1, 3, 5, 4)",29
123,False,0.34122872901636886,1.9649308521978712,"(1, 0, 2, 4, 5, 3)",30
127,False,0.34091553158255294,1.9651404616273345,"(1, 0, 3, 2, 5, 4)",31
269,True,0.3409804251982777,1.96517553446538,"(2, 1, 0, 5, 4, 3)",32
150,False,0.3411022459812265,1.9652776214076488,"(1, 2, 3, 0, 4, 5)",33
295,False,0.34168236881748404,1.9654062391871285,"(2, 3, 1, 0, 5, 4)",34
266,True,0.340974113404005,1.9654213533902811,"(2, 1, 0, 4, 3, 5)",35
268,True,0.34169307568901985,1.9654219846194008,"(2, 1, 0, 5, 3, 4)",36
288,False,0.3412413574526634,1.9657733888534512,"(2, 3, 0, 1, 4, 5)",37
142,False,0.34170343879865145,1.9658241573458297,"(1, 0, 5, 4, 2, 3)",38
139,False,0.34186406399876146,1.9658752967869515,"(1, 0, 5, 2, 4, 3)",39
149,False,0.3417628730300591,1.9658767073459236,"(1, 2, 0, 5, 4, 3)",40
29,False,0.3410569035477113,1.9658797430257697,"(0, 2, 1, 5, 4, 3)",41
16,False,0.3411773461149013,1.9659813152953194,"(0, 1, 4, 5, 2, 3)",42
271,False,0.34196572124837143,1.9660037801964154,"(2, 1, 3, 0, 5, 4)",43
143,False,0.34093214044647246,1.9660461114466008,"(1, 0, 5, 4, 3, 2)",44
304,False,0.34093214044647285,1.9660461114466021,"(2, 3, 4, 5, 0, 1)",45
138,False,0.3417212786018503,1.9661217469409726,"(1, 0, 5, 2, 3, 4)",46
146,False,0.34166556495955974,1.9661225262708253,"(1, 2, 0, 4, 3, 5)",47
148,False,0.34210075777352533,1.9661231574999447,"(1, 2, 0, 5, 3, 4)",48
26,False,0.3411252489680147,1.966125561950671,"(0, 2, 1, 4, 3, 5)",49
28,False,0.34166202702112536,1.9661261931797906,"(0, 2, 1, 5, 3, 4)",50
17,False,0.34138732039238723,1.9662032693960914,"(0, 1, 4, 5, 3, 2)",51
311,False,0.34138732039238767,1.9662032693960925,"(2, 3, 5, 4, 1, 0)",52
8,False,0.34108652527717803,1.9662714936224912,"(0, 1, 3, 4, 2, 5)",53
12,False,0.3411867527737975,1.9662782736613436,"(0, 1, 4, 2, 3, 5)",54
48,False,0.3411311358564928,1.9663315342513439,"(0, 3, 1, 2, 4, 5)",55
267,False,0.34167379940499154,1.9666022349055698,"(2, 1, 0, 4, 5, 3)",56
302,False,0.3416117705133794,1.9666820722711775,"(2, 3, 4, 1, 0, 5)",57
151,False,0.341904885847197,1.966704953076959,"(1, 2, 3, 0, 5, 4)",58
245,True,0.3417406233683109,1.9667075877306446,"(2, 0, 1, 5, 4, 3)",59
14,False,0.3409124304855942,1.9668463210649243,"(0, 1, 4, 3, 2, 5)",60
242,True,0.3417746830737592,1.966953406655546,"(2, 0, 1, 4, 3, 5)",61
244,True,0.3421967330143826,1.9669540378846657,"(2, 0, 1, 5, 3, 4)",62
296,False,0.341578228507032,1.9669853562250337,"(2, 3, 1, 4, 0, 5)",63
100,False,0.34155972491181974,1.9670351090815918,"(0, 5, 1, 4, 2, 3)",64
30,False,0.3414574860259306,1.967075138423128,"(0, 2, 3, 1, 4, 5)",65
97,False,0.3419999715258784,1.967086248522714,"(0, 5, 1, 2, 4, 3)",66
289,False,0.34212548898243933,1.9672007205227615,"(2, 3, 0, 1, 5, 4)",67
101,False,0.3417777254656899,1.9672570631823634,"(0, 5, 1, 4, 3, 2)",68
303,False,0.3417777254656903,1.9672570631823645,"(2, 3, 4, 1, 5, 0)",69
147,False,0.34220739854317883,1.9673034077861142,"(1, 2, 0, 4, 5, 3)",70
27,False,0.34180918289088363,1.9673064434659602,"(0, 2, 1, 4, 5, 3)",71
54,False,0.3410864160380996,1.9673179514483585,"(0, 3, 2, 1, 4, 5)",72
96,False,0.3413977628976097,1.9673326986767352,"(0, 5, 1, 2, 3, 4)",73
114,False,0.3417373534084687,1.9673383930354482,"(0, 5, 4, 1, 2, 3)",74
13,False,0.3413339266305537,1.9674591551766325,"(0, 1, 4, 2, 5, 3)",75
136,False,0.34209707414313284,1.967510332880737,"(1, 0, 4, 5, 2, 3)",76
115,False,0.3420342909481865,1.9675603471362197,"(0, 5, 4, 1, 3, 2)",77
297,False,0.34203429094818694,1.967560347136221,"(2, 3, 1, 4, 5, 0)",78
272,False,0.3421865679981091,1.967582897234321,"(2, 1, 3, 4, 0, 5)",79
9,False,0.34133236820308377,1.9676743292385515,"(0, 1, 3, 4, 5, 2)",80
359,False,0.3413323682030841,1.9676743292385526,"(2, 5, 4, 3, 1, 0)",81
329,False,0.341904009776068,1.9677066850391465,"(2, 4, 3, 5, 1, 0)",82
21,False,0.34190400977606805,1.9677066850391467,"(0, 1, 5, 3, 4, 2)",83
20,False,0.34210509694448027,1.9677311810923959,"(0, 1, 5, 3, 2, 4)",84
310,False,0.342186038973158,1.9677322869815095,"(2, 3, 5, 4, 0, 1)",85
137,False,0.3421860389731582,1.96773228698151,"(1, 0, 4, 5, 3, 2)",86
49,False,0.341866506547967,1.967758865920654,"(0, 3, 1, 2, 5, 4)",87
128,False,0.3418845958414538,1.9678005112079087,"(1, 0, 3, 4, 2, 5)",88
132,False,0.34199933836743435,1.9678072912467606,"(1, 0, 4, 2, 3, 5)",89
246,False,0.3415397817133484,1.967902983128003,"(2, 0, 3, 1, 4, 5)",90
243,False,0.34219225209727167,1.968134288170835,"(2, 0, 1, 4, 5, 3)",91
118,False,0.3418329029615625,1.9681578881455075,"(0, 5, 4, 3, 1, 2)",92
273,False,0.3418329029615625,1.9681578881455075,"(2, 1, 3, 4, 5, 0)",93
15,False,0.3420253327996978,1.968249156680985,"(0, 1, 4, 3, 5, 2)",94
353,False,0.34202533279969816,1.9682491566809859,"(2, 5, 3, 4, 1, 0)",95
152,False,0.3416670644357195,1.9682840701148647,"(1, 2, 3, 4, 0, 5)",96
174,False,0.3423006429579865,1.9682986670860483,"(1, 3, 2, 0, 4, 5)",97
134,False,0.34171762887869883,1.9683753386503415,"(1, 0, 4, 3, 2, 5)",98
300,False,0.3421221119018067,1.9684828980072309,"(2, 3, 4, 0, 1, 5)",99
31,False,0.3422441089761726,1.968502470092438,"(0, 2, 3, 1, 5, 4)",100
55,False,0.34183925272681964,1.9687452831176686,"(0, 3, 2, 1, 5, 4)",101
11,False,0.3423624014244185,1.9688180331316212,"(0, 1, 3, 5, 4, 2)",102
335,False,0.3423624014244189,1.9688180331316225,"(2, 4, 5, 3, 1, 0)",103
10,False,0.34202760618503875,1.9688425291848708,"(0, 1, 3, 5, 2, 4)",104
153,False,0.34105854027248755,1.9688590610260517,"(1, 2, 3, 4, 5, 0)",105
119,False,0.3410585402724876,1.968859061026052,"(0, 5, 4, 3, 2, 1)",106
133,False,0.3424356348438269,1.9689881727620495,"(1, 0, 4, 2, 5, 3)",107
90,False,0.34220319176417285,1.969032872477612,"(0, 4, 5, 1, 2, 3)",108
168,False,0.3421273020216033,1.9691067312246664,"(1, 3, 0, 2, 4, 5)",109
129,False,0.34215537880872904,1.969203346823969,"(1, 0, 3, 4, 5, 2)",110
358,False,0.3421553788087295,1.9692033468239702,"(2, 5, 4, 3, 0, 1)",111
141,False,0.342723728278676,1.9692357026245642,"(1, 0, 5, 3, 4, 2)",112
328,False,0.342723728278676,1.9692357026245642,"(2, 4, 3, 5, 0, 1)",113
91,False,0.34265712796033043,1.9692548265783836,"(0, 4, 5, 1, 3, 2)",114
299,False,0.3426571279603308,1.969254826578385,"(2, 3, 1, 5, 4, 0)",115
140,False,0.3429908561963183,1.969260198677813,"(1, 0, 5, 3, 2, 4)",116
247,False,0.34261401261417507,1.9693303147973127,"(2, 0, 3, 1, 5, 4)",117
175,False,0.3431514596499336,1.9697259987553581,"(1, 3, 2, 0, 5, 4)",118
135,False,0.34266712948914446,1.9697781742664033,"(1, 0, 4, 3, 5, 2)",119
352,False,0.34266712948914446,1.9697781742664033,"(2, 5, 3, 4, 0, 1)",120
94,False,0.34271439307293805,1.9698523675876718,"(0, 4, 5, 3, 1, 2)",121
275,False,0.34271439307293805,1.9698523675876718,"(2, 1, 3, 5, 4, 0)",122
326,False,0.3428214675251855,1.9698716634491393,"(2, 4, 3, 1, 0, 5)",123
298,False,0.3431277614526246,1.970107167336508,"(2, 3, 1, 5, 0, 4)",124
283,False,0.343238113507593,1.9701715185725521,"(2, 1, 5, 0, 4, 3)",125
131,False,0.34307144218653995,1.9703470507170384,"(1, 0, 3, 5, 4, 2)",126
334,False,0.34307144218653995,1.9703470507170384,"(2, 4, 5, 3, 0, 1)",127
220,False,0.34315002172182085,1.970364952403064,"(1, 5, 0, 4, 2, 3)",128
130,False,0.34301997997627887,1.9703715467702898,"(1, 0, 3, 5, 2, 4)",129
76,False,0.3425049395746246,1.970415764058664,"(0, 4, 1, 5, 2, 3)",130
217,False,0.3434247805615527,1.9704160918441849,"(1, 5, 0, 2, 4, 3)",131
282,False,0.34372198287237776,1.970417968726573,"(2, 1, 5, 0, 3, 4)",132
50,False,0.3417509160536391,1.970418915501228,"(0, 3, 1, 4, 2, 5)",133
99,False,0.34307503453420757,1.9704466543603263,"(0, 5, 1, 3, 4, 2)",134
327,False,0.34307503453420757,1.9704466543603263,"(2, 4, 3, 1, 5, 0)",135
98,False,0.34285104507546466,1.9704711504135761,"(0, 5, 1, 3, 2, 4)",136
169,False,0.3430723160981723,1.9705340628939771,"(1, 3, 0, 2, 5, 4)",137
95,False,0.34261923756475743,1.9705535404682157,"(0, 4, 5, 3, 2, 1)",138
155,False,0.3426192375647578,1.9705535404682168,"(1, 2, 3, 5, 4, 0)",139
290,False,0.3426219292210287,1.97058066329672,"(2, 3, 0, 4, 1, 5)",140
301,False,0.343013788861899,1.9705869065038353,"(2, 3, 4, 0, 5, 1)",141
221,False,0.343013788861899,1.9705869065038353,"(1, 5, 0, 4, 3, 2)",142
77,False,0.3428785383514476,1.9706377181594352,"(0, 4, 1, 5, 3, 2)",143
309,False,0.34287853835144794,1.9706377181594361,"(2, 3, 5, 1, 4, 0)",144
216,False,0.3433620032141695,1.9706625419982071,"(1, 5, 0, 2, 3, 4)",145
274,False,0.3435407486064057,1.9707047083457954,"(2, 1, 3, 5, 0, 4)",146
72,False,0.3425318572827619,1.9707127224246872,"(0, 4, 1, 2, 3, 5)",147
163,False,0.34380108268764664,1.970872691453096,"(1, 2, 5, 0, 4, 3)",148
116,False,0.3430703497157065,1.9709569797231343,"(0, 5, 4, 2, 1, 3)",149
103,False,0.34297954121157215,1.9709683863279532,"(0, 5, 2, 1, 4, 3)",150
278,False,0.3430273458041493,1.9710569397208122,"(2, 1, 4, 3, 0, 5)",151
162,False,0.3436185902522717,1.9711191416071172,"(1, 2, 5, 0, 3, 4)",152
102,False,0.34336009917961574,1.971214836481974,"(0, 5, 2, 1, 3, 4)",153
74,False,0.3427665001149023,1.9712807698282682,"(0, 4, 1, 3, 2, 5)",154
176,False,0.34306481756945595,1.9713051157932637,"(1, 3, 2, 4, 0, 5)",155
154,False,0.34354011274912527,1.971405881226339,"(1, 2, 3, 5, 0, 4)",156
308,False,0.34371899781012294,1.9714900589175595,"(2, 3, 5, 1, 0, 4)",157
276,False,0.3433311305974257,1.9715698248598996,"(2, 1, 4, 0, 3, 5)",158
343,False,0.34372820987823927,1.9716198648481573,"(2, 5, 1, 0, 4, 3)",159
279,False,0.34333701110606357,1.9716319306319992,"(2, 1, 4, 3, 5, 0)",160
112,False,0.34333701110606357,1.9716319306319994,"(0, 5, 3, 4, 1, 2)",161
324,False,0.3434693465177131,1.9716724891851927,"(2, 4, 3, 0, 1, 5)",162
158,False,0.3435072431198946,1.9717581126013561,"(1, 2, 4, 3, 0, 5)",163
51,False,0.3431243521244874,1.9718217511172886,"(0, 3, 1, 4, 5, 2)",164
357,False,0.3431243521244878,1.97182175111729,"(2, 5, 4, 1, 3, 0)",165
342,False,0.3438131594750991,1.9718663150021785,"(2, 5, 1, 0, 3, 4)",166
117,False,0.3430950689156006,1.9718801067044494,"(0, 5, 4, 2, 3, 1)",167
177,False,0.343095068915601,1.9718801067044505,"(1, 3, 2, 4, 5, 0)",168
32,False,0.34291438503072624,1.9718824128663968,"(0, 2, 3, 4, 1, 5)",169
287,False,0.3428841158579839,1.9718868958271099,"(2, 1, 5, 4, 3, 0)",170
64,False,0.34288411585798384,1.9718868958271099,"(0, 3, 4, 5, 1, 2)",171
73,False,0.34346044094656686,1.9718936039399764,"(0, 4, 1, 2, 5, 3)",172
60,False,0.3429002560375837,1.9719324064866548,"(0, 3, 4, 1, 2, 5)",173
56,False,0.3430314901301199,1.9721252258916275,"(0, 3, 2, 4, 1, 5)",174
43,False,0.3434717755006319,1.9721330258602798,"(0, 2, 5, 1, 4, 3)",175
285,False,0.343666872941492,1.972173922711717,"(2, 1, 5, 3, 4, 0)",176
88,False,0.34366687294149206,1.9721739227117172,"(0, 4, 3, 5, 1, 2)",177
84,False,0.3433234369109272,1.972219433371262,"(0, 4, 3, 1, 2, 5)",178
156,False,0.3434686216592447,1.9722709977404436,"(1, 2, 4, 0, 3, 5)",179
159,False,0.3432245642709867,1.972333103512543,"(1, 2, 4, 3, 5, 0)",180
113,False,0.34322456427098685,1.9723331035125435,"(0, 5, 3, 4, 2, 1)",181
42,False,0.34352391873619903,1.9723794760143007,"(0, 2, 5, 1, 3, 4)",182
356,False,0.3435704417097548,1.9724276417213908,"(2, 5, 4, 1, 0, 3)",183
234,False,0.34394153200156097,1.9724627176925533,"(1, 5, 4, 0, 2, 3)",184
286,False,0.3439297040815673,1.9724927864312123,"(2, 1, 5, 4, 0, 3)",185
65,False,0.34313532203034947,1.9725880687076538,"(0, 3, 4, 5, 2, 1)",186
167,False,0.34313532203034947,1.9725880687076538,"(1, 2, 5, 4, 3, 0)",187
92,False,0.34366014461636507,1.972651459165298,"(0, 4, 5, 2, 1, 3)",188
62,False,0.34345208616117645,1.9726522996800397,"(0, 3, 4, 2, 1, 5)",189
75,False,0.34332047435807533,1.9726836054443289,"(0, 4, 1, 3, 5, 2)",190
351,False,0.34332047435807567,1.9726836054443297,"(2, 5, 3, 1, 4, 0)",191
291,False,0.3439831002762497,1.9726846717933242,"(2, 3, 0, 4, 5, 1)",192
235,False,0.3439831002762498,1.9726846717933244,"(1, 5, 4, 0, 3, 2)",193
248,False,0.3437613401693031,1.9727102575712718,"(2, 0, 3, 4, 1, 5)",194
277,False,0.3441998584734607,1.972750706375189,"(2, 1, 4, 0, 5, 3)",195
89,False,0.3435573600469245,1.9728750955922612,"(0, 4, 3, 5, 2, 1)",196
165,False,0.3435573600469249,1.9728750955922625,"(1, 2, 5, 3, 4, 0)",197
337,False,0.34412517049962615,1.9728771635754947,"(2, 5, 0, 1, 4, 3)",198
86,False,0.34258664939683126,1.9729393265646469,"(0, 4, 3, 2, 1, 5)",199
259,False,0.34427505560270166,1.972960870565153,"(2, 0, 5, 1, 4, 3)",200
333,False,0.34370733266599607,1.972965455010358,"(2, 4, 5, 1, 3, 0)",201
53,False,0.34370733266599607,1.972965455010358,"(0, 3, 1, 5, 4, 2)",202
52,False,0.3437514308616174,1.9729899510636077,"(0, 3, 1, 5, 2, 4)",203
306,False,0.34440917812856675,1.9730125806489662,"(2, 3, 5, 0, 1, 4)",204
284,False,0.3439891756425607,1.9730262634698401,"(2, 1, 5, 3, 0, 4)",205
281,False,0.34379581336520426,1.973039383189556,"(2, 1, 4, 5, 3, 0)",206
70,False,0.3437958133652044,1.9730393831895563,"(0, 3, 5, 4, 1, 2)",207
223,False,0.34397135689058467,1.9730409309220875,"(1, 5, 2, 0, 4, 3)",208
336,False,0.34427233088453857,1.973123613729516,"(2, 5, 0, 1, 3, 4)",209
166,False,0.34409114856070966,1.9731939593117562,"(1, 2, 5, 4, 0, 3)",210
170,False,0.3438177271383356,1.9731941124745505,"(1, 3, 0, 4, 2, 5)",211
258,False,0.3444727656562261,1.973207320719174,"(2, 0, 5, 1, 3, 4)",212
222,False,0.3442623808730028,1.9732873810761087,"(1, 5, 2, 0, 3, 4)",213
61,False,0.3437404792465957,1.9733352421027153,"(0, 3, 4, 1, 5, 2)",214
347,False,0.3437404792465961,1.9733352421027166,"(2, 5, 1, 4, 3, 0)",215
292,False,0.34453905202799934,1.9734241704035478,"(2, 3, 0, 5, 1, 4)",216
157,False,0.344469814851899,1.973451879255733,"(1, 2, 4, 0, 5, 3)",217
196,False,0.34447651350005826,1.9734673033754893,"(1, 4, 0, 5, 2, 3)",218
350,False,0.34420219631109955,1.973535946202453,"(2, 5, 3, 1, 0, 4)",219
332,False,0.34426416403923366,1.9735713456144606,"(2, 4, 5, 1, 0, 3)",220
93,False,0.3437672497794958,1.9735745861466134,"(0, 4, 5, 2, 3, 1)",221
179,False,0.34376724977949613,1.9735745861466143,"(1, 3, 2, 5, 4, 0)",222
85,False,0.34374082777995557,1.9736222689873222,"(0, 4, 3, 1, 5, 2)",223
345,False,0.343740827779956,1.9736222689873235,"(2, 5, 1, 3, 4, 0)",224
280,False,0.34428512323508054,1.9736452737936585,"(2, 1, 4, 5, 0, 3)",225
320,False,0.34365497821574886,1.9736489898894873,"(2, 4, 1, 3, 0, 5)",226
354,False,0.34428762898633675,1.9736738211092955,"(2, 5, 4, 0, 1, 3)",227
307,False,0.3445445802910495,1.9736892574762606,"(2, 3, 5, 0, 4, 1)",228
197,False,0.34454458029104956,1.9736892574762608,"(1, 4, 0, 5, 3, 2)",229
164,False,0.344360530868712,1.9737274363503856,"(1, 2, 5, 3, 0, 4)",230
161,False,0.3438607713435327,1.9737405560701,"(1, 2, 4, 5, 3, 0)",231
71,False,0.3438607713435327,1.9737405560701,"(0, 3, 5, 4, 2, 1)",232
192,False,0.34410029800278846,1.9737642617415128,"(1, 4, 0, 2, 3, 5)",233
325,False,0.34455085263251417,1.9737764976817973,"(2, 4, 3, 0, 5, 1)",234
219,False,0.3445508526325145,1.9737764976817982,"(1, 5, 0, 3, 4, 2)",235
36,False,0.3430851463564279,1.9737921219829586,"(0, 2, 4, 1, 3, 5)",236
218,False,0.34452563435024947,1.973800993735048,"(1, 5, 0, 3, 2, 4)",237
210,False,0.3445978589889523,1.9738788931300693,"(1, 4, 5, 0, 2, 3)",238
346,False,0.3434199270138032,1.9739411327068175,"(2, 5, 1, 4, 0, 3)",239
33,False,0.34303035050328257,1.9739864213630012,"(0, 2, 3, 4, 5, 1)",240
239,False,0.34303035050328295,1.9739864213630025,"(1, 5, 4, 3, 2, 0)",241
293,False,0.34452406320936774,1.974100847230842,"(2, 3, 0, 5, 4, 1)",242
211,False,0.3445240632093678,1.9741008472308421,"(1, 4, 5, 0, 3, 2)",243
318,False,0.3442950291606599,1.9741618750285748,"(2, 4, 1, 0, 3, 5)",244
321,False,0.34382583488556623,1.9742239808006743,"(2, 4, 1, 3, 5, 0)",245
109,False,0.3438258348855663,1.9742239808006745,"(0, 5, 3, 1, 4, 2)",246
57,False,0.3439531476964601,1.9742292343882317,"(0, 3, 2, 4, 5, 1)",247
237,False,0.34395314769646057,1.974229234388233,"(1, 5, 4, 2, 3, 0)",248
108,False,0.3443160146270271,1.974248476853924,"(0, 5, 3, 1, 2, 4)",249
78,False,0.3440031541960376,1.974321961892796,"(0, 4, 2, 1, 3, 5)",250
194,False,0.3439588235879802,1.9743323091450922,"(1, 4, 0, 3, 2, 5)",251
160,False,0.3445197107786584,1.9743464466742022,"(1, 2, 4, 5, 0, 3)",252
178,False,0.3446840683267622,1.9744269269047379,"(1, 3, 2, 5, 0, 4)",253
344,False,0.34444810491637856,1.9744746097454453,"(2, 5, 1, 3, 0, 4)",254
106,False,0.34386290203083575,1.974535833574517,"(0, 5, 2, 4, 1, 3)",255
171,False,0.34453895218236097,1.974596948090611,"(1, 3, 0, 4, 5, 2)",256
355,False,0.34453895218236097,1.974596948090611,"(2, 5, 4, 0, 3, 1)",257
252,False,0.34432126560435045,1.9746199666878332,"(2, 0, 4, 1, 3, 5)",258
34,False,0.3444016765785015,1.9747259199732243,"(0, 2, 3, 5, 1, 4)",259
63,False,0.34395536375488567,1.9747563081766444,"(0, 3, 4, 2, 5, 1)",260
227,False,0.343955363754886,1.9747563081766453,"(1, 5, 2, 4, 3, 0)",261
238,False,0.3441367435630039,1.974814266067875,"(1, 5, 4, 3, 0, 2)",262
249,False,0.3441367435630043,1.974814266067876,"(2, 0, 3, 4, 5, 1)",263
330,False,0.34472318085158293,1.974817525002364,"(2, 4, 5, 0, 1, 3)",264
236,False,0.3445441914323769,1.9748351249923355,"(1, 5, 4, 2, 0, 3)",265
182,False,0.34448382101483915,1.974883969644645,"(1, 3, 4, 2, 0, 5)",266
193,False,0.34466650899075973,1.9749451432568006,"(1, 4, 0, 2, 5, 3)",267
58,False,0.34415943882902517,1.974968732998455,"(0, 3, 2, 5, 1, 4)",268
37,False,0.3443969903468239,1.9749730034982476,"(0, 2, 4, 1, 5, 3)",269
87,False,0.34402927143216044,1.9750433350612513,"(0, 4, 3, 2, 5, 1)",270
225,False,0.34402927143216083,1.9750433350612524,"(1, 5, 2, 3, 4, 0)",271
348,False,0.34474059856196293,1.9750584679338599,"(2, 5, 3, 0, 1, 4)",272
38,False,0.344207049953274,1.9750800625799245,"(0, 2, 4, 3, 1, 5)",273
110,False,0.34424415898051375,1.9752408415917566,"(0, 5, 3, 2, 1, 4)",274
200,False,0.34455467752316604,1.975342527507864,"(1, 4, 2, 3, 0, 5)",275
319,False,0.34520682529798363,1.9753427565438642,"(2, 4, 1, 0, 5, 3)",276
104,False,0.34455230646680923,1.9753456529566478,"(0, 5, 2, 3, 1, 4)",277
226,False,0.34465853836723315,1.9753621987807475,"(1, 5, 2, 4, 0, 3)",278
35,False,0.34439970631098443,1.9754025968005187,"(0, 2, 3, 5, 4, 1)",279
215,False,0.34439970631098477,1.9754025968005198,"(1, 4, 5, 3, 2, 0)",280
206,False,0.3443253774925066,1.9754473388727551,"(1, 4, 3, 2, 0, 5)",281
107,False,0.3444856501791921,1.9754589605558321,"(0, 5, 2, 4, 3, 1)",282
183,False,0.3444856501791925,1.9754589605558333,"(1, 3, 4, 2, 5, 0)",283
79,False,0.34421623156636383,1.9755028434080855,"(0, 4, 2, 1, 5, 3)",284
250,False,0.3449034355742252,1.9755537646780992,"(2, 0, 3, 5, 1, 4)",285
80,False,0.34408701709199707,1.9756099024897622,"(0, 4, 2, 3, 1, 5)",286
67,False,0.3446057178014184,1.975631433358231,"(0, 3, 5, 1, 4, 2)",287
323,False,0.3446057178014184,1.975631433358231,"(2, 4, 1, 5, 3, 0)",288
59,False,0.3443110129377199,1.975645409825749,"(0, 3, 2, 5, 4, 1)",289
213,False,0.34431101293771993,1.9756454098257492,"(1, 4, 5, 2, 3, 0)",290
66,False,0.34458171102317525,1.9756559294114806,"(0, 3, 5, 1, 2, 4)",291
312,False,0.3445764687565159,1.9756799635912436,"(2, 4, 0, 1, 3, 5)",292
46,False,0.3446567271887816,1.9757004731068435,"(0, 2, 5, 4, 1, 3)",293
195,False,0.34472431643224694,1.975735144761154,"(1, 4, 0, 3, 5, 2)",294
349,False,0.34472431643224694,1.975735144761154,"(2, 5, 3, 0, 4, 1)",295
331,False,0.34527752934787365,1.9757406519836795,"(2, 4, 5, 0, 3, 1)",296
173,False,0.3452775293478741,1.9757406519836809,"(1, 3, 0, 5, 4, 2)",297
172,False,0.3451817395597864,1.9757651480369303,"(1, 3, 0, 5, 2, 4)",298
253,False,0.3446917055376657,1.9758008482031224,"(2, 0, 4, 1, 5, 3)",299
198,False,0.3446005553011998,1.975855412646953,"(1, 4, 2, 0, 3, 5)",300
224,False,0.3447823937505641,1.9758956758193755,"(1, 5, 2, 3, 0, 4)",301
254,False,0.3443625467236084,1.9759079072847991,"(2, 0, 4, 3, 1, 5)",302
111,False,0.344677145284011,1.975917518419051,"(0, 5, 3, 2, 4, 1)",303
201,False,0.3446771452840114,1.975917518419052,"(1, 4, 2, 3, 5, 0)",304
180,False,0.34465380066909185,1.9759649021873147,"(1, 3, 4, 0, 2, 5)",305
207,False,0.3442132772189687,1.9760223297839414,"(1, 4, 3, 2, 5, 0)",306
105,False,0.3442132772189688,1.9760223297839419,"(0, 5, 2, 3, 4, 1)",307
214,False,0.345030073546149,1.9762304415053922,"(1, 4, 5, 3, 0, 2)",308
251,False,0.34503007354614945,1.9762304415053935,"(2, 0, 3, 5, 4, 1)",309
322,False,0.3451471245912079,1.9762373239623336,"(2, 4, 1, 5, 0, 3)",310
212,False,0.3450301173182704,1.9762513004298514,"(1, 4, 5, 2, 0, 3)",311
340,False,0.34521243637668747,1.9764446108220586,"(2, 5, 0, 4, 1, 3)",312
44,False,0.3447757832653745,1.976510292488974,"(0, 2, 5, 3, 1, 4)",313
204,False,0.34498199908052174,1.9765282714154246,"(1, 4, 3, 0, 2, 5)",314
262,False,0.34550745397595006,1.976528317811718,"(2, 0, 5, 4, 1, 3)",315
47,False,0.34452194541000675,1.9766236000881585,"(0, 2, 5, 4, 3, 1)",316
185,False,0.34452194541000714,1.9766236000881594,"(1, 3, 4, 5, 2, 0)",317
68,False,0.3449992993544905,1.9766482941493135,"(0, 3, 5, 2, 1, 4)",318
313,False,0.3455225676357131,1.976860845106533,"(2, 4, 0, 1, 5, 3)",319
314,False,0.3452021150879076,1.9769679041882093,"(2, 4, 0, 3, 1, 5)",320
199,False,0.34535159129366333,1.9770362941622421,"(1, 4, 2, 0, 5, 3)",321
40,False,0.34491141002477693,1.977113750304621,"(0, 2, 4, 5, 1, 3)",322
39,False,0.3447477435152646,1.977184071076529,"(0, 2, 4, 3, 5, 1)",323
233,False,0.34474774351526505,1.9771840710765303,"(1, 5, 3, 4, 2, 0)",324
45,False,0.34504454228420584,1.9771869693162683,"(0, 2, 5, 3, 4, 1)",325
209,False,0.3450445422842062,1.9771869693162696,"(1, 4, 3, 5, 2, 0)",326
338,False,0.345397266503055,1.9772544302041897,"(2, 5, 0, 3, 1, 4)",327
69,False,0.34459080596935854,1.9773249709766079,"(0, 3, 5, 2, 4, 1)",328
203,False,0.344590805969359,1.9773249709766092,"(1, 4, 2, 5, 3, 0)",329
260,False,0.34546561288935346,1.9773381371938488,"(2, 0, 5, 3, 1, 4)",330
341,False,0.34574322105714295,1.977367737803374,"(2, 5, 0, 4, 3, 1)",331
181,False,0.3457432210571434,1.9773677378033754,"(1, 3, 4, 0, 5, 2)",332
263,False,0.34513992849918856,1.9774514447930334,"(2, 0, 5, 4, 3, 1)",333
184,False,0.34513992849918856,1.9774514447930334,"(1, 3, 4, 5, 0, 2)",334
82,False,0.3453431075724709,1.977643590214459,"(0, 4, 2, 5, 1, 3)",335
81,False,0.345167662496444,1.9777139109863662,"(0, 4, 2, 3, 5, 1)",336
231,False,0.34516766249644437,1.9777139109863675,"(1, 5, 3, 2, 4, 0)",337
202,False,0.34552506962635376,1.9779308615807099,"(1, 4, 2, 5, 0, 3)",338
339,False,0.3456678966382402,1.9779311070314838,"(2, 5, 0, 3, 4, 1)",339
205,False,0.34566789663824066,1.9779311070314851,"(1, 4, 3, 0, 5, 2)",340
256,False,0.34577526663905495,1.9779415950094956,"(2, 0, 4, 5, 1, 3)",341
232,False,0.34566942667449213,1.9780119157814022,"(1, 5, 3, 4, 0, 2)",342
255,False,0.3456694266744926,1.9780119157814036,"(2, 0, 4, 3, 5, 1)",343
208,False,0.34586490713499046,1.978014814021142,"(1, 4, 3, 5, 0, 2)",344
261,False,0.34586490713499096,1.9780148140211435,"(2, 0, 5, 3, 4, 1)",345
41,False,0.3453505933980104,1.9780368772859365,"(0, 2, 4, 5, 3, 1)",346
191,False,0.34535059339801066,1.9780368772859374,"(1, 3, 5, 4, 2, 0)",347
230,False,0.3456285790389223,1.9785662517444909,"(1, 5, 3, 2, 0, 4)",348
83,False,0.3451031888863744,1.978566717195774,"(0, 4, 2, 5, 3, 1)",349
189,False,0.34510318888637487,1.9785667171957753,"(1, 3, 5, 2, 4, 0)",350
190,False,0.3458719662237276,1.9788647219908098,"(1, 3, 5, 4, 0, 2)",351
257,False,0.34587196622372807,1.978864721990811,"(2, 0, 4, 5, 3, 1)",352
316,False,0.34611051602363774,1.9790015919129063,"(2, 4, 0, 5, 1, 3)",353
315,False,0.34574555536970014,1.9790719126848137,"(2, 4, 0, 3, 5, 1)",354
229,False,0.3457455553697005,1.9790719126848149,"(1, 5, 3, 0, 4, 2)",355
228,False,0.34614972687526196,1.979096408738065,"(1, 5, 3, 0, 2, 4)",356
188,False,0.34622027365041724,1.9794190579538982,"(1, 3, 5, 2, 0, 4)",357
317,False,0.34665792707843746,1.9799247188942213,"(2, 4, 0, 5, 3, 1)",358
187,False,0.3466579270784379,1.9799247188942226,"(1, 3, 5, 0, 4, 2)",359
186,False,0.34611770050677637,1.9799492149474722,"(1, 3, 5, 0, 2, 4)",360
536,False,0.36177970681797045,2.0288183858626967,general_176,361
465,False,0.3618450021631706,2.0290192221917644,general_105,362
569,False,0.3618563056898775,2.029019736278241,general_209,363
711,False,0.3618290652542618,2.0290219980834836,general_351,364
632,False,0.3618457043947161,2.0290683572936894,general_272,365
478,False,0.3618517217624154,2.0290691229729205,general_118,366
621,False,0.3618628621536918,2.029069552635244,general_261,367
530,False,0.36186773891258894,2.029077538982377,general_170,368
443,False,0.36186443204988966,2.0290829385415146,general_83,369
504,False,0.3618514296746605,2.0291070620801044,general_144,370
609,False,0.36186535283041477,2.0291111069846286,general_249,371
689,False,0.36186461538706344,2.029111670384493,general_329,372
605,False,0.3618639408972284,2.029123478340991,general_245,373
514,False,0.3618755742079479,2.029123627968258,general_154,374
516,False,0.3618576769832821,2.029131372793411,general_156,375
462,False,0.36188398160066315,2.0291503553858004,general_102,376
501,False,0.36187880281909796,2.0291564564679363,general_141,377
450,False,0.36188825858579327,2.0291613723593027,general_90,378
434,False,0.3618843101108352,2.029165698909136,general_74,379
517,False,0.36189801320932874,2.0291815510834486,general_157,380
668,False,0.3618759879351706,2.0291823204755097,general_308,381
467,False,0.36190353328499125,2.0291937836559217,general_107,382
641,False,0.36188202247046325,2.029196961572349,general_281,383
644,False,0.361898950407034,2.0292021723921794,general_284,384
388,False,0.3618741127119942,2.0292065333805427,general_28,385
405,False,0.3618879341280557,2.0292187369742822,general_45,386
523,False,0.3618997802177958,2.029231530708219,general_163,387
704,False,0.3618972371080154,2.0292320971533293,general_344,388
422,False,0.3619075969901763,2.0292330408004804,general_62,389
616,False,0.36190308336346433,2.0292337023904006,general_256,390
372,False,0.36190105635072767,2.0292365666978913,general_12,391
519,False,0.36191545978587386,2.029239640953681,general_159,392
544,False,0.3619232762713197,2.029240161262771,general_184,393
438,False,0.3619207164490213,2.029243341357901,general_78,394
526,False,0.3618951947706771,2.0292448983990665,general_166,395
423,False,0.3619079347720453,2.0292538710349497,general_63,396
670,False,0.36191602793209277,2.029257341050542,general_310,397
451,False,0.361907231979377,2.0292595119729127,general_91,398
697,False,0.3619080822623767,2.029264262353087,general_337,399
490,False,0.3619059621675226,2.029265201867712,general_130,400
574,False,0.3619304139715231,2.029266756448039,general_214,401
629,False,0.36192175737493665,2.029267304769018,general_269,402
500,False,0.361904745167866,2.0292679535409506,general_140,403
541,False,0.3619064900140363,2.0292729697079355,general_181,404
457,False,0.36191330309316844,2.0292737071928117,general_97,405
524,False,0.36192090701752466,2.0292737743914513,general_164,406
421,False,0.36192398044933183,2.029274871064989,general_61,407
591,False,0.3619104988518578,2.0292752259399234,general_231,408
515,False,0.36190525555734065,2.029276994001445,general_155,409
552,False,0.3619242348955049,2.0292794050503487,general_192,410
647,False,0.36193095170066897,2.0292844687036347,general_287,411
469,False,0.36192909564672643,2.029287385425415,general_109,412
411,False,0.3619171915948238,2.0292907291425273,general_51,413
573,False,0.36193770829058053,2.029291931182584,general_213,414
481,False,0.36192950215317976,2.0292925609585226,general_121,415
369,False,0.3619163234531314,2.0292935476621965,general_9,416
582,False,0.3619214545108129,2.0293046404102757,general_222,417
419,False,0.3619166607088,2.029312602644283,general_59,418
691,False,0.36191907660283806,2.029314358233676,general_331,419
545,False,0.3619279660763225,2.0293173054633904,general_185,420
628,False,0.3619252214631742,2.0293174363205835,general_268,421
676,False,0.36193558569533335,2.0293200517591456,general_316,422
643,False,0.36192299638291137,2.0293204758124608,general_283,423
520,False,0.36192853456453,2.0293210277076095,general_160,424
453,False,0.36192529972705334,2.029321533130517,general_93,425
551,False,0.3619282376411284,2.029321694481793,general_191,426
480,False,0.3619304632907256,2.0293241596771483,general_120,427
455,False,0.3619399615497436,2.0293264291507276,general_95,428
627,False,0.3619315586042302,2.0293276729539005,general_267,429
710,False,0.36193644641162287,2.0293308511826207,general_350,430
538,False,0.36192721149360085,2.0293399786680846,general_178,431
522,False,0.3619362834034843,2.0293405778147533,general_162,432
534,False,0.36193302570881547,2.029345029415827,general_174,433
410,False,0.3619368667867209,2.0293483686511933,general_50,434
468,False,0.3619290655418415,2.0293494749574856,general_108,435
607,False,0.36194392963605376,2.0293502034556523,general_247,436
642,False,0.3619242981562572,2.0293519288271034,general_282,437
709,False,0.3619220290716204,2.029352273514525,general_349,438
461,False,0.3619424610626837,2.029355950357232,general_101,439
402,False,0.36194060503100517,2.0293561528568285,general_42,440
485,False,0.36194450969628367,2.0293594816599088,general_125,441
649,False,0.36192814275458274,2.0293608538867085,general_289,442
664,False,0.3619632360866792,2.0293620095120968,general_304,443
568,False,0.36195863481561424,2.0293620473864014,general_208,444
684,False,0.36192177749360294,2.029362972914412,general_324,445
675,False,0.361958587429487,2.029364106011884,general_315,446
432,False,0.3619457070232266,2.029368694616779,general_72,447
701,False,0.361935193917849,2.0293761868232476,general_341,448
604,False,0.36195190308954883,2.0293762938591864,general_244,449
497,False,0.36192926640013645,2.0293765154479306,general_137,450
589,False,0.36193228058486027,2.0293803346498906,general_229,451
555,False,0.36194117498057465,2.0293806469938653,general_195,452
371,False,0.3619349210754371,2.0293806903883733,general_11,453
489,False,0.36194616775458066,2.029381007783422,general_129,454
391,False,0.36196147467154705,2.029382176816377,general_31,455
513,False,0.36193479395471206,2.0293832349429977,general_153,456
575,False,0.36195170852046016,2.0293837599842695,general_215,457
492,False,0.36195474227526,2.0293853248135236,general_132,458
652,False,0.36192665642755384,2.029385431399737,general_292,459
431,False,0.3619359131153461,2.0293860937253587,general_71,460
699,False,0.3619375392007963,2.0293865868242964,general_339,461
493,False,0.36194737378312053,2.029387555175451,general_133,462
483,False,0.36194415311046235,2.029387676179407,general_123,463
444,False,0.36194346910892145,2.0293886020847327,general_84,464
448,False,0.36194586267741624,2.029389209702959,general_88,465
679,False,0.36194544347945534,2.029389514873033,general_319,466
512,False,0.361942621300011,2.0293899159782898,general_152,467
488,False,0.3619550664111356,2.02939233386794,general_128,468
381,False,0.36195710196304387,2.0293987136259584,general_21,469
566,False,0.36194969913002967,2.029398911372569,general_206,470
618,False,0.3619235494259219,2.0293993188814072,general_258,471
686,False,0.36194833756276634,2.0293994874413555,general_326,472
364,False,0.361941209593153,2.0293998917705562,general_4,473
378,False,0.3619577672468487,2.0294000546079656,general_18,474
712,False,0.3619534802134332,2.029400330378988,general_352,475
389,False,0.3619355594321255,2.0294047789879093,general_29,476
508,False,0.36196108008659733,2.029405998091693,general_148,477
424,False,0.3619482420208303,2.0294070025117907,general_64,478
636,False,0.3619650763686672,2.0294084678713213,general_276,479
456,False,0.3619350163860281,2.02940889475971,general_96,480
503,False,0.3619538820821884,2.02941091479675,general_143,481
363,False,0.3619511296606029,2.029411703757889,general_3,482
425,False,0.3619455173667349,2.0294127797398525,general_65,483
502,False,0.3619608650251427,2.0294132594713146,general_142,484
672,False,0.36197012191069666,2.029414283342149,general_312,485
561,False,0.36195001019064593,2.0294157156334203,general_201,486
511,False,0.36194918328643777,2.02941799866859,general_151,487
442,False,0.3619427979800448,2.0294199210813044,general_82,488
464,False,0.3619457474292105,2.0294217032195316,general_104,489
542,False,0.3619507221041365,2.0294220239366,general_182,490
382,False,0.3619649531837736,2.029429570040569,general_22,491
669,False,0.3619656117781919,2.0294337562592215,general_309,492
703,False,0.36194652605665417,2.0294340375666944,general_343,493
634,False,0.36195493858154615,2.0294350185923147,general_274,494
383,False,0.36194787253131966,2.0294356495704715,general_23,495
400,False,0.36195639019825776,2.0294359881758863,general_40,496
708,False,0.36196476833176283,2.029436541221995,general_348,497
401,False,0.36195809126251477,2.029436988508752,general_41,498
694,False,0.3619548138049291,2.0294394623689076,general_334,499
565,False,0.3619516673717183,2.0294400936007233,general_205,500
558,False,0.3619471457677854,2.0294420257907415,general_198,501
392,False,0.36196299197461423,2.0294485183556557,general_32,502
654,False,0.3619610921199099,2.0294492360452776,general_294,503
408,False,0.36196191464471744,2.029450618558634,general_48,504
572,False,0.36197677087294766,2.0294521214544083,general_212,505
713,False,0.3619701704826286,2.0294536847302194,general_353,506
404,False,0.3619770344136825,2.0294544217142825,general_44,507
576,False,0.36196901511317037,2.0294557067988173,general_216,508
715,False,0.36197703823685806,2.0294576396876987,general_355,509
549,False,0.36196571115160897,2.029457918170967,general_189,510
415,False,0.3619606867871523,2.0294583132904793,general_55,511
666,False,0.36197786206413246,2.029458836778626,general_306,512
718,False,0.36195955547709413,2.0294600703981596,general_358,513
479,False,0.3619608073318964,2.029460591404012,general_119,514
564,False,0.36194935104083786,2.0294626894676346,general_204,515
365,False,0.36197438911263236,2.0294650691374456,general_5,516
693,False,0.36196815653293024,2.029470734154946,general_333,517
525,False,0.36197223659258154,2.029470987056549,general_165,518
578,False,0.36196534289937476,2.0294715670981036,general_218,519
610,False,0.36196098962486134,2.0294716671464914,general_250,520
601,False,0.3619605404458679,2.029473799288724,general_241,521
494,False,0.3619637752122919,2.0294772548309403,general_134,522
587,False,0.36196600750952146,2.0294774658571537,general_227,523
499,False,0.36196625832909735,2.0294790941630554,general_139,524
580,False,0.3619719925304905,2.029480077107584,general_220,525
614,False,0.36198757242941026,2.0294808319639674,general_254,526
532,False,0.3619806006541168,2.029483377176854,general_172,527
505,False,0.361970457147026,2.0294859611730693,general_145,528
714,False,0.3619530748014337,2.029486318806887,general_354,529
600,False,0.36197405596206034,2.0294863861954173,general_240,530
376,False,0.36198021245945666,2.029486494212345,general_16,531
593,False,0.3619716908290591,2.029486700343904,general_233,532
692,False,0.36197890551584294,2.029486844067354,general_332,533
658,False,0.36197302183423313,2.029487883659206,general_298,534
417,False,0.36197926758524945,2.0294889160325065,general_57,535
471,False,0.3619784190685401,2.029489834619378,general_111,536
427,False,0.3619779694454222,2.0294900665660016,general_67,537
445,False,0.36197662696064814,2.0294902897779776,general_85,538
435,False,0.3619759268928705,2.0294904252182415,general_75,539
596,False,0.3619737347752144,2.0294927399373526,general_236,540
603,False,0.3619665064281389,2.0294927827107214,general_243,541
594,False,0.36198452127762565,2.0294949895987235,general_234,542
683,False,0.3619747751399215,2.029496739023208,general_323,543
510,False,0.3619619329945915,2.0294970888742796,general_150,544
639,False,0.3619832535282992,2.029497812571955,general_279,545
384,False,0.3619999367303656,2.029497979220462,general_24,546
458,False,0.3619890243231737,2.0295001919198574,general_98,547
459,False,0.3619785721714951,2.029500545762185,general_99,548
631,False,0.36198145242298724,2.0295015725776535,general_271,549
690,False,0.3619848444223925,2.0295015728220047,general_330,550
397,False,0.3619581528880289,2.029501647739833,general_37,551
474,False,0.36197406082452677,2.0295024212849166,general_114,552
598,False,0.3619688584268916,2.029502530046219,general_238,553
581,False,0.36197431601061897,2.029502583840168,general_221,554
590,False,0.36196895290609027,2.0295032598489335,general_230,555
535,False,0.3619750865646161,2.0295039713637,general_175,556
367,False,0.36197017706134527,2.029506659203629,general_7,557
615,False,0.3619741442663726,2.029507534522388,general_255,558
677,False,0.3619993856618243,2.0295095364739146,general_317,559
698,False,0.3619775272411753,2.029509642949628,general_338,560
412,False,0.3619838048612285,2.0295107016137264,general_52,561
717,False,0.36198061396758263,2.0295109981249384,general_357,562
533,False,0.3619598921600435,2.0295111164666606,general_173,563
685,False,0.3619931047277534,2.029513054774796,general_325,564
495,False,0.36199365373357134,2.0295147719013116,general_135,565
366,False,0.36197188183001205,2.0295149715458325,general_6,566
395,False,0.3619884775133381,2.0295152987349248,general_35,567
595,False,0.36197237714224856,2.0295153460434783,general_235,568
386,False,0.36199194707901783,2.029517739903356,general_26,569
705,False,0.3619810170694037,2.0295182333020336,general_345,570
394,False,0.3619618897432254,2.029518302182535,general_34,571
659,False,0.36198686165193916,2.0295184638926087,general_299,572
375,False,0.36198974855302757,2.0295227955593247,general_15,573
665,False,0.3619798942788441,2.029524180187398,general_305,574
586,False,0.3619942728157053,2.0295251073187517,general_226,575
368,False,0.3619736991137979,2.029526245044617,general_8,576
637,False,0.36198842003138465,2.029527138239824,general_277,577
678,False,0.3619948724690718,2.029530734098212,general_318,578
584,False,0.361978748796548,2.0295307376346,general_224,579
433,False,0.3619770390996719,2.029531700577289,general_73,580
557,False,0.36199126226359973,2.0295321496422014,general_197,581
619,False,0.3619951294931429,2.0295349833779954,general_259,582
661,False,0.3619939842012568,2.0295358010329716,general_301,583
620,False,0.3619812809880364,2.029536778076512,general_260,584
688,False,0.36197275997753386,2.029537636423083,general_328,585
680,False,0.36199590521967484,2.02953873170531,general_320,586
370,False,0.3619864148130704,2.029541109618421,general_10,587
430,False,0.36199903105654346,2.029541305709147,general_70,588
702,False,0.36198408005201455,2.029543184736152,general_342,589
626,False,0.3619926116815053,2.029543719534582,general_266,590
554,False,0.3619814244103634,2.0295455834037863,general_194,591
623,False,0.3619919959016752,2.0295457480940255,general_263,592
472,False,0.3619911489148703,2.0295492207286356,general_112,593
398,False,0.3619824191730419,2.0295492941400646,general_38,594
553,False,0.3619965406563534,2.02955011506961,general_193,595
577,False,0.36199152408085067,2.0295513081264307,general_217,596
436,False,0.36199057140110324,2.0295538058881193,general_76,597
562,False,0.3619861500040207,2.029554390104942,general_202,598
531,False,0.361992445658273,2.029554764352989,general_171,599
387,False,0.3620014616550968,2.029556219868087,general_27,600
437,False,0.3619934807732174,2.02955865314753,general_77,601
460,False,0.36199458348034025,2.0295593129489284,general_100,602
673,False,0.36199717612912197,2.02955944587142,general_313,603
484,False,0.36199893811163786,2.029559872452249,general_124,604
559,False,0.3619949339977608,2.0295630484341785,general_199,605
645,False,0.36200953387152546,2.0295631105617007,general_285,606
528,False,0.36198213011305597,2.029563389579085,general_168,607
440,False,0.36197535256118274,2.029563620572783,general_80,608
403,False,0.3619843805366113,2.0295647431172577,general_43,609
611,False,0.3619926382103733,2.029566673415042,general_251,610
695,False,0.3619977051622185,2.0295669307269444,general_335,611
663,False,0.3620020303595257,2.0295671988500885,general_303,612
529,False,0.3620022410386203,2.0295730882227496,general_169,613
547,False,0.36201009132330225,2.029575239441442,general_187,614
496,False,0.3619910310570704,2.029575281882072,general_136,615
696,False,0.36199802043775164,2.0295765111955206,general_336,616
585,False,0.36199057823752445,2.029576710591898,general_225,617
599,False,0.36198695140113235,2.0295773176729996,general_239,618
380,False,0.361981771714217,2.0295804686069028,general_20,619
570,False,0.3620043498119636,2.02958149779162,general_210,620
583,False,0.3619990882544836,2.0295817854973,general_223,621
420,False,0.3620076184562186,2.0295828173915025,general_60,622
439,False,0.36198562751241015,2.0295871615341623,general_79,623
362,False,0.36199492254981136,2.0295878762787356,general_2,624
446,False,0.361985742060112,2.02958792181086,general_86,625
507,False,0.3619929167188626,2.029588057323547,general_147,626
537,False,0.3619894793683803,2.029588675755017,general_177,627
426,False,0.3620063272577754,2.029588872990719,general_66,628
418,False,0.36199069282353574,2.0295890515121897,general_58,629
475,False,0.361997625383886,2.02959302846132,general_115,630
606,False,0.36202589709307775,2.029594134165845,general_246,631
373,False,0.3620000020764398,2.0295952009983234,general_13,632
477,False,0.3620123198001344,2.02959635439648,general_117,633
413,False,0.36200904555326374,2.0295966722760554,general_53,634
449,False,0.361990275613405,2.02959693160632,general_89,635
563,False,0.36200006180720096,2.029598754589105,general_203,636
648,False,0.3620105205765139,2.029600878617927,general_288,637
466,False,0.3620040239807488,2.029603406525962,general_106,638
399,False,0.36200112038357657,2.029604093494233,general_39,639
624,False,0.3619975902538397,2.029606541500625,general_264,640
622,False,0.3620068581419033,2.0296122434037285,general_262,641
414,False,0.36202196672412035,2.029612838246975,general_54,642
655,False,0.3620219938312915,2.0296128901007346,general_295,643
633,False,0.3620115453465418,2.0296157236681474,general_273,644
452,False,0.3620077803493288,2.0296181499373347,general_92,645
361,False,0.362015520102636,2.0296208140185525,general_1,646
625,False,0.36199900983602096,2.029623573616833,general_265,647
539,False,0.36201430066741475,2.02962375649584,general_179,648
597,False,0.3620086012312059,2.0296264974845557,general_237,649
543,False,0.3620077100394726,2.029626569096205,general_183,650
707,False,0.362012673612095,2.0296284239989784,general_347,651
518,False,0.3620146150288682,2.029631810723136,general_158,652
687,False,0.3620067510902979,2.029633722745115,general_327,653
716,False,0.362002860976382,2.02963741042527,general_356,654
617,False,0.3620187799225745,2.029637510552737,general_257,655
640,False,0.36199501718721094,2.0296376853390656,general_280,656
653,False,0.3620259191135006,2.0296394627830163,general_293,657
556,False,0.3620072039173951,2.029640310401171,general_196,658
374,False,0.3620156802111334,2.0296407060402464,general_14,659
476,False,0.36200179692240575,2.029642510273309,general_116,660
487,False,0.3620163711374118,2.0296426173745745,general_127,661
407,False,0.36201148680288353,2.029645088823498,general_47,662
638,False,0.36202011507067267,2.0296497981664885,general_278,663
548,False,0.3620166780053889,2.0296521005568593,general_188,664
521,False,0.3620218965788725,2.0296541815960176,general_161,665
674,False,0.36201302556340254,2.0296550236689948,general_314,666
396,False,0.3620150898273422,2.0296561095494368,general_36,667
662,False,0.3620154303657721,2.0296572926267635,general_302,668
498,False,0.3620134640258644,2.0296575785828206,general_138,669
588,False,0.3620225341379605,2.029657591530282,general_228,670
482,False,0.36201144535977736,2.029657850987508,general_122,671
546,False,0.3620086671273776,2.0296603802449282,general_186,672
385,False,0.3620170726230615,2.0296622760119587,general_25,673
416,False,0.36201332062661956,2.0296628179316114,general_56,674
635,False,0.3620199011388234,2.0296631777186063,general_275,675
602,False,0.36200461480579543,2.0296637292463897,general_242,676
506,False,0.36202719802529826,2.0296706725828795,general_146,677
550,False,0.3620267413827982,2.0296717184972985,general_190,678
671,False,0.3620199837334988,2.0296765953258467,general_311,679
646,False,0.36203107361812287,2.029684327112308,general_286,680
650,False,0.3620346618878608,2.0296860764338547,general_290,681
579,False,0.36201363074968,2.029687995378139,general_219,682
667,False,0.36202867839957015,2.0296887860317505,general_307,683
656,False,0.3620366690241483,2.0296917562745507,general_296,684
527,False,0.362032117177043,2.0296919363753165,general_167,685
379,False,0.3620254139338646,2.029695521245504,general_19,686
447,False,0.36202004797707665,2.0296985128435,general_87,687
571,False,0.362038031163298,2.0296998785644664,general_211,688
540,False,0.36202934375179996,2.029700566188371,general_180,689
608,False,0.36204724603904265,2.029702736169037,general_248,690
651,False,0.3620416585501645,2.029704449383324,general_291,691
706,False,0.36203318938905127,2.029712831640002,general_346,692
390,False,0.3620292025637219,2.0297146829979296,general_30,693
612,False,0.36203821121624813,2.029715218313272,general_252,694
463,False,0.36204224230610416,2.029716152352245,general_103,695
700,False,0.3620384046830216,2.029717900076454,general_340,696
592,False,0.36204333917151105,2.0297236066069764,general_232,697
509,False,0.36203702129605386,2.0297251817312163,general_149,698
473,False,0.36203990400605796,2.029728060225456,general_113,699
567,False,0.36203619132985265,2.0297298053039734,general_207,700
613,False,0.3620192478274909,2.029730163217749,general_253,701
428,False,0.3620308371484765,2.0297310192948963,general_68,702
660,False,0.36202357391329504,2.029731047658183,general_300,703
681,False,0.3620424733382701,2.029759724875248,general_321,704
682,False,0.362054046978956,2.0297693915115333,general_322,705
470,False,0.36203197968013767,2.029770239407262,general_110,706
630,False,0.36205365878353796,2.0297770762103147,general_270,707
491,False,0.3620611265269212,2.0297995051763946,general_131,708
454,False,0.36206394971895833,2.0298116009228364,general_94,709
409,False,0.3620606278901136,2.0298210252870157,general_49,710
560,False,0.36207523945778275,2.029826602332496,general_200,711
377,False,0.3620739074788309,2.0298273465131533,general_17,712
657,False,0.36205921921075446,2.02983005425905,general_297,713
486,False,0.36207451213204545,2.029856653726754,general_126,714
429,False,0.36209636824408653,2.029868239961397,general_69,715
441,False,0.3620888888182168,2.0299090071319554,general_81,716
406,False,0.3620919194754344,2.029934446394773,general_46,717
393,False,0.36208725241346407,2.0299373839615216,general_33,718
719,False,0.3621223182261512,2.0299755734866043,general_359,719
