,is_well_nested,ms,ee,perm,i
0,True,0.33411689678084083,1.9514238319585802,"(0, 1, 2, 3, 4, 5)",0
1,False,0.3355774008584472,1.9523608462992774,"(0, 1, 2, 3, 5, 4)",1
120,True,0.3349391673420436,1.9525175338178133,"(1, 0, 2, 3, 4, 5)",2
2,True,0.33538934053556013,1.9532191695128776,"(0, 1, 2, 4, 3, 5)",3
4,True,0.3365268654898143,1.9532452220380538,"(0, 1, 2, 5, 3, 4)",4
121,False,0.33623071836625196,1.9534545481585102,"(1, 0, 2, 3, 5, 4)",5
24,False,0.3354722236610631,1.9534809055266942,"(0, 2, 1, 3, 4, 5)",6
6,False,0.3355583808303764,1.953481110210873,"(0, 1, 3, 2, 4, 5)",7
144,False,0.3354472532497821,1.9535157930155687,"(1, 2, 0, 3, 4, 5)",8
264,True,0.33535606360949544,1.953529373066428,"(2, 1, 0, 3, 4, 5)",9
5,True,0.33648387708960714,1.9535450416750806,"(0, 1, 2, 5, 4, 3)",10
18,False,0.33693728760871877,1.9541037554176284,"(0, 1, 5, 2, 3, 4)",11
122,True,0.33575616291370936,1.9543128713721103,"(1, 0, 2, 4, 3, 5)",12
124,True,0.3369515278853359,1.9543389238972866,"(1, 0, 2, 5, 3, 4)",13
19,False,0.3371370996419087,1.9544035750546551,"(0, 1, 5, 2, 4, 3)",14
25,False,0.3365006470482863,1.954417919867391,"(0, 2, 1, 3, 5, 4)",15
7,False,0.3366562153413448,1.9544181245515697,"(0, 1, 3, 2, 5, 4)",16
145,False,0.3365297067220658,1.9544528073562655,"(1, 2, 0, 3, 5, 4)",17
3,False,0.33641441366720937,1.9544560034906016,"(0, 1, 2, 4, 5, 3)",18
265,False,0.336431705438991,1.954466387407125,"(2, 1, 0, 3, 5, 4)",19
150,False,0.3358118979346647,1.9544910043421957,"(1, 2, 3, 0, 4, 5)",20
294,False,0.3359905478718142,1.9544977607968697,"(2, 3, 1, 0, 4, 5)",21
270,False,0.33589603133960144,1.954504584393055,"(2, 1, 3, 0, 4, 5)",22
126,False,0.33595418316587844,1.9545748120701056,"(1, 0, 3, 2, 4, 5)",23
240,True,0.3358183610202726,1.9545881874367868,"(2, 0, 1, 3, 4, 5)",24
125,True,0.3368813206725958,1.954638743534314,"(1, 0, 2, 5, 4, 3)",25
22,False,0.33716246695184326,1.9546947003239517,"(0, 1, 5, 4, 2, 3)",26
96,False,0.3366198079448409,1.9547854263785112,"(0, 5, 1, 2, 3, 4)",27
305,False,0.33680407016745384,1.954866232979942,"(2, 3, 4, 5, 1, 0)",28
23,False,0.33680407016745384,1.954866232979942,"(0, 1, 5, 4, 3, 2)",29
12,False,0.33625721249083895,1.9550663411578213,"(0, 1, 4, 2, 3, 5)",30
97,False,0.3370946585440211,1.9550852460155381,"(0, 5, 1, 2, 4, 3)",31
138,False,0.33721492621038685,1.9551974572768616,"(1, 0, 5, 2, 3, 4)",32
302,False,0.33622669042575337,1.9552468192172028,"(2, 3, 4, 1, 0, 5)",33
26,False,0.3362759262657963,1.9552762430809913,"(0, 2, 1, 4, 3, 5)",34
14,False,0.3361225038740243,1.955298559225012,"(0, 1, 4, 3, 2, 5)",35
28,False,0.3374601667236481,1.9553022956061674,"(0, 2, 1, 5, 3, 4)",36
146,False,0.33626424615294914,1.9553111305698656,"(1, 2, 0, 4, 3, 5)",37
266,True,0.3360054285196133,1.9553247106207254,"(2, 1, 0, 4, 3, 5)",38
148,False,0.33729376430844304,1.955337183095042,"(1, 2, 0, 5, 3, 4)",39
268,True,0.337155760537171,1.9553507631459015,"(2, 1, 0, 5, 3, 4)",40
152,False,0.33595386256680776,1.9553567407095815,"(1, 2, 3, 4, 0, 5)",41
296,False,0.3362692896560233,1.9553634971642555,"(2, 3, 1, 4, 0, 5)",42
272,False,0.3363608734367377,1.9553703207604411,"(2, 1, 3, 4, 0, 5)",43
100,False,0.33708984953646504,1.9553763712848342,"(0, 5, 1, 4, 2, 3)",44
151,False,0.3368147937545708,1.9554280186828927,"(1, 2, 3, 0, 5, 4)",45
295,False,0.3369334597020902,1.9554347751375667,"(2, 3, 1, 0, 5, 4)",46
271,False,0.3369567535160404,1.9554415987337526,"(2, 1, 3, 0, 5, 4)",47
48,False,0.3363329558280598,1.955451255825161,"(0, 3, 1, 2, 4, 5)",48
114,False,0.3369481177654649,1.9554930492318872,"(0, 5, 4, 1, 2, 3)",49
139,False,0.33741963638359684,1.9554972769138887,"(1, 0, 5, 2, 4, 3)",50
8,False,0.3364045707025044,1.9555086658323602,"(0, 1, 3, 4, 2, 5)",51
127,False,0.33684929574711747,1.955511826410803,"(1, 0, 3, 2, 5, 4)",52
54,False,0.33615915516595696,1.9555148153582285,"(0, 3, 2, 1, 4, 5)",53
241,False,0.33701220951411126,1.9555252017774838,"(2, 0, 1, 3, 5, 4)",54
101,False,0.3370907492880088,1.9555479039408248,"(0, 5, 1, 4, 3, 2)",55
303,False,0.33709074928800886,1.955547903940825,"(2, 3, 4, 1, 5, 0)",56
123,False,0.3369374310623329,1.9555497053498345,"(1, 0, 2, 4, 5, 3)",57
30,False,0.33641579150488665,1.9556017433120545,"(0, 2, 3, 1, 4, 5)",58
29,False,0.3372561105397506,1.9556021152431948,"(0, 2, 1, 5, 4, 3)",59
149,False,0.337201802329434,1.9556370027320689,"(1, 2, 0, 5, 4, 3)",60
288,False,0.33626442520100924,1.9556433872556025,"(2, 3, 0, 1, 4, 5)",61
269,True,0.3368983978403798,1.9556505827829285,"(2, 1, 0, 5, 4, 3)",62
119,False,0.3363370204095021,1.9556578254332038,"(0, 5, 4, 3, 2, 1)",63
153,False,0.3363370204095021,1.9556578254332038,"(1, 2, 3, 4, 5, 0)",64
115,False,0.3370877781519913,1.9556645818878775,"(0, 5, 4, 1, 3, 2)",65
297,False,0.33708777815199137,1.9556645818878777,"(2, 3, 1, 4, 5, 0)",66
118,False,0.3368873295239714,1.9556714054840634,"(0, 5, 4, 3, 1, 2)",67
273,False,0.3368873295239714,1.9556714054840634,"(2, 1, 3, 4, 5, 0)",68
16,False,0.33731687452195647,1.9556833385893209,"(0, 1, 4, 5, 2, 3)",69
142,False,0.3373360812672971,1.9557884021831844,"(1, 0, 5, 4, 2, 3)",70
311,False,0.337374433536598,1.9558548712453117,"(2, 3, 5, 4, 1, 0)",71
17,False,0.337374433536598,1.9558548712453117,"(0, 1, 4, 5, 3, 2)",72
143,False,0.3369184295467463,1.9559599348391752,"(1, 0, 5, 4, 3, 2)",73
304,False,0.3369184295467463,1.9559599348391752,"(2, 3, 4, 5, 0, 1)",74
20,False,0.3377243803603397,1.9561003890226372,"(0, 1, 5, 3, 2, 4)",75
132,False,0.3365718483167094,1.9561600430170547,"(1, 0, 4, 2, 3, 5)",76
13,False,0.3371174219795973,1.9563031751355457,"(0, 1, 4, 2, 5, 3)",77
242,True,0.33663974374686134,1.956383524991084,"(2, 0, 1, 4, 3, 5)",78
49,False,0.3373900289683952,1.9563882701658584,"(0, 3, 1, 2, 5, 4)",79
134,False,0.33640901261455997,1.9563922610842448,"(1, 0, 4, 3, 2, 5)",80
300,False,0.3365012467980238,1.956395604585934,"(2, 3, 4, 0, 1, 5)",81
244,True,0.3376907120095919,1.9564095775162604,"(2, 0, 1, 5, 3, 4)",82
55,False,0.3371962176765819,1.956451829698926,"(0, 3, 2, 1, 5, 4)",83
174,False,0.3366283378726676,1.9564638410600232,"(1, 3, 2, 0, 4, 5)",84
90,False,0.33755158629997806,1.956484924257674,"(0, 4, 5, 1, 2, 3)",85
27,False,0.3373602607317878,1.9565130770587154,"(0, 2, 1, 4, 5, 3)",86
31,False,0.3374782770446305,1.9565387576527509,"(0, 2, 3, 1, 5, 4)",87
147,False,0.33718970240129154,1.95654796454759,"(1, 2, 0, 4, 5, 3)",88
267,False,0.3370699987674514,1.9565615445984492,"(2, 1, 0, 4, 5, 3)",89
329,False,0.3376646174978389,1.9565717413156547,"(2, 4, 3, 5, 1, 0)",90
21,False,0.3376646174978389,1.9565717413156547,"(0, 1, 5, 3, 4, 2)",91
289,False,0.3373626325744963,1.9565804015962993,"(2, 3, 0, 1, 5, 4)",92
128,False,0.3367267855349178,1.9566023676915936,"(1, 0, 3, 4, 2, 5)",93
95,False,0.33749081539628045,1.956649700458991,"(0, 4, 5, 3, 2, 1)",94
155,False,0.33749081539628045,1.956649700458991,"(1, 2, 3, 5, 4, 0)",95
299,False,0.33782466350828516,1.9566564569136649,"(2, 3, 1, 5, 4, 0)",96
91,False,0.33782466350828516,1.9566564569136649,"(0, 4, 5, 1, 3, 2)",97
275,False,0.3376414987925566,1.9566632805098505,"(2, 1, 3, 5, 4, 0)",98
94,False,0.33764149879255667,1.9566632805098507,"(0, 4, 5, 3, 1, 2)",99
353,False,0.33743706964577164,1.9567069258587269,"(2, 5, 3, 4, 1, 0)",100
15,False,0.33743706964577164,1.9567069258587269,"(0, 1, 4, 3, 5, 2)",101
246,False,0.3364604453923311,1.9567090252221468,"(2, 0, 3, 1, 4, 5)",102
245,True,0.33760896244817473,1.956709397153287,"(2, 0, 1, 5, 4, 3)",103
72,False,0.33671144198297887,1.956739887144491,"(0, 4, 1, 2, 3, 5)",104
136,False,0.3376457667215633,1.9567770404485538,"(1, 0, 4, 5, 2, 3)",105
98,False,0.3375117091107693,1.9567820599835195,"(0, 5, 1, 3, 2, 4)",106
102,False,0.3376732516012282,1.9568416962305135,"(0, 5, 2, 1, 3, 4)",107
359,False,0.33721489494614987,1.956917032466075,"(2, 5, 4, 3, 1, 0)",108
9,False,0.33721489494614987,1.956917032466075,"(0, 1, 3, 4, 5, 2)",109
137,False,0.33764056489278177,1.9569485731045448,"(1, 0, 4, 5, 3, 2)",110
310,False,0.33764056489278177,1.9569485731045448,"(2, 3, 5, 4, 0, 1)",111
326,False,0.33686501436768557,1.956952327552915,"(2, 4, 3, 1, 0, 5)",112
74,False,0.33690155979746783,1.9569721052116817,"(0, 4, 1, 3, 2, 5)",113
86,False,0.3365057006358281,1.9570237306438034,"(0, 4, 3, 2, 1, 5)",114
216,False,0.33750997178420733,1.9570279136064754,"(1, 5, 0, 2, 3, 4)",115
84,False,0.33702073473379623,1.9570367645291733,"(0, 4, 3, 1, 2, 5)",116
103,False,0.33769066573310325,1.9571415158675403,"(0, 5, 2, 1, 4, 3)",117
158,False,0.33693895073791635,1.9571486561055993,"(1, 2, 4, 3, 0, 5)",118
278,False,0.3368667095681769,1.9571622361564585,"(2, 1, 4, 3, 0, 5)",119
140,False,0.33792654389220933,1.9571940908818701,"(1, 0, 5, 3, 2, 4)",120
162,False,0.337957559537279,1.957249014057478,"(1, 2, 5, 0, 3, 4)",121
327,False,0.3378116467332387,1.9572534122765377,"(2, 4, 3, 1, 5, 0)",122
99,False,0.3378116467332387,1.9572534122765377,"(0, 5, 1, 3, 4, 2)",123
282,False,0.338073728214064,1.9572625941083375,"(2, 1, 5, 0, 3, 4)",124
154,False,0.33782427156392125,1.9572856300760657,"(1, 2, 3, 5, 0, 4)",125
298,False,0.33796929946463034,1.9572923865307397,"(2, 3, 1, 5, 0, 4)",126
10,False,0.3378634609664968,1.9572991338953551,"(0, 1, 3, 5, 2, 4)",127
274,False,0.3380156380354191,1.957299210126925,"(2, 1, 3, 5, 0, 4)",128
62,False,0.3371185832111196,1.957320330271422,"(0, 3, 4, 2, 1, 5)",129
217,False,0.3377450257507092,1.9573277332435024,"(1, 5, 0, 2, 4, 3)",130
176,False,0.33684790323549607,1.9573295774274089,"(1, 3, 2, 4, 0, 5)",131
60,False,0.3370105960762779,1.9573333641567925,"(0, 3, 4, 1, 2, 5)",132
76,False,0.33791441121962756,1.9573568845759906,"(0, 4, 1, 5, 2, 3)",133
133,False,0.3375498841278287,1.9573968769947785,"(1, 0, 4, 2, 5, 3)",134
175,False,0.33760537613397656,1.9574008554007203,"(1, 3, 2, 0, 5, 4)",135
159,False,0.3375180457438646,1.9574497408292215,"(1, 2, 4, 3, 5, 0)",136
113,False,0.3375180457438646,1.9574497408292215,"(0, 5, 3, 4, 2, 1)",137
279,False,0.33766182263534134,1.957463320880081,"(2, 1, 4, 3, 5, 0)",138
112,False,0.33766182263534145,1.9574633208800811,"(0, 5, 3, 4, 1, 2)",139
116,False,0.3376507529697218,1.9574727095459001,"(0, 5, 4, 2, 1, 3)",140
50,False,0.3366834093527542,1.9574788114466488,"(0, 3, 1, 4, 2, 5)",141
77,False,0.33805533103445384,1.9575284172319816,"(0, 4, 1, 5, 3, 2)",142
309,False,0.33805533103445384,1.9575284172319816,"(2, 3, 5, 1, 4, 0)",143
56,False,0.33712790579554697,1.957529337094346,"(0, 3, 2, 4, 1, 5)",144
168,False,0.3367684565734532,1.9575459079856885,"(1, 3, 0, 2, 4, 5)",145
163,False,0.3380811302142838,1.957548833694505,"(1, 2, 5, 0, 4, 3)",146
283,False,0.33798059004831704,1.9575624137453647,"(2, 1, 5, 0, 4, 3)",147
89,False,0.33801534951797846,1.9575863200947994,"(0, 4, 3, 5, 2, 1)",148
165,False,0.33801534951797846,1.9575863200947994,"(1, 2, 5, 3, 4, 0)",149
88,False,0.33813511464152074,1.9575999001456592,"(0, 4, 3, 5, 1, 2)",150
285,False,0.33813511464152074,1.9575999001456592,"(2, 1, 5, 3, 4, 0)",151
32,False,0.3370278259478672,1.9576162650481714,"(0, 2, 3, 4, 1, 5)",152
220,False,0.3376478486929271,1.9576188585127987,"(1, 5, 0, 4, 2, 3)",153
243,False,0.33753902354149024,1.9576203589688081,"(2, 0, 1, 4, 5, 3)",154
117,False,0.3375633582251406,1.9576306621510313,"(0, 5, 4, 2, 3, 1)",155
177,False,0.3375633582251406,1.9576306621510313,"(1, 3, 2, 4, 5, 0)",156
247,False,0.3376726738821,1.9576460395628437,"(2, 0, 3, 1, 5, 4)",157
290,False,0.3368826637436849,1.9576579089917199,"(2, 3, 0, 4, 1, 5)",158
328,False,0.33789749463680974,1.9576654431748879,"(2, 4, 3, 5, 0, 1)",159
141,False,0.33789749463680974,1.9576654431748879,"(1, 0, 5, 3, 4, 2)",160
335,False,0.3380665053770948,1.9577704861883727,"(2, 4, 5, 3, 1, 0)",161
11,False,0.3380665053770948,1.957770486188373,"(0, 1, 3, 5, 4, 2)",162
221,False,0.33755494462864166,1.9577903911687893,"(1, 5, 0, 4, 3, 2)",163
301,False,0.33755494462864166,1.9577903911687893,"(2, 3, 4, 0, 5, 1)",164
135,False,0.3376216251891837,1.9578006277179596,"(1, 0, 4, 3, 5, 2)",165
352,False,0.3376216251891837,1.9578006277179596,"(2, 5, 3, 4, 0, 1)",166
167,False,0.33791170253313896,1.957882919722418,"(1, 2, 5, 4, 3, 0)",167
65,False,0.33791170253313907,1.9578829197224183,"(0, 3, 4, 5, 2, 1)",168
64,False,0.33789665221801984,1.9578964997732777,"(0, 3, 4, 5, 1, 2)",169
287,False,0.3378966522180199,1.957896499773278,"(2, 1, 5, 4, 3, 0)",170
73,False,0.33798214948395655,1.9579767211222152,"(0, 4, 1, 2, 5, 3)",171
358,False,0.33751703199185956,1.9580107343253081,"(2, 5, 4, 3, 0, 1)",172
129,False,0.33751703199185956,1.9580107343253081,"(1, 0, 3, 4, 5, 2)",173
156,False,0.33710285036205795,1.9580782572925106,"(1, 2, 4, 0, 3, 5)",174
222,False,0.33793838755325756,1.958081211189337,"(1, 5, 2, 0, 3, 4)",175
276,False,0.33708699905396977,1.9580918373433702,"(2, 1, 4, 0, 3, 5)",176
324,False,0.33727917448649447,1.958101112921647,"(2, 4, 3, 0, 1, 5)",177
342,False,0.3380113682270123,1.9581078251255666,"(2, 5, 1, 0, 3, 4)",178
308,False,0.33833947055015334,1.9581643468490562,"(2, 3, 5, 1, 0, 4)",179
42,False,0.3383987278295278,1.9582170988377445,"(0, 2, 5, 1, 3, 4)",180
164,False,0.3382503781455407,1.9582222497118744,"(1, 2, 5, 3, 0, 4)",181
284,False,0.33826846050118764,1.9582358297627338,"(2, 1, 5, 3, 0, 4)",182
351,False,0.337934806410906,1.9583804718453963,"(2, 5, 3, 1, 4, 0)",183
75,False,0.337934806410906,1.9583804718453965,"(0, 4, 1, 3, 5, 2)",184
223,False,0.3379960750267256,1.958381030826364,"(1, 5, 2, 0, 4, 3)",185
130,False,0.3382152008155912,1.9583928357545881,"(1, 0, 3, 5, 2, 4)",186
343,False,0.3380262206945519,1.958407644762594,"(2, 5, 1, 0, 4, 3)",187
225,False,0.3378998338813766,1.9584185172266588,"(1, 5, 2, 3, 4, 0)",188
87,False,0.3378998338813766,1.9584185172266588,"(0, 4, 3, 2, 5, 1)",189
85,False,0.33809796900264233,1.9584451311628888,"(0, 4, 3, 1, 5, 2)",190
345,False,0.33809796900264233,1.9584451311628888,"(2, 5, 1, 3, 4, 0)",191
92,False,0.3383779918265065,1.9584645845716873,"(0, 4, 5, 2, 1, 3)",192
169,False,0.33785200440329066,1.9584829223263855,"(1, 3, 0, 2, 5, 4)",193
43,False,0.33844537429335847,1.9585169184747717,"(0, 2, 5, 1, 4, 3)",194
179,False,0.33828802554306514,1.9586225371768182,"(1, 3, 2, 5, 4, 0)",195
93,False,0.33828802554306514,1.9586225371768182,"(0, 4, 5, 2, 3, 1)",196
108,False,0.3382245619883142,1.9586906533265902,"(0, 5, 3, 1, 2, 4)",197
227,False,0.3381226565204801,1.958715116854277,"(1, 5, 2, 4, 3, 0)",198
63,False,0.3381226565204802,1.9587151168542771,"(0, 3, 4, 2, 5, 1)",199
78,False,0.33755474081611403,1.9587163456197851,"(0, 4, 2, 1, 3, 5)",200
248,False,0.33749900240174757,1.958723546958264,"(2, 0, 3, 4, 1, 5)",201
161,False,0.33827828181281394,1.958738215482627,"(1, 2, 4, 5, 3, 0)",202
71,False,0.33827828181281394,1.958738215482627,"(0, 3, 5, 4, 2, 1)",203
61,False,0.3381589879465114,1.958741730790507,"(0, 3, 4, 1, 5, 2)",204
347,False,0.3381589879465114,1.958741730790507,"(2, 5, 1, 4, 3, 0)",205
281,False,0.3383776861340857,1.9587517955334868,"(2, 1, 4, 5, 3, 0)",206
70,False,0.33837768613408575,1.958751795533487,"(0, 3, 5, 4, 1, 2)",207
110,False,0.3380307029041675,1.9587572206947415,"(0, 5, 3, 2, 1, 4)",208
166,False,0.33839148221551163,1.95881866897652,"(1, 2, 5, 4, 0, 3)",209
286,False,0.338396997843215,1.9588322490273797,"(2, 1, 5, 4, 0, 3)",210
320,False,0.33727164597652987,1.9588609208959855,"(2, 4, 1, 3, 0, 5)",211
334,False,0.33828357772241957,1.9588641880476054,"(2, 4, 5, 3, 0, 1)",212
131,False,0.33828357772241957,1.9588641880476056,"(1, 0, 3, 5, 4, 2)",213
234,False,0.33808344552149583,1.958881162918584,"(1, 5, 4, 0, 2, 3)",214
357,False,0.3380566697187576,1.9588871780803634,"(2, 5, 4, 1, 3, 0)",215
51,False,0.3380566697187577,1.9588871780803636,"(0, 3, 1, 4, 5, 2)",216
104,False,0.33831321658392466,1.9589048972036736,"(0, 5, 2, 3, 1, 4)",217
200,False,0.33754022362780545,1.9589139082132774,"(1, 4, 2, 3, 0, 5)",218
192,False,0.3374779446197456,1.958923554322488,"(1, 4, 0, 2, 3, 5)",219
57,False,0.3381530152904903,1.958924123677201,"(0, 3, 2, 4, 5, 1)",220
237,False,0.3381530152904903,1.958924123677201,"(1, 5, 4, 2, 3, 0)",221
80,False,0.337479429583768,1.9589355298016053,"(0, 4, 2, 3, 1, 5)",222
239,False,0.3377162526823349,1.9590110516310264,"(1, 5, 4, 3, 2, 0)",223
33,False,0.33771625268233496,1.9590110516310266,"(0, 2, 3, 4, 5, 1)",224
350,False,0.3382557937476207,1.9590164014624716,"(2, 5, 3, 1, 0, 4)",225
218,False,0.33828722277143697,1.9590245472114842,"(1, 5, 0, 3, 2, 4)",226
235,False,0.33809226161210226,1.9590526955745746,"(1, 5, 4, 0, 3, 2)",227
291,False,0.3380922616121023,1.9590526955745748,"(2, 3, 0, 4, 5, 1)",228
224,False,0.33824291969506565,1.9590544468437332,"(1, 5, 2, 3, 0, 4)",229
206,False,0.3374230609216802,1.9590615847222093,"(1, 4, 3, 2, 0, 5)",230
344,False,0.33830242759569856,1.9590810607799634,"(2, 5, 1, 3, 0, 4)",231
36,False,0.337307670714518,1.9590998732012292,"(0, 2, 4, 1, 3, 5)",232
336,False,0.33826029583064665,1.9591107973947077,"(2, 5, 0, 1, 3, 4)",233
194,False,0.33742471267519014,1.9591557723896784,"(1, 4, 0, 3, 2, 5)",234
109,False,0.33815466130021793,1.9591620056196077,"(0, 5, 3, 1, 4, 2)",235
321,False,0.33815466130021793,1.9591620056196077,"(2, 4, 1, 3, 5, 0)",236
201,False,0.3382654478533974,1.9592149929368996,"(1, 4, 2, 3, 5, 0)",237
111,False,0.3382654478533974,1.9592149929368996,"(0, 5, 3, 2, 4, 1)",238
306,False,0.3385923342533361,1.9592543121678199,"(2, 3, 5, 0, 1, 4)",239
178,False,0.3386651548596251,1.9592584667938928,"(1, 3, 2, 5, 0, 4)",240
182,False,0.3376616385979907,1.959269169332359,"(1, 3, 4, 2, 0, 5)",241
52,False,0.338779672994697,1.9592692795096431,"(0, 3, 1, 5, 2, 4)",242
157,False,0.33824797275169505,1.9593150912702346,"(1, 2, 4, 0, 5, 3)",243
38,False,0.3377942857880465,1.9593190573830492,"(0, 2, 4, 3, 1, 5)",244
258,False,0.33879363567839854,1.9593243807478373,"(2, 0, 5, 1, 3, 4)",245
277,False,0.33827531789810017,1.9593286713210942,"(2, 1, 4, 0, 5, 3)",246
105,False,0.3381100160732683,1.9593626694458315,"(0, 5, 2, 3, 4, 1)",247
207,False,0.33811001607326835,1.9593626694458317,"(1, 4, 3, 2, 5, 0)",248
58,False,0.33867427193409494,1.9593994064108624,"(0, 3, 2, 5, 1, 4)",249
337,False,0.3382897908467982,1.959410617031735,"(2, 5, 0, 1, 4, 3)",250
106,False,0.33819332005587593,1.9594123014508498,"(0, 5, 2, 4, 1, 3)",251
34,False,0.33879601286680994,1.9594863343646878,"(0, 2, 3, 5, 1, 4)",252
219,False,0.33834788769529484,1.959495899504502,"(1, 5, 0, 3, 4, 2)",253
325,False,0.33834788769529484,1.959495899504502,"(2, 4, 3, 0, 5, 1)",254
292,False,0.3388008345547051,1.959527978308236,"(2, 3, 0, 5, 1, 4)",255
196,False,0.3387153016783142,1.9595405517539872,"(1, 4, 0, 5, 2, 3)",256
183,False,0.3384289083070954,1.9595702540559812,"(1, 3, 4, 2, 5, 0)",257
107,False,0.3384289083070954,1.9595702540559812,"(0, 5, 2, 4, 3, 1)",258
170,False,0.33765609993230167,1.9595734636071762,"(1, 3, 0, 4, 2, 5)",259
259,False,0.33885311251398675,1.959624200384864,"(2, 0, 5, 1, 4, 3)",260
226,False,0.33843772717432796,1.9596508661083787,"(1, 5, 2, 4, 0, 3)",261
160,False,0.33857752359612736,1.959673964736729,"(1, 2, 4, 5, 0, 3)",262
346,False,0.3380734176403541,1.9596774800446088,"(2, 5, 1, 4, 0, 3)",263
280,False,0.3385892028947645,1.9596875447875886,"(2, 1, 4, 5, 0, 3)",264
307,False,0.3386881713984499,1.9597120844099782,"(2, 3, 5, 0, 4, 1)",265
197,False,0.3386881713984499,1.9597120844099782,"(1, 4, 0, 5, 3, 2)",266
333,False,0.3387480729053,1.9597406318026611,"(2, 4, 5, 1, 3, 0)",267
53,False,0.3387480729053,1.9597406318026611,"(0, 3, 1, 5, 4, 2)",268
318,False,0.33775793529562564,1.9597905220828973,"(2, 4, 1, 0, 3, 5)",269
210,False,0.3386747901452717,1.9598142178944034,"(1, 4, 5, 0, 2, 3)",270
356,False,0.3383249916048307,1.9598229273344654,"(2, 5, 4, 1, 0, 3)",271
198,False,0.3376741606151314,1.9598435094001891,"(1, 4, 2, 0, 3, 5)",272
59,False,0.3386790477930048,1.9598571786530203,"(0, 3, 2, 5, 4, 1)",273
213,False,0.3386790477930048,1.9598571786530203,"(1, 4, 5, 2, 3, 0)",274
236,False,0.33844416667432164,1.9598598729313028,"(1, 5, 4, 2, 0, 3)",275
35,False,0.3387295909849729,1.959944106606846,"(0, 2, 3, 5, 4, 1)",276
215,False,0.3387295909849729,1.959944106606846,"(1, 4, 5, 3, 2, 0)",277
79,False,0.33849063604937335,1.9599531795975091,"(0, 4, 2, 1, 5, 3)",278
66,False,0.3389330835381498,1.9599791279799958,"(0, 3, 5, 1, 2, 4)",279
211,False,0.33863099506098426,1.959985750550394,"(1, 4, 5, 0, 3, 2)",280
293,False,0.33863099506098426,1.959985750550394,"(2, 3, 0, 5, 4, 1)",281
68,False,0.33893662474921993,1.960045695348147,"(0, 3, 5, 2, 1, 4)",282
348,False,0.3385047549600969,1.9601063667812348,"(2, 5, 3, 0, 1, 4)",283
238,False,0.3382818143709405,1.9601183335411188,"(1, 5, 4, 3, 0, 2)",284
249,False,0.3382818143709406,1.960118333541119,"(2, 0, 3, 4, 5, 1)",285
193,False,0.338509517319041,1.9601603883002119,"(1, 4, 0, 2, 5, 3)",286
252,False,0.3379639532199446,1.9602071551113216,"(2, 0, 4, 1, 3, 5)",287
204,False,0.33789871882705885,1.9602234039763111,"(1, 4, 3, 0, 2, 5)",288
44,False,0.33895968698474865,1.9602802998109046,"(0, 2, 5, 3, 1, 4)",289
231,False,0.33869955700677606,1.9603303163844603,"(1, 5, 3, 2, 4, 0)",290
81,False,0.3386995570067761,1.9603303163844605,"(0, 4, 2, 3, 5, 1)",291
37,False,0.3387866358223104,1.9603367071789533,"(0, 2, 4, 1, 5, 3)",292
254,False,0.33787248238848866,1.960426339293142,"(2, 0, 4, 3, 1, 5)",293
180,False,0.3379249916844931,1.9604309885864606,"(1, 3, 4, 0, 2, 5)",294
67,False,0.3390456900569045,1.9604504802730136,"(0, 3, 5, 1, 4, 2)",295
323,False,0.3390456900569045,1.9604504802730136,"(2, 4, 1, 5, 3, 0)",296
69,False,0.3387512188170042,1.9605034675903052,"(0, 3, 5, 2, 4, 1)",297
203,False,0.3387512188170042,1.9605034675903052,"(1, 4, 2, 5, 3, 0)",298
195,False,0.33844592907397403,1.9605641390233932,"(1, 4, 0, 3, 5, 2)",299
349,False,0.33844592907397403,1.9605641390233932,"(2, 5, 3, 0, 4, 1)",300
250,False,0.3390485819540846,1.9605936162747801,"(2, 0, 3, 5, 1, 4)",301
332,False,0.3390667863574626,1.960676381056763,"(2, 4, 5, 1, 0, 3)",302
233,False,0.3386342346792177,1.9607138439659046,"(1, 5, 3, 4, 2, 0)",303
39,False,0.3386342346792177,1.9607138439659046,"(0, 2, 4, 3, 5, 1)",304
45,False,0.33908358378625525,1.9607380720530625,"(0, 2, 5, 3, 4, 1)",305
209,False,0.33908358378625525,1.9607380720530625,"(1, 4, 3, 5, 2, 0)",306
46,False,0.3390816572586854,1.9607877040580808,"(0, 2, 5, 4, 1, 3)",307
212,False,0.33900615697562003,1.9607929279071223,"(1, 4, 5, 2, 0, 3)",308
354,False,0.33868304619560463,1.9608238776357598,"(2, 5, 4, 0, 1, 3)",309
312,False,0.33800435844243065,1.9608470254804904,"(2, 4, 0, 1, 3, 5)",310
47,False,0.33892499074678006,1.960945656663212,"(0, 2, 5, 4, 3, 1)",311
185,False,0.33892499074678006,1.9609456566632122,"(1, 3, 4, 5, 2, 0)",312
230,False,0.338813207173527,1.960966246001535,"(1, 5, 3, 2, 0, 4)",313
355,False,0.33867134381132974,1.960981830240891,"(2, 5, 4, 0, 3, 1)",314
171,False,0.33867134381132974,1.9609818302408912,"(1, 3, 0, 4, 5, 2)",315
319,False,0.33887629897065064,1.9610273560606215,"(2, 4, 1, 0, 5, 3)",316
251,False,0.3390053002406085,1.9610513885169383,"(2, 0, 3, 5, 4, 1)",317
214,False,0.3390053002406085,1.9610513885169383,"(1, 4, 5, 3, 0, 2)",318
314,False,0.3382740056094417,1.96106620966231,"(2, 4, 0, 3, 1, 5)",319
199,False,0.33881570537623684,1.9610803433779131,"(1, 4, 2, 0, 5, 3)",320
338,False,0.33881624074768635,1.961173998367868,"(2, 5, 0, 3, 1, 4)",321
82,False,0.3394693345683335,1.9613130033652981,"(0, 4, 2, 5, 1, 3)",322
172,False,0.33926276567133457,1.9613639316701705,"(1, 3, 0, 5, 2, 4)",323
322,False,0.33937891108750123,1.9613862295271156,"(2, 4, 1, 5, 0, 3)",324
260,False,0.3392934503523757,1.9613875817209974,"(2, 0, 5, 3, 1, 4)",325
202,False,0.3392165645754241,1.9614392168444073,"(1, 4, 2, 5, 0, 3)",326
253,False,0.3388949089044394,1.9614439890890458,"(2, 0, 4, 1, 5, 3)",327
83,False,0.3391258869769318,1.961470955970429,"(0, 4, 2, 5, 3, 1)",328
189,False,0.3391258869769318,1.961470955970429,"(1, 3, 5, 2, 4, 0)",329
339,False,0.3390062858011919,1.9616317706100261,"(2, 5, 0, 3, 4, 1)",330
205,False,0.3390062858011919,1.9616317706100261,"(1, 4, 3, 0, 5, 2)",331
330,False,0.3391663440557966,1.9616773313580573,"(2, 4, 5, 0, 1, 3)",332
340,False,0.3390349603034631,1.961681402615044,"(2, 5, 0, 4, 1, 3)",333
40,False,0.3392879938954194,1.9616965309467418,"(0, 2, 4, 5, 1, 3)",334
255,False,0.3390723872117968,1.9618211258759966,"(2, 0, 4, 3, 5, 1)",335
232,False,0.3390723872117968,1.9618211258759966,"(1, 5, 3, 4, 0, 2)",336
173,False,0.3393236687987027,1.9618352839631885,"(1, 3, 0, 5, 4, 2)",337
331,False,0.3393236687987027,1.9618352839631885,"(2, 4, 5, 0, 3, 1)",338
341,False,0.33908633724007536,1.9618393552201752,"(2, 5, 0, 4, 3, 1)",339
181,False,0.3390863372400754,1.9618393552201754,"(1, 3, 4, 0, 5, 2)",340
208,False,0.33939183727060107,1.9618453539631553,"(1, 4, 3, 5, 0, 2)",341
261,False,0.33939183727060107,1.9618453539631553,"(2, 0, 5, 3, 4, 1)",342
41,False,0.33937351172763824,1.961854483551873,"(0, 2, 4, 5, 3, 1)",343
191,False,0.3393735117276383,1.9618544835518732,"(1, 3, 5, 4, 2, 0)",344
262,False,0.3394335623855738,1.9618949859681734,"(2, 0, 5, 4, 1, 3)",345
228,False,0.33923476904226485,1.9619896439521476,"(1, 5, 3, 0, 2, 4)",346
263,False,0.339139092186878,1.9620529385733045,"(2, 0, 5, 4, 3, 1)",347
184,False,0.33913909218687804,1.9620529385733048,"(1, 3, 4, 5, 0, 2)",348
313,False,0.3392642519180806,1.9620838594582142,"(2, 4, 0, 1, 5, 3)",349
188,False,0.3396113835505098,1.9621068855875037,"(1, 3, 5, 2, 0, 4)",350
229,False,0.3391178947975809,1.9624609962451653,"(1, 5, 3, 0, 4, 2)",351
315,False,0.339117894797581,1.9624609962451656,"(2, 4, 0, 3, 5, 1)",352
256,False,0.3397322392322786,1.9628038128568346,"(2, 0, 4, 5, 1, 3)",353
257,False,0.3395828275388831,1.9629617654619655,"(2, 0, 4, 5, 3, 1)",354
190,False,0.3395828275388832,1.962961765461966,"(1, 3, 5, 4, 0, 2)",355
186,False,0.33964453377390985,1.9631302835381164,"(1, 3, 5, 0, 2, 4)",356
316,False,0.33987630872523455,1.9634436832260027,"(2, 4, 0, 5, 1, 3)",357
187,False,0.3399670504278022,1.9636016358311341,"(1, 3, 5, 0, 4, 2)",358
317,False,0.3399670504278022,1.9636016358311341,"(2, 4, 0, 5, 3, 1)",359
