,is_well_nested,ms,ee,perm,i
0,True,0.360257790406804,2.015216731809409,"(0, 1, 2, 3, 4, 5)",0
120,True,0.3642884344519036,2.0184072425128337,"(1, 0, 2, 3, 4, 5)",1
1,False,0.3649389029405,2.0196290804999513,"(0, 1, 2, 3, 5, 4)",2
144,False,0.366653019730943,2.0222066116588486,"(1, 2, 0, 3, 4, 5)",3
121,False,0.3678637913620539,2.022819591203376,"(1, 0, 2, 3, 5, 4)",4
24,False,0.3664609803920305,2.0228893510289705,"(0, 2, 1, 3, 4, 5)",5
264,True,0.3664360691157588,2.023138097405845,"(2, 1, 0, 3, 4, 5)",6
6,False,0.3674602605684666,2.0244632405809595,"(0, 1, 3, 2, 4, 5)",7
5,True,0.3675953514677829,2.026016138331479,"(0, 1, 2, 5, 4, 3)",8
150,False,0.3685189623828537,2.0263577444222927,"(1, 2, 3, 0, 4, 5)",9
2,True,0.36769403044832344,2.0264080429166538,"(0, 1, 2, 4, 3, 5)",10
145,False,0.3689304913891387,2.0266189603493916,"(1, 2, 0, 3, 5, 4)",11
4,True,0.3686301839972885,2.026726264095889,"(0, 1, 2, 5, 3, 4)",12
240,True,0.36818848062651377,2.0270113474793914,"(2, 0, 1, 3, 4, 5)",13
270,False,0.36870554226459745,2.0272892301692886,"(2, 1, 3, 0, 4, 5)",14
25,False,0.36857669486434463,2.027301699719513,"(0, 2, 1, 3, 5, 4)",15
265,False,0.3690873719006216,2.0275504460963876,"(2, 1, 0, 3, 5, 4)",16
126,False,0.3692219655786821,2.0276537512843844,"(1, 0, 3, 2, 4, 5)",17
294,False,0.3694558267729209,2.0278011442368102,"(2, 3, 1, 0, 4, 5)",18
7,False,0.36954307971530737,2.028875589271502,"(0, 1, 3, 2, 5, 4)",19
125,True,0.36956447616313265,2.0292066490349034,"(1, 0, 2, 5, 4, 3)",20
122,True,0.3691217347036758,2.0295985536200787,"(1, 0, 2, 4, 3, 5)",21
124,True,0.37035024189220855,2.0299167747993145,"(1, 0, 2, 5, 3, 4)",22
3,False,0.3694422838225168,2.0301102658427856,"(0, 1, 2, 4, 5, 3)",23
151,False,0.370614659361154,2.030770093112835,"(1, 2, 3, 0, 5, 4)",24
241,False,0.3709476427446122,2.0314236961699343,"(2, 0, 1, 3, 5, 4)",25
271,False,0.37148585270538836,2.031701578859831,"(2, 1, 3, 0, 5, 4)",26
22,False,0.37121982897526545,2.0317452598265593,"(0, 1, 5, 4, 2, 3)",27
127,False,0.3701159858809138,2.0320660999749265,"(1, 0, 3, 2, 5, 4)",28
23,False,0.3690371574938126,2.032072697644458,"(0, 1, 5, 4, 3, 2)",29
305,False,0.3690371574938126,2.032072697644458,"(2, 3, 4, 5, 1, 0)",30
295,False,0.37135038692436256,2.0322134929273528,"(2, 3, 1, 0, 5, 4)",31
30,False,0.3707228302875861,2.0323363914153743,"(0, 2, 3, 1, 4, 5)",32
19,False,0.3711590968244444,2.032681724775667,"(0, 1, 5, 2, 4, 3)",33
119,False,0.3679082143128559,2.032964563656086,"(0, 5, 4, 3, 2, 1)",34
153,False,0.3679082143128559,2.032964563656086,"(1, 2, 3, 4, 5, 0)",35
149,False,0.37160050013509105,2.0330060181809193,"(1, 2, 0, 5, 4, 3)",36
152,False,0.3697937324051996,2.0330568993624762,"(1, 2, 3, 4, 0, 5)",37
288,False,0.3706393105873493,2.03309705185977,"(2, 3, 0, 1, 4, 5)",38
123,False,0.37152750482039737,2.03330077654621,"(1, 0, 2, 4, 5, 3)",39
18,False,0.37113699253154775,2.0333918505400774,"(0, 1, 5, 2, 3, 4)",40
146,False,0.3715994501630167,2.0333979227660937,"(1, 2, 0, 4, 3, 5)",41
174,False,0.3715767824397041,2.0334999267766465,"(1, 3, 2, 0, 4, 5)",42
29,False,0.3705922263802154,2.033688757551041,"(0, 2, 1, 5, 4, 3)",43
148,False,0.37238243717294184,2.03371614394533,"(1, 2, 0, 5, 3, 4)",44
273,False,0.370900099344212,2.033896049403082,"(2, 1, 3, 4, 5, 0)",45
118,False,0.370900099344212,2.033896049403082,"(0, 5, 4, 3, 1, 2)",46
269,True,0.37037439294645114,2.0339375039279153,"(2, 1, 0, 5, 4, 3)",47
272,False,0.37202175980047836,2.0339883851094718,"(2, 1, 3, 4, 0, 5)",48
48,False,0.3710121687341589,2.034015529931771,"(0, 3, 1, 2, 4, 5)",49
114,False,0.3714587404932154,2.0340805256527044,"(0, 5, 4, 1, 2, 3)",50
26,False,0.37127459019407544,2.0340806621362155,"(0, 2, 1, 4, 3, 5)",51
54,False,0.3702928484043322,2.0342160615466236,"(0, 3, 2, 1, 4, 5)",52
266,True,0.37084609059858553,2.0343294085130896,"(2, 1, 0, 4, 3, 5)",53
28,False,0.37216029477701656,2.0343988833154514,"(0, 2, 1, 5, 3, 4)",54
115,False,0.3720222730668328,2.0344079634706036,"(0, 5, 4, 1, 3, 2)",55
297,False,0.3720222730668328,2.0344079634706036,"(2, 3, 1, 4, 5, 0)",56
296,False,0.3710074867961642,2.034500299176994,"(2, 3, 1, 4, 0, 5)",57
268,True,0.3721160606107625,2.0346476296923255,"(2, 1, 0, 5, 3, 4)",58
142,False,0.3724823284538712,2.0349357705299838,"(1, 0, 5, 4, 2, 3)",59
304,False,0.37014870379177006,2.0352632083478825,"(2, 3, 4, 5, 0, 1)",60
143,False,0.37014870379177,2.0352632083478825,"(1, 0, 5, 4, 3, 2)",61
139,False,0.3730091131487054,2.0358722354790917,"(1, 0, 5, 2, 4, 3)",62
246,False,0.3713346152319277,2.036458387865795,"(2, 0, 3, 1, 4, 5)",63
138,False,0.37247244191863604,2.036582361243503,"(1, 0, 5, 2, 3, 4)",64
100,False,0.3720707883764447,2.036594979333449,"(0, 5, 1, 4, 2, 3)",65
31,False,0.37279536935095475,2.0367487401059163,"(0, 2, 3, 1, 5, 4)",66
101,False,0.37258829414676764,2.036922417151348,"(0, 5, 1, 4, 3, 2)",67
303,False,0.37258829414676775,2.0369224171513483,"(2, 3, 4, 1, 5, 0)",68
16,False,0.37217754176188056,2.0369555740086893,"(0, 1, 4, 5, 2, 3)",69
302,False,0.372096559455282,2.037014752857738,"(2, 3, 4, 1, 0, 5)",70
147,False,0.3728794259338749,2.037100145692225,"(1, 2, 0, 4, 5, 3)",71
8,False,0.37229928570102866,2.0371427661871504,"(0, 1, 3, 4, 2, 5)",72
17,False,0.3726973238552963,2.037283011826588,"(0, 1, 4, 5, 3, 2)",73
311,False,0.3726973238552963,2.037283011826588,"(2, 3, 5, 4, 1, 0)",74
289,False,0.3729264793107578,2.037509400550312,"(2, 3, 0, 1, 5, 4)",75
97,False,0.37333631877799456,2.0375314442825565,"(0, 5, 1, 2, 4, 3)",76
27,False,0.3729140471846537,2.037782885062347,"(0, 2, 1, 4, 5, 3)",77
245,True,0.37238793461147224,2.0378107540014616,"(2, 0, 1, 5, 4, 3)",78
175,False,0.37381847417309166,2.037912275467189,"(1, 3, 2, 0, 5, 4)",79
267,False,0.37249350330145287,2.038031631439222,"(2, 1, 0, 4, 5, 3)",80
242,True,0.3728593181492157,2.038202658586636,"(2, 0, 1, 4, 3, 5)",81
96,False,0.3717030755598444,2.0382415700469676,"(0, 5, 1, 2, 3, 4)",82
12,False,0.37261122451147705,2.038283943542972,"(0, 1, 4, 2, 3, 5)",83
49,False,0.3727870682560872,2.0384278786223136,"(0, 3, 1, 2, 5, 4)",84
244,True,0.3736620946706927,2.0385208797658727,"(2, 0, 1, 5, 3, 4)",85
95,False,0.37265997181727667,2.0385522201444326,"(0, 4, 5, 3, 2, 1)",86
155,False,0.37265997181727667,2.0385522201444326,"(1, 2, 3, 5, 4, 0)",87
168,False,0.3722800067471695,2.0385953027847536,"(1, 3, 0, 2, 4, 5)",88
55,False,0.37209491218699703,2.038628410237166,"(0, 3, 2, 1, 5, 4)",89
94,False,0.3734565388370191,2.0394837058914286,"(0, 4, 5, 3, 1, 2)",90
275,False,0.37345653883701907,2.0394837058914286,"(2, 1, 3, 5, 4, 0)",91
90,False,0.37298727453796787,2.0396681821410505,"(0, 4, 5, 1, 2, 3)",92
14,False,0.37191331382230247,2.0397721580419175,"(0, 1, 4, 3, 2, 5)",93
91,False,0.3739354213891815,2.03999561995895,"(0, 4, 5, 1, 3, 2)",94
299,False,0.3739354213891815,2.03999561995895,"(2, 3, 1, 5, 4, 0)",95
177,False,0.37346274406992125,2.04010674601044,"(1, 3, 2, 4, 5, 0)",96
117,False,0.37346274406992125,2.04010674601044,"(0, 5, 4, 2, 3, 1)",97
136,False,0.3737342936856474,2.040146084712114,"(1, 0, 4, 5, 2, 3)",98
176,False,0.3734136211779817,2.04019908171683,"(1, 3, 2, 4, 0, 5)",99
128,False,0.37346549912642574,2.040333276890575,"(1, 0, 3, 4, 2, 5)",100
310,False,0.37391928030252736,2.040473522530013,"(2, 3, 5, 4, 0, 1)",101
137,False,0.3739192803025274,2.0404735225300135,"(1, 0, 4, 5, 3, 2)",102
116,False,0.37416939552482104,2.040710793939537,"(0, 5, 4, 2, 1, 3)",103
247,False,0.3738905779333464,2.040870736556337,"(2, 0, 3, 1, 5, 4)",104
359,False,0.3726633484420625,2.0411724269311806,"(2, 5, 4, 3, 1, 0)",105
9,False,0.3726633484420625,2.0411724269311806,"(0, 1, 3, 4, 5, 2)",106
21,False,0.373990252257101,2.0412861373248963,"(0, 1, 5, 3, 4, 2)",107
329,False,0.373990252257101,2.0412861373248963,"(2, 4, 3, 5, 1, 0)",108
132,False,0.37411269133878583,2.041474454246397,"(1, 0, 4, 2, 3, 5)",109
20,False,0.37462907453820393,2.041668825271408,"(0, 1, 5, 3, 2, 4)",110
243,False,0.37401349489198643,2.0419048815127683,"(2, 0, 1, 4, 5, 3)",111
13,False,0.37296701937345517,2.041986166469104,"(0, 1, 4, 2, 5, 3)",112
300,False,0.37367797081701026,2.0421571314210674,"(2, 3, 4, 0, 1, 5)",113
134,False,0.3734153694246186,2.042962668745343,"(1, 0, 4, 3, 2, 5)",114
169,False,0.37469398225062467,2.043007651475296,"(1, 3, 0, 2, 5, 4)",115
154,False,0.3750796856399481,2.0430569045413645,"(1, 2, 3, 5, 0, 4)",116
113,False,0.3745180048271581,2.0437562165625898,"(0, 5, 3, 4, 2, 1)",117
159,False,0.37451800482715825,2.04375621656259,"(1, 2, 4, 3, 5, 0)",118
15,False,0.3747742598025753,2.0438018187859486,"(0, 1, 4, 3, 5, 2)",119
353,False,0.3747742598025753,2.0438018187859486,"(2, 5, 3, 4, 1, 0)",120
158,False,0.37543620469206906,2.04384855226898,"(1, 2, 4, 3, 0, 5)",121
11,False,0.37519089609177786,2.043867059652259,"(0, 1, 3, 5, 4, 2)",122
335,False,0.37519089609177786,2.043867059652259,"(2, 4, 5, 3, 1, 0)",123
274,False,0.375704512075001,2.0439883902883604,"(2, 1, 3, 5, 0, 4)",124
32,False,0.3744493555523113,2.0441779249188867,"(0, 2, 3, 4, 1, 5)",125
10,False,0.374199893410735,2.0442497475987707,"(0, 1, 3, 5, 2, 4)",126
358,False,0.3738572361885338,2.0443629376346055,"(2, 5, 4, 3, 0, 1)",127
129,False,0.3738572361885338,2.044362937634606,"(1, 0, 3, 4, 5, 2)",128
328,False,0.3751161821574317,2.044476648028321,"(2, 4, 3, 5, 0, 1)",129
141,False,0.3751161821574317,2.044476648028321,"(1, 0, 5, 3, 4, 2)",130
298,False,0.37566172330937836,2.0445003043558825,"(2, 3, 1, 5, 0, 4)",131
112,False,0.3755837480621342,2.044687702309586,"(0, 5, 3, 4, 1, 2)",132
279,False,0.3755837480621343,2.044687702309586,"(2, 1, 4, 3, 5, 0)",133
278,False,0.3749854988322868,2.0447800380159764,"(2, 1, 4, 3, 0, 5)",134
140,False,0.37604159639430934,2.0448593359748326,"(1, 0, 5, 3, 2, 4)",135
220,False,0.3756113656292179,2.0449278686002033,"(1, 5, 0, 4, 2, 3)",136
290,False,0.37448187143614964,2.044938585363283,"(2, 3, 0, 4, 1, 5)",137
103,False,0.37535273168026895,2.0450460775229695,"(0, 5, 2, 1, 4, 3)",138
133,False,0.3751405963514227,2.0451766771725284,"(1, 0, 4, 2, 5, 3)",139
301,False,0.37503408226428236,2.0452553064181025,"(2, 3, 4, 0, 5, 1)",140
221,False,0.37503408226428236,2.0452553064181025,"(1, 5, 0, 4, 3, 2)",141
163,False,0.3767535713455089,2.045321854582131,"(1, 2, 5, 0, 4, 3)",142
179,False,0.37541021995697044,2.0456944024987864,"(1, 3, 2, 5, 4, 0)",143
93,False,0.3754102199569703,2.0456944024987864,"(0, 4, 5, 2, 3, 1)",144
102,False,0.3761587525926863,2.0457562032873797,"(0, 5, 2, 1, 3, 4)",145
167,False,0.3746347605719361,2.045831837137776,"(1, 2, 5, 4, 3, 0)",146
65,False,0.3746347605719361,2.045831837137776,"(0, 3, 4, 5, 2, 1)",147
217,False,0.3763703476419045,2.0458643335493116,"(1, 5, 0, 2, 4, 3)",148
162,False,0.37638341660207997,2.046031980346542,"(1, 2, 5, 0, 3, 4)",149
56,False,0.37514523563716246,2.0460575950501365,"(0, 3, 2, 4, 1, 5)",150
99,False,0.37635013101315,2.0461358568317864,"(0, 5, 1, 3, 4, 2)",151
327,False,0.37635013101315,2.0461358568317864,"(2, 4, 3, 1, 5, 0)",152
326,False,0.37584965259253733,2.0462281925381762,"(2, 4, 3, 1, 0, 5)",153
283,False,0.3761563300239953,2.0462533403291276,"(2, 1, 5, 0, 4, 3)",154
92,False,0.3758750403303097,2.046298450427883,"(0, 4, 5, 2, 1, 3)",155
98,False,0.37584069887716737,2.046518544778298,"(0, 5, 1, 3, 2, 4)",156
216,False,0.3762838810034094,2.0465744593137223,"(1, 5, 0, 2, 3, 4)",157
50,False,0.3735051660826837,2.0466950555379615,"(0, 3, 1, 4, 2, 5)",158
89,False,0.3758808299576318,2.046716923782201,"(0, 4, 3, 5, 2, 1)",159
165,False,0.3758808299576318,2.046716923782201,"(1, 2, 5, 3, 4, 0)",160
287,False,0.37472937100384257,2.0467633228847726,"(2, 1, 5, 4, 3, 0)",161
64,False,0.37472937100384257,2.0467633228847726,"(0, 3, 4, 5, 1, 2)",162
282,False,0.37734131568856716,2.046963466093538,"(2, 1, 5, 0, 3, 4)",163
135,False,0.37573275109666066,2.046992329489373,"(1, 0, 4, 3, 5, 2)",164
352,False,0.37573275109666066,2.046992329489373,"(2, 5, 3, 4, 0, 1)",165
334,False,0.37617611903635895,2.0470575703556833,"(2, 4, 5, 3, 0, 1)",166
131,False,0.3761761190363591,2.0470575703556837,"(1, 0, 3, 5, 4, 2)",167
33,False,0.3737889343666594,2.047276099915922,"(0, 2, 3, 4, 5, 1)",168
239,False,0.3737889343666594,2.047276099915922,"(1, 5, 4, 3, 2, 0)",169
76,False,0.37550044714456565,2.0473929500039256,"(0, 4, 1, 5, 2, 3)",170
130,False,0.37615006283061236,2.0474402583021956,"(1, 0, 3, 5, 2, 4)",171
88,False,0.37681481695878327,2.047648409529197,"(0, 4, 3, 5, 1, 2)",172
285,False,0.37681481695878327,2.047648409529197,"(2, 1, 5, 3, 4, 0)",173
234,False,0.37676639599063505,2.0477093225424188,"(1, 5, 4, 0, 2, 3)",174
77,False,0.3762249558712297,2.0477203878218244,"(0, 4, 1, 5, 3, 2)",175
309,False,0.3762249558712297,2.0477203878218244,"(2, 3, 5, 1, 4, 0)",176
43,False,0.37649349762959533,2.047868977235641,"(0, 2, 5, 1, 4, 3)",177
235,False,0.3766027009945332,2.0480367603603176,"(1, 5, 4, 0, 3, 2)",178
291,False,0.37660270099453325,2.0480367603603176,"(2, 3, 0, 4, 5, 1)",179
248,False,0.37676121984964894,2.048299921369308,"(2, 0, 3, 4, 1, 5)",180
156,False,0.37620436111695266,2.048340708436041,"(1, 2, 4, 0, 3, 5)",181
71,False,0.37651665788029276,2.0484587864065116,"(0, 3, 5, 4, 2, 1)",182
161,False,0.37651665788029276,2.0484587864065116,"(1, 2, 4, 5, 3, 0)",183
42,False,0.3768585337022573,2.0485791030000517,"(0, 2, 5, 1, 3, 4)",184
72,False,0.37580424217385366,2.048721319538208,"(0, 4, 1, 2, 3, 5)",185
62,False,0.376669721733318,2.0489263910649456,"(0, 3, 4, 2, 1, 5)",186
237,False,0.3768541418911995,2.049155770047171,"(1, 5, 4, 2, 3, 0)",187
57,False,0.3768541418911995,2.049155770047171,"(0, 3, 2, 4, 5, 1)",188
276,False,0.37669485917744105,2.049272194183038,"(2, 1, 4, 0, 3, 5)",189
281,False,0.37702409312757246,2.0493902721535076,"(2, 1, 4, 5, 3, 0)",190
70,False,0.37702409312757246,2.0493902721535076,"(0, 3, 5, 4, 1, 2)",191
166,False,0.3771873293213647,2.0496263957702983,"(1, 2, 5, 4, 0, 3)",192
60,False,0.376213929291204,2.049764383167623,"(0, 3, 4, 1, 2, 5)",193
86,False,0.37436575151146945,2.0498114777093703,"(0, 4, 3, 2, 1, 5)",194
107,False,0.377554037531129,2.0501358329315966,"(0, 5, 2, 4, 3, 1)",195
183,False,0.3775540375311289,2.0501358329315966,"(1, 3, 4, 2, 5, 0)",196
178,False,0.3778720545019444,2.0501990868957187,"(1, 3, 2, 5, 0, 4)",197
74,False,0.37635810847595486,2.050209534037154,"(0, 4, 1, 3, 2, 5)",198
182,False,0.37755205576949336,2.050228168637987,"(1, 3, 4, 2, 0, 5)",199
286,False,0.3775224154257162,2.050557881517294,"(2, 1, 5, 4, 0, 3)",200
84,False,0.3771499605348948,2.050649469812048,"(0, 4, 3, 1, 2, 5)",201
51,False,0.3769294411655222,2.050724716281992,"(0, 3, 1, 4, 5, 2)",202
357,False,0.3769294411655222,2.050724716281992,"(2, 5, 4, 1, 3, 0)",203
106,False,0.3764919802449581,2.050739880860694,"(0, 5, 2, 4, 1, 3)",204
35,False,0.37754658688475096,2.051157311870057,"(0, 2, 3, 5, 4, 1)",205
215,False,0.37754658688475107,2.0511573118700577,"(1, 4, 5, 3, 2, 0)",206
164,False,0.37798366645868764,2.0512216081791332,"(1, 2, 5, 3, 0, 4)",207
170,False,0.37736115347706667,2.051274828390944,"(1, 3, 0, 4, 2, 5)",208
324,False,0.37740990264396584,2.051370571101506,"(2, 4, 3, 0, 1, 5)",209
238,False,0.3766583866692309,2.0513980963663423,"(1, 5, 4, 3, 0, 2)",210
249,False,0.3766583866692309,2.0513980963663423,"(2, 0, 3, 4, 5, 1)",211
223,False,0.377714940155351,2.0515145835063353,"(1, 5, 2, 0, 4, 3)",212
210,False,0.37857625036823184,2.0515905344965537,"(1, 4, 5, 0, 2, 3)",213
293,False,0.3781578944915969,2.0519179723144525,"(2, 3, 0, 5, 4, 1)",214
211,False,0.378157894491597,2.051917972314453,"(1, 4, 5, 0, 3, 2)",215
259,False,0.37861456233563767,2.051990973686062,"(2, 0, 5, 1, 4, 3)",216
63,False,0.3773079635468689,2.05202456606198,"(0, 3, 4, 2, 5, 1)",217
227,False,0.377307963546869,2.0520245660619802,"(1, 5, 2, 4, 3, 0)",218
157,False,0.3786163427311499,2.0520429313621733,"(1, 2, 4, 0, 5, 3)",219
284,False,0.37798305501509155,2.052153093926129,"(2, 1, 5, 3, 0, 4)",220
222,False,0.3782888772447277,2.052224709270746,"(1, 5, 2, 0, 3, 4)",221
308,False,0.37838458711974854,2.052225072218757,"(2, 3, 5, 1, 0, 4)",222
160,False,0.37848373263013696,2.0522533450390332,"(1, 2, 4, 5, 0, 3)",223
36,False,0.37585723790467085,2.052254370914822,"(0, 2, 4, 1, 3, 5)",224
73,False,0.37816826188685837,2.0524235424643402,"(0, 4, 1, 2, 5, 3)",225
34,False,0.37828856138872924,2.052471485563565,"(0, 2, 3, 5, 1, 4)",226
258,False,0.3791055399146576,2.0527010994504726,"(2, 0, 5, 1, 3, 4)",227
38,False,0.37809273597964144,2.05290459331109,"(0, 2, 4, 3, 1, 5)",228
225,False,0.37737134833502156,2.052909652706405,"(1, 5, 2, 3, 4, 0)",229
87,False,0.37737134833502145,2.052909652706405,"(0, 4, 3, 2, 5, 1)",230
236,False,0.3783087054477047,2.0529503286796933,"(1, 5, 4, 2, 0, 3)",231
185,False,0.3772956465774484,2.0529587326442686,"(1, 3, 4, 5, 2, 0)",232
47,False,0.3772956465774484,2.0529587326442686,"(0, 2, 5, 4, 3, 1)",233
277,False,0.3787052113458253,2.0529744171091693,"(2, 1, 4, 0, 5, 3)",234
59,False,0.3774831240279739,2.0530369820013066,"(0, 3, 2, 5, 4, 1)",235
213,False,0.3774831240279739,2.0530369820013066,"(1, 4, 5, 2, 3, 0)",236
105,False,0.3769923210254418,2.053067591455582,"(0, 5, 2, 3, 4, 1)",237
207,False,0.3769923210254419,2.0530675914555823,"(1, 4, 3, 2, 5, 0)",238
206,False,0.37769158027103944,2.0531599271619725,"(1, 4, 3, 2, 0, 5)",239
280,False,0.3786190470322389,2.053184830786029,"(2, 1, 4, 5, 0, 3)",240
292,False,0.37901794691087254,2.053232146007961,"(2, 3, 0, 5, 1, 4)",241
343,False,0.3784235222259069,2.053284061356009,"(2, 5, 1, 0, 4, 3)",242
333,False,0.3781845594594983,2.0534193490030703,"(2, 4, 5, 1, 3, 0)",243
53,False,0.3781845594594983,2.0534193490030703,"(0, 3, 1, 5, 4, 2)",244
46,False,0.37869317988604745,2.053562780573366,"(0, 2, 5, 4, 1, 3)",245
347,False,0.37819280998969806,2.0537940439116538,"(2, 5, 1, 4, 3, 0)",246
61,False,0.37819280998969806,2.0537940439116538,"(0, 3, 4, 1, 5, 2)",247
52,False,0.3786002092393434,2.053802036949582,"(0, 3, 1, 5, 2, 4)",248
111,False,0.37851950818933494,2.0538301574409292,"(0, 5, 3, 2, 4, 1)",249
201,False,0.378519508189335,2.0538301574409297,"(1, 4, 2, 3, 5, 0)",250
200,False,0.3784964705349769,2.0539224931473195,"(1, 4, 2, 3, 0, 5)",251
342,False,0.3786467321351821,2.05399418712042,"(2, 5, 1, 0, 3, 4)",252
196,False,0.3792119826858554,2.0540193947364687,"(1, 4, 0, 5, 2, 3)",253
351,False,0.3776067807473088,2.054239194781185,"(2, 5, 3, 1, 4, 0)",254
75,False,0.3776067807473088,2.054239194781185,"(0, 4, 1, 3, 5, 2)",255
307,False,0.3792307669804895,2.054346832554368,"(2, 3, 5, 0, 4, 1)",256
197,False,0.3792307669804897,2.0543468325543683,"(1, 4, 0, 5, 3, 2)",257
58,False,0.37804888586774915,2.054351155694815,"(0, 3, 2, 5, 1, 4)",258
104,False,0.3786632229689538,2.05438176514909,"(0, 5, 2, 3, 1, 4)",259
109,False,0.377695115904687,2.0544130560575455,"(0, 5, 3, 1, 4, 2)",260
321,False,0.377695115904687,2.0544130560575455,"(2, 4, 1, 3, 5, 0)",261
325,False,0.37940878358901314,2.0544687460985402,"(2, 4, 3, 0, 5, 1)",262
219,False,0.3794087835890132,2.0544687460985407,"(1, 5, 0, 3, 4, 2)",263
320,False,0.37784268809161553,2.054505391763936,"(2, 4, 1, 3, 0, 5)",264
356,False,0.3780513016291537,2.0545192749145142,"(2, 5, 4, 1, 0, 3)",265
345,False,0.3784642007104514,2.0546791305560785,"(2, 5, 1, 3, 4, 0)",266
85,False,0.3784642007104514,2.0546791305560785,"(0, 4, 3, 1, 5, 2)",267
108,False,0.3791295576974284,2.0547957440040574,"(0, 5, 3, 1, 2, 4)",268
218,False,0.3795115332327522,2.0548514340450517,"(1, 5, 0, 3, 2, 4)",269
78,False,0.3786225222385303,2.0550191276904965,"(0, 4, 2, 1, 3, 5)",270
110,False,0.3783856669251153,2.0551443311344375,"(0, 5, 3, 2, 1, 4)",271
337,False,0.3787699143523068,2.0551484446393973,"(2, 5, 0, 1, 4, 3)",272
214,False,0.37886687891071724,2.055279308320478,"(1, 4, 5, 3, 0, 2)",273
251,False,0.37886687891071724,2.055279308320478,"(2, 0, 3, 5, 4, 1)",274
171,False,0.3787049768124469,2.0553044891349748,"(1, 3, 0, 4, 5, 2)",275
355,False,0.37870497681244686,2.0553044891349748,"(2, 5, 4, 0, 3, 1)",276
192,False,0.3789556617101664,2.055347764270752,"(1, 4, 0, 2, 3, 5)",277
306,False,0.37967488695511264,2.0556610062478757,"(2, 3, 5, 0, 1, 4)",278
80,False,0.37821033158872036,2.0556693500867644,"(0, 4, 2, 3, 1, 5)",279
226,False,0.37925681931737576,2.0558191246945023,"(1, 5, 2, 4, 0, 3)",280
336,False,0.3795241168414151,2.0558585704038075,"(2, 5, 0, 1, 3, 4)",281
209,False,0.3792354942445705,2.0558904911682543,"(1, 4, 3, 5, 2, 0)",282
45,False,0.3792354942445705,2.0558904911682543,"(0, 2, 5, 3, 4, 1)",283
354,False,0.3791502059310506,2.055908537064072,"(2, 5, 4, 0, 1, 3)",284
37,False,0.3792488978180305,2.055956593840954,"(0, 2, 4, 1, 5, 3)",285
39,False,0.37854431217944473,2.056002768308125,"(0, 2, 4, 3, 5, 1)",286
233,False,0.3785443121794449,2.056002768308125,"(1, 5, 3, 4, 2, 0)",287
180,False,0.3791062521814782,2.056208539303994,"(1, 3, 4, 0, 2, 5)",288
252,False,0.3791194790237464,2.0563763673652433,"(2, 0, 4, 1, 3, 5)",289
250,False,0.37964515812933636,2.0565934820139855,"(2, 0, 3, 5, 1, 4)",290
212,False,0.3796593620539644,2.0568315406338282,"(1, 4, 5, 2, 0, 3)",291
194,False,0.3786523005805861,2.0568359787696977,"(1, 4, 0, 3, 2, 5)",292
41,False,0.37976739837485946,2.0569522217382747,"(0, 2, 4, 5, 3, 1)",293
191,False,0.3797673983748596,2.056952221738275,"(1, 3, 5, 4, 2, 0)",294
254,False,0.37887058345191493,2.057026589761511,"(2, 0, 4, 3, 1, 5)",295
263,False,0.3790876960471513,2.0570807290946895,"(2, 0, 5, 4, 3, 1)",296
184,False,0.3790876960471514,2.0570807290946895,"(1, 3, 4, 5, 0, 2)",297
44,False,0.3791965355931505,2.0572046648617626,"(0, 2, 5, 3, 1, 4)",298
332,False,0.3797989736087266,2.0572139076355924,"(2, 4, 5, 1, 0, 3)",299
224,False,0.379604325747845,2.0574143371033373,"(1, 5, 2, 3, 0, 4)",300
40,False,0.37955088918833985,2.057556269667372,"(0, 2, 4, 5, 1, 3)",301
346,False,0.3778576566782952,2.0575886025441754,"(2, 5, 1, 4, 0, 3)",302
262,False,0.3808528033262695,2.0576847770237867,"(2, 0, 5, 4, 1, 3)",303
331,False,0.38084455961610153,2.057999121856053,"(2, 4, 5, 0, 3, 1)",304
173,False,0.38084455961610164,2.0579991218560534,"(1, 3, 0, 5, 4, 2)",305
172,False,0.38068944570066426,2.0583818098025652,"(1, 3, 0, 5, 2, 4)",306
198,False,0.3794588080986147,2.058414649314381,"(1, 4, 2, 0, 3, 5)",307
69,False,0.3787157426079557,2.0585327272848506,"(0, 3, 5, 2, 4, 1)",308
203,False,0.3787157426079559,2.0585327272848515,"(1, 4, 2, 5, 3, 0)",309
330,False,0.38021972430140993,2.05860316978515,"(2, 4, 5, 0, 1, 3)",310
79,False,0.37939213343979333,2.0587213506166284,"(0, 4, 2, 1, 5, 3)",311
350,False,0.38017930432506103,2.0587438791781167,"(2, 5, 3, 1, 0, 4)",312
81,False,0.38012449029738615,2.058767525083799,"(0, 4, 2, 3, 5, 1)",313
231,False,0.3801244902973862,2.0587675250837996,"(1, 5, 3, 2, 4, 0)",314
318,False,0.38004403569702794,2.058997547930997,"(2, 4, 1, 0, 3, 5)",315
193,False,0.3800786679923447,2.0590499871968833,"(1, 4, 0, 2, 5, 3)",316
67,False,0.3803136258598718,2.059115625901468,"(0, 3, 5, 1, 4, 2)",317
323,False,0.3803136258598718,2.059115625901468,"(2, 4, 1, 5, 3, 0)",318
204,False,0.38013233973494537,2.0591402978279794,"(1, 4, 3, 0, 2, 5)",319
344,False,0.3802837901671533,2.059183814953011,"(2, 5, 1, 3, 0, 4)",320
66,False,0.3801695214330511,2.059498313847979,"(0, 3, 5, 1, 2, 4)",321
83,False,0.37941997685416406,2.0597169785139493,"(0, 4, 2, 5, 3, 1)",322
189,False,0.37941997685416406,2.0597169785139493,"(1, 3, 5, 2, 4, 0)",323
68,False,0.38058835667798624,2.059846900978359,"(0, 3, 5, 2, 1, 4)",324
261,False,0.3812626800692607,2.0600124876186747,"(2, 0, 5, 3, 4, 1)",325
208,False,0.3812626800692607,2.0600124876186747,"(1, 4, 3, 5, 0, 2)",326
253,False,0.3803846292228302,2.0600785902913747,"(2, 0, 4, 1, 5, 3)",327
255,False,0.3809300447107849,2.0601247647585454,"(2, 0, 4, 3, 5, 1)",328
232,False,0.38093004471078507,2.060124764758546,"(1, 5, 3, 4, 0, 2)",329
341,False,0.38145817077602184,2.0602382000480244,"(2, 5, 0, 4, 3, 1)",330
181,False,0.38145817077602195,2.060238200048025,"(1, 3, 4, 0, 5, 2)",331
82,False,0.3809773215263099,2.060321026443046,"(0, 4, 2, 5, 1, 3)",332
340,False,0.3808591688894476,2.0608422479771216,"(2, 5, 0, 4, 1, 3)",333
349,False,0.38040925792297886,2.060865639513728,"(2, 5, 3, 0, 4, 1)",334
195,False,0.38040925792297886,2.060865639513728,"(1, 4, 0, 3, 5, 2)",335
257,False,0.38108753007951895,2.0610742181886956,"(2, 0, 4, 5, 3, 1)",336
190,False,0.3810875300795192,2.061074218188696,"(1, 3, 5, 4, 0, 2)",337
260,False,0.38125836366135235,2.061326661312183,"(2, 0, 5, 3, 1, 4)",338
256,False,0.3815402199694373,2.0616782661177924,"(2, 0, 4, 5, 1, 3)",339
199,False,0.38118672400994646,2.062116872240513,"(1, 4, 2, 0, 5, 3)",340
348,False,0.38118017889887845,2.0621798132072353,"(2, 5, 3, 0, 1, 4)",341
312,False,0.38067149390900035,2.0622284710396563,"(2, 4, 0, 1, 3, 5)",342
202,False,0.3812883239230158,2.062327285917373,"(1, 4, 2, 5, 0, 3)",343
319,False,0.3820480860984357,2.062699770857129,"(2, 4, 1, 0, 5, 3)",344
314,False,0.38153955137946716,2.0628786934359242,"(2, 4, 0, 3, 1, 5)",345
322,False,0.38190205210927125,2.0629101845339894,"(2, 4, 1, 5, 0, 3)",346
339,False,0.3817988368956526,2.0631699585720096,"(2, 5, 0, 3, 4, 1)",347
205,False,0.3817988368956529,2.0631699585720105,"(1, 4, 3, 0, 5, 2)",348
230,False,0.3816354700044108,2.063272209480732,"(1, 5, 3, 2, 0, 4)",349
188,False,0.3823440359062291,2.0642216629108816,"(1, 3, 5, 2, 0, 4)",350
338,False,0.3820030302671674,2.064484132265518,"(2, 5, 0, 3, 1, 4)",351
313,False,0.3829338312006656,2.0659306939657878,"(2, 4, 0, 1, 5, 3)",352
315,False,0.3821085322368726,2.0659768684329594,"(2, 4, 0, 3, 5, 1)",353
229,False,0.3821085322368726,2.0659768684329594,"(1, 5, 3, 0, 4, 2)",354
228,False,0.38299842303902476,2.0663595563794708,"(1, 5, 3, 0, 2, 4)",355
317,False,0.3836761602922201,2.066926321863109,"(2, 4, 0, 5, 3, 1)",356
187,False,0.3836761602922201,2.066926321863109,"(1, 3, 5, 0, 4, 2)",357
186,False,0.3825443764974704,2.0673090098096205,"(1, 3, 5, 0, 2, 4)",358
316,False,0.3834504615776034,2.0675303697922063,"(2, 4, 0, 5, 1, 3)",359
