,is_well_nested,ms,ee,perm,i
0,True,0.48541436194928334,2.2786636935929714,"(0, 1, 2, 3, 4, 5)",0
1,False,0.4996310221850772,2.287791317021439,"(0, 1, 2, 3, 5, 4)",1
120,True,0.5008402867748989,2.289646893093047,"(1, 0, 2, 3, 4, 5)",2
121,False,0.5121503510653124,2.2987745165215143,"(1, 0, 2, 3, 5, 4)",3
24,False,0.5048929554388224,2.2989480900889583,"(0, 2, 1, 3, 4, 5)",4
264,True,0.5102385719692201,2.29945745513493,"(2, 1, 0, 3, 4, 5)",5
144,False,0.5116960064347805,2.3010911235536122,"(1, 2, 0, 3, 4, 5)",6
4,True,0.512928420292062,2.3039617909578305,"(0, 1, 2, 5, 3, 4)",7
6,False,0.5101152605660589,2.3061961758646277,"(0, 1, 3, 2, 4, 5)",8
2,True,0.5083184942399501,2.3063024783247714,"(0, 1, 2, 4, 3, 5)",9
5,True,0.5105999796721877,2.3072155230786047,"(0, 1, 2, 5, 4, 3)",10
25,False,0.5122654242828777,2.3080757135174257,"(0, 2, 1, 3, 5, 4)",11
240,True,0.5115761969558675,2.308297621170352,"(2, 0, 1, 3, 4, 5)",12
265,False,0.5194418054276291,2.3085850785633975,"(2, 1, 0, 3, 5, 4)",13
145,False,0.5200068167623364,2.3102187469820796,"(1, 2, 0, 3, 5, 4)",14
124,True,0.5217679470264002,2.3149449904579065,"(1, 0, 2, 5, 3, 4)",15
270,False,0.5207506691443381,2.3152356781968892,"(2, 1, 3, 0, 4, 5)",16
7,False,0.5171825995162798,2.315323799293095,"(0, 1, 3, 2, 5, 4)",17
294,False,0.5217112381431132,2.316652000103808,"(2, 3, 1, 0, 4, 5)",18
150,False,0.5207893114094373,2.3168693466155714,"(1, 2, 3, 0, 4, 5)",19
126,False,0.5181387229599694,2.317179375364704,"(1, 0, 3, 2, 4, 5)",20
122,True,0.5169899922529029,2.3172856778248474,"(1, 0, 2, 4, 3, 5)",21
241,False,0.5206269422032193,2.3174252445988195,"(2, 0, 1, 3, 5, 4)",22
125,True,0.5205009535932826,2.31819872257868,"(1, 0, 2, 5, 4, 3)",23
3,False,0.5153358385587604,2.3186838338740126,"(0, 1, 2, 4, 5, 3)",24
18,False,0.5224842361496688,2.3238222465001317,"(0, 1, 5, 2, 3, 4)",25
28,False,0.5234986202696811,2.3242461874538174,"(0, 2, 1, 5, 3, 4)",26
271,False,0.5289867280662358,2.3243633016253566,"(2, 1, 3, 0, 5, 4)",27
268,True,0.5284076761483085,2.3247555524997896,"(2, 1, 0, 5, 3, 4)",28
295,False,0.5278766034136714,2.3257796235322745,"(2, 3, 1, 0, 5, 4)",29
151,False,0.5276236987674069,2.325996970044039,"(1, 2, 3, 0, 5, 4)",30
127,False,0.5223950002395975,2.326306998793171,"(1, 0, 3, 2, 5, 4)",31
148,False,0.530962387662442,2.3263892209184713,"(1, 2, 0, 5, 3, 4)",32
26,False,0.5196852787323225,2.3265868748207588,"(0, 2, 1, 4, 3, 5)",33
19,False,0.5224009456055765,2.3270759786209054,"(0, 1, 5, 2, 4, 3)",34
266,True,0.5240679715730192,2.32709623986673,"(2, 1, 0, 4, 3, 5)",35
29,False,0.5189896138991428,2.327499919574592,"(0, 2, 1, 5, 4, 3)",36
269,True,0.5240476955129558,2.3280092846205633,"(2, 1, 0, 5, 4, 3)",37
146,False,0.5273016405105493,2.3287299082854123,"(1, 2, 0, 4, 3, 5)",38
30,False,0.5193973676033787,2.3290126039514916,"(0, 2, 3, 1, 4, 5)",39
149,False,0.5289744516344652,2.3296429530392455,"(1, 2, 0, 5, 4, 3)",40
123,False,0.5253702912391123,2.3296670333740885,"(1, 0, 2, 4, 5, 3)",41
23,False,0.5165059191566911,2.3298507614719037,"(0, 1, 5, 4, 3, 2)",42
305,False,0.5165059191566911,2.3298507614719037,"(2, 3, 4, 5, 1, 0)",43
22,False,0.5239980972710423,2.3301835273616875,"(0, 1, 5, 4, 2, 3)",44
288,False,0.5249037360009168,2.3309382909043816,"(2, 3, 0, 1, 4, 5)",45
48,False,0.5214486238237612,2.333393330601246,"(0, 3, 1, 2, 4, 5)",46
244,True,0.5298195957405188,2.3335957185352116,"(2, 0, 1, 5, 3, 4)",47
272,False,0.5292725224135756,2.3336685099647867,"(2, 1, 3, 4, 0, 5)",48
138,False,0.5310046069600345,2.3348054460002077,"(1, 0, 5, 2, 3, 4)",49
296,False,0.5260355122473351,2.335084831871705,"(2, 3, 1, 4, 0, 5)",50
152,False,0.5240223010006233,2.3353021783834684,"(1, 2, 3, 4, 0, 5)",51
96,False,0.5226795120857147,2.3358376079583376,"(0, 5, 1, 2, 3, 4)",52
54,False,0.5199665564136884,2.3359253621921225,"(0, 3, 2, 1, 4, 5)",53
242,True,0.5272860090935706,2.335936405902153,"(2, 0, 1, 4, 3, 5)",54
118,False,0.5242353027887814,2.3363675685428493,"(0, 5, 4, 3, 1, 2)",55
273,False,0.5242353027887814,2.3363675685428493,"(2, 1, 3, 4, 5, 0)",56
245,True,0.5259547202794566,2.3368494506559863,"(2, 0, 1, 5, 4, 3)",57
174,False,0.5296052273930085,2.3368694512871993,"(1, 3, 2, 0, 4, 5)",58
115,False,0.5281328734346737,2.3377838904497676,"(0, 5, 4, 1, 3, 2)",59
297,False,0.5281328734346737,2.3377838904497676,"(2, 3, 1, 4, 5, 0)",60
119,False,0.5152057704181356,2.3380012369615315,"(0, 5, 4, 3, 2, 1)",61
153,False,0.5152057704181356,2.3380012369615315,"(1, 2, 3, 4, 5, 0)",62
139,False,0.5332998297451002,2.3380591781209814,"(1, 0, 5, 2, 4, 3)",63
8,False,0.524270596100956,2.3381137952484714,"(0, 1, 3, 4, 2, 5)",64
114,False,0.5264405122144911,2.3381166563395523,"(0, 5, 4, 1, 2, 3)",65
31,False,0.5266739253452447,2.3381402273799585,"(0, 2, 3, 1, 5, 4)",66
246,False,0.5245046390723341,2.3383621350328854,"(2, 0, 3, 1, 4, 5)",67
27,False,0.5261690231992393,2.33896823037,"(0, 2, 1, 4, 5, 3)",68
97,False,0.5291473808605881,2.3390913400791113,"(0, 5, 1, 2, 4, 3)",69
302,False,0.5292229124818838,2.339167064352047,"(2, 3, 4, 1, 0, 5)",70
12,False,0.5253807955180873,2.339403300184696,"(0, 1, 4, 2, 3, 5)",71
267,False,0.5304502176709147,2.3394775954159717,"(2, 1, 0, 4, 5, 3)",72
289,False,0.531570542769856,2.3400659143328486,"(2, 3, 0, 1, 5, 4)",73
304,False,0.5251434751452789,2.3408339609719797,"(2, 3, 4, 5, 0, 1)",74
143,False,0.5251434751452789,2.3408339609719797,"(1, 0, 5, 4, 3, 2)",75
147,False,0.5328195632934436,2.3411112638346534,"(1, 2, 0, 4, 5, 3)",76
142,False,0.5330564923000052,2.341166726861764,"(1, 0, 5, 4, 2, 3)",77
303,False,0.5284107512206698,2.341866122930109,"(2, 3, 4, 1, 5, 0)",78
101,False,0.5284107512206699,2.3418661229301097,"(0, 5, 1, 4, 3, 2)",79
100,False,0.5262956279324786,2.3421988888198944,"(0, 5, 1, 4, 2, 3)",80
49,False,0.5283806530619365,2.3425209540297134,"(0, 3, 1, 2, 5, 4)",81
311,False,0.528855580523861,2.3430911277895268,"(2, 3, 5, 4, 1, 0)",82
17,False,0.5288555805238612,2.3430911277895277,"(0, 1, 4, 5, 3, 2)",83
16,False,0.5280843510423331,2.3434238936793115,"(0, 1, 4, 5, 2, 3)",84
14,False,0.5247725718416864,2.3436821348367394,"(0, 1, 4, 3, 2, 5)",85
55,False,0.5250876237985623,2.34505298562059,"(0, 3, 2, 1, 5, 4)",86
175,False,0.5367762322175875,2.345997074715667,"(1, 3, 2, 0, 5, 4)",87
20,False,0.5323195960344284,2.3463190307213786,"(0, 1, 5, 3, 2, 4)",88
247,False,0.5317468204248814,2.3474897584613528,"(2, 0, 3, 1, 5, 4)",89
243,False,0.5322023051635942,2.348317761451394,"(2, 0, 1, 4, 5, 3)",90
168,False,0.5311063637216255,2.3486237104968968,"(1, 3, 0, 2, 4, 5)",91
128,False,0.5323900605697863,2.349096994748547,"(1, 0, 3, 4, 2, 5)",92
329,False,0.531514956917123,2.3492399969523676,"(2, 4, 3, 5, 1, 0)",93
21,False,0.531514956917123,2.349239996952368,"(0, 1, 5, 3, 4, 2)",94
275,False,0.5326829593103755,2.3497372825791976,"(2, 1, 3, 5, 4, 0)",95
94,False,0.5326829593103755,2.3497372825791976,"(0, 4, 5, 3, 1, 2)",96
359,False,0.5259491935241997,2.350162384907928,"(2, 5, 4, 3, 1, 0)",97
9,False,0.5259491935241997,2.350162384907928,"(0, 1, 3, 4, 5, 2)",98
132,False,0.5345839735177756,2.350386499684772,"(1, 0, 4, 2, 3, 5)",99
299,False,0.5332040177287495,2.3511536044861163,"(2, 3, 1, 5, 4, 0)",100
91,False,0.5332040177287495,2.3511536044861163,"(0, 4, 5, 1, 3, 2)",101
95,False,0.5299087123239326,2.3513709509978797,"(0, 4, 5, 3, 2, 1)",102
155,False,0.5299087123239326,2.3513709509978797,"(1, 2, 3, 5, 4, 0)",103
90,False,0.529962731901469,2.3514863703759006,"(0, 4, 5, 1, 2, 3)",104
13,False,0.5299834600718907,2.3517846557339377,"(0, 1, 4, 2, 5, 3)",105
300,False,0.5351276139355629,2.3536813207149763,"(2, 3, 4, 0, 1, 5)",106
10,False,0.5325662012978118,2.353991057450734,"(0, 1, 3, 5, 2, 4)",107
137,False,0.5371600585205245,2.354074327289603,"(1, 0, 4, 5, 3, 2)",108
310,False,0.5371600585205245,2.354074327289603,"(2, 3, 5, 4, 0, 1)",109
136,False,0.5375776173832132,2.3544070931793883,"(1, 0, 4, 5, 2, 3)",110
134,False,0.5325858904605484,2.3546653343368154,"(1, 0, 4, 3, 2, 5)",111
176,False,0.5352031649208262,2.3553022830550967,"(1, 3, 2, 4, 0, 5)",112
102,False,0.537004752688211,2.3553778210542604,"(0, 5, 2, 1, 3, 4)",113
353,False,0.5330769071759244,2.3557307244961962,"(2, 5, 3, 4, 1, 0)",114
15,False,0.5330769071759244,2.3557307244961962,"(0, 1, 4, 3, 5, 2)",115
274,False,0.5414837192607174,2.356165847429602,"(2, 1, 3, 5, 0, 4)",116
116,False,0.5351160641730978,2.3567004391042614,"(0, 5, 4, 2, 1, 3)",117
335,False,0.5349181647363557,2.3569120236817236,"(2, 4, 5, 3, 1, 0)",118
11,False,0.5349181647363558,2.3569120236817236,"(0, 1, 3, 5, 4, 2)",119
140,False,0.5414299588984786,2.357302230221455,"(1, 0, 5, 3, 2, 4)",120
298,False,0.5401427897907971,2.3575821693365206,"(2, 3, 1, 5, 0, 4)",121
169,False,0.5391063319470747,2.357751333925364,"(1, 3, 0, 2, 5, 4)",122
154,False,0.5398546049751473,2.3577995158482845,"(1, 2, 3, 5, 0, 4)",123
177,False,0.5333506620338632,2.3580013416331593,"(1, 3, 2, 4, 5, 0)",124
117,False,0.5333506620338632,2.3580013416331593,"(0, 5, 4, 2, 3, 1)",125
98,False,0.5362728569823073,2.358334392179585,"(0, 5, 1, 3, 2, 4)",126
326,False,0.5376704260979182,2.358556299832511,"(2, 4, 3, 1, 0, 5)",127
103,False,0.5360377963136829,2.3586315531750346,"(0, 5, 2, 1, 4, 3)",128
282,False,0.5452577324908932,2.359451168451853,"(2, 1, 5, 0, 3, 4)",129
278,False,0.5378843281594834,2.3597771818845446,"(2, 1, 4, 3, 0, 5)",130
328,False,0.5393870925042314,2.360223196452444,"(2, 4, 3, 5, 0, 1)",131
141,False,0.5393870925042314,2.360223196452444,"(1, 0, 5, 3, 4, 2)",132
162,False,0.5443407503656315,2.361084836870535,"(1, 2, 5, 0, 3, 4)",133
358,False,0.5344626768739585,2.3611455844080034,"(2, 5, 4, 3, 0, 1)",134
129,False,0.5344626768739585,2.361145584408004,"(1, 0, 3, 4, 5, 2)",135
99,False,0.5379691256186266,2.361255358410574,"(0, 5, 1, 3, 4, 2)",136
327,False,0.5379691256186268,2.361255358410574,"(2, 4, 3, 1, 5, 0)",137
216,False,0.5419780444959573,2.3613350638213433,"(1, 5, 0, 2, 3, 4)",138
158,False,0.5403174394473808,2.3614108503032267,"(1, 2, 4, 3, 0, 5)",139
32,False,0.5324609588248125,2.3619596920823187,"(0, 2, 3, 4, 1, 5)",140
279,False,0.5383189109214299,2.362476240462607,"(2, 1, 4, 3, 5, 0)",141
112,False,0.5383189109214299,2.3624762404626076,"(0, 5, 3, 4, 1, 2)",142
283,False,0.5432926950020938,2.362704900572627,"(2, 1, 5, 0, 4, 3)",143
133,False,0.5397427810531286,2.362767855234014,"(1, 0, 4, 2, 5, 3)",144
42,False,0.5383065451933435,2.363646856092041,"(0, 2, 5, 1, 3, 4)",145
290,False,0.5373082931496997,2.3638853790352092,"(2, 3, 0, 4, 1, 5)",146
159,False,0.5356428820195539,2.3641099088812894,"(1, 2, 4, 3, 5, 0)",147
113,False,0.5356428820195539,2.3641099088812894,"(0, 5, 3, 4, 2, 1)",148
163,False,0.5463146197215181,2.3643385689913092,"(1, 2, 5, 0, 4, 3)",149
217,False,0.5443080484192002,2.364588795942118,"(1, 5, 0, 2, 4, 3)",150
72,False,0.5351386416798017,2.364788375679251,"(0, 4, 1, 2, 3, 5)",151
130,False,0.542872646059072,2.3649742569508105,"(1, 0, 3, 5, 2, 4)",152
50,False,0.5298763848368483,2.3653109499850897,"(0, 3, 1, 4, 2, 5)",153
135,False,0.5401609339232631,2.3667139239962722,"(1, 0, 4, 3, 5, 2)",154
352,False,0.5401609339232631,2.3667139239962722,"(2, 5, 3, 4, 0, 1)",155
43,False,0.5398568316984467,2.366900588212815,"(0, 2, 5, 1, 4, 3)",156
301,False,0.5419118564903234,2.3673635787931153,"(2, 3, 4, 0, 5, 1)",157
221,False,0.5419118564903235,2.3673635787931158,"(1, 5, 0, 4, 3, 2)",158
220,False,0.5435703288296164,2.3676963446829005,"(1, 5, 0, 4, 2, 3)",159
131,False,0.5428537994226159,2.3678952231817996,"(1, 0, 3, 5, 4, 2)",160
334,False,0.5428537994226159,2.3678952231817996,"(2, 4, 5, 3, 0, 1)",161
309,False,0.5387861198449158,2.3684762032840814,"(2, 3, 5, 1, 4, 0)",162
77,False,0.5387861198449159,2.3684762032840823,"(0, 4, 1, 5, 3, 2)",163
285,False,0.5412932205337105,2.368654675469302,"(2, 1, 5, 3, 4, 0)",164
88,False,0.5412932205337105,2.368654675469302,"(0, 4, 3, 5, 1, 2)",165
76,False,0.537419906119259,2.368808969173867,"(0, 4, 1, 5, 2, 3)",166
56,False,0.5333723773418655,2.36887245032295,"(0, 3, 2, 4, 1, 5)",167
276,False,0.5436570520922831,2.3689831348484476,"(2, 1, 4, 0, 3, 5)",168
74,False,0.5364271577437094,2.369067210331294,"(0, 4, 1, 3, 2, 5)",169
92,False,0.5412085547067778,2.3700701531406105,"(0, 4, 5, 2, 1, 3)",170
89,False,0.5395241990295281,2.3702883438879843,"(0, 4, 3, 5, 2, 1)",171
165,False,0.5395241990295281,2.3702883438879843,"(1, 2, 5, 3, 4, 0)",172
64,False,0.5343145647089484,2.370466754711366,"(0, 3, 4, 5, 1, 2)",173
287,False,0.5343145647089487,2.370466754711366,"(2, 1, 5, 4, 3, 0)",174
156,False,0.5435916332759535,2.3706168032671293,"(1, 2, 4, 0, 3, 5)",175
84,False,0.5393568583719422,2.3706620044234326,"(0, 4, 3, 1, 2, 5)",176
248,False,0.5422030705987915,2.3713092231637125,"(2, 0, 3, 4, 1, 5)",177
179,False,0.5396998883809232,2.371371055669508,"(1, 3, 2, 5, 4, 0)",178
93,False,0.5396998883809232,2.371371055669508,"(0, 4, 5, 2, 3, 1)",179
86,False,0.5318912613325855,2.3716914731704164,"(0, 4, 3, 2, 1, 5)",180
167,False,0.5363735372902546,2.3721004231300475,"(1, 2, 5, 4, 3, 0)",181
65,False,0.5363735372902546,2.3721004231300475,"(0, 3, 4, 5, 2, 1)",182
60,False,0.5375860951388817,2.3724740836654963,"(0, 3, 4, 1, 2, 5)",183
258,False,0.5487544343400714,2.372996387173435,"(2, 0, 5, 1, 3, 4)",184
324,False,0.5441751903261848,2.373070556195441,"(2, 4, 3, 0, 1, 5)",185
62,False,0.5394447114566328,2.3735035524124797,"(0, 3, 4, 2, 1, 5)",186
342,False,0.5471194838003617,2.3735070870654402,"(2, 5, 1, 0, 3, 4)",187
308,False,0.5476669528463491,2.3749047681344866,"(2, 3, 5, 1, 0, 4)",188
284,False,0.5467988827951777,2.3750832403197064,"(2, 1, 5, 3, 0, 4)",189
33,False,0.5307937759107589,2.3756419501604578,"(0, 2, 3, 4, 5, 1)",190
239,False,0.5307937759107589,2.3756419501604578,"(1, 5, 4, 3, 2, 0)",191
222,False,0.5485783773619429,2.376170224231106,"(1, 5, 2, 0, 3, 4)",192
259,False,0.5479859177442208,2.376250119294209,"(2, 0, 5, 1, 4, 3)",193
36,False,0.5358166745401834,2.376684210902213,"(0, 2, 4, 1, 3, 5)",194
164,False,0.5493544504229486,2.376716908738389,"(1, 2, 5, 3, 0, 4)",195
343,False,0.5483003701142886,2.376760819186214,"(2, 5, 1, 0, 4, 3)",196
73,False,0.5447152808406439,2.3771697312284923,"(0, 4, 1, 2, 5, 3)",197
357,False,0.5413006269452872,2.377359539644546,"(2, 5, 4, 1, 3, 0)",198
51,False,0.5413006269452872,2.377359539644546,"(0, 3, 1, 4, 5, 2)",199
291,False,0.547277606434433,2.377567637113348,"(2, 3, 0, 4, 5, 1)",200
235,False,0.5472776064344329,2.377567637113348,"(1, 5, 4, 0, 3, 2)",201
281,False,0.5441602794205809,2.377658033741019,"(2, 1, 4, 5, 3, 0)",202
70,False,0.544160279420581,2.3776580337410196,"(0, 3, 5, 4, 1, 2)",203
178,False,0.5488547296145238,2.3777996205199123,"(1, 3, 2, 5, 0, 4)",204
234,False,0.5474081765881799,2.3779004030031325,"(1, 5, 4, 0, 2, 3)",205
336,False,0.5490797724759132,2.3782121397516005,"(2, 5, 0, 1, 3, 4)",206
182,False,0.5468408915042468,2.378924728631361,"(1, 3, 4, 2, 0, 5)",207
71,False,0.5433229012164199,2.3792917021597013,"(0, 3, 5, 4, 2, 1)",208
161,False,0.5433229012164199,2.3792917021597013,"(1, 2, 4, 5, 3, 0)",209
223,False,0.5479173778118183,2.37942395635188,"(1, 5, 2, 0, 4, 3)",210
34,False,0.5432107442745908,2.3800742944296935,"(0, 2, 3, 5, 1, 4)",211
286,False,0.5473512204288956,2.380149051682544,"(2, 1, 5, 4, 0, 3)",212
106,False,0.5422890379360445,2.3803228846805258,"(0, 5, 2, 4, 1, 3)",213
108,False,0.547575070693726,2.380360831619001,"(0, 5, 3, 1, 2, 4)",214
170,False,0.5463899894798119,2.3805413298807405,"(1, 3, 0, 4, 2, 5)",215
320,False,0.5447887422483647,2.3805827392719277,"(2, 4, 1, 3, 0, 5)",216
351,False,0.5425787064828593,2.3811157999907504,"(2, 5, 3, 1, 4, 0)",217
75,False,0.5425787064828596,2.381115799990751,"(0, 4, 1, 3, 5, 2)",218
104,False,0.5461743089843629,2.381141414167602,"(0, 5, 2, 3, 1, 4)",219
52,False,0.54471392411288,2.3811882121873524,"(0, 3, 1, 5, 2, 4)",220
277,False,0.5509657372612258,2.381364490397689,"(2, 1, 4, 0, 5, 3)",221
337,False,0.5504330261794613,2.3814658718723747,"(2, 5, 0, 1, 4, 3)",222
183,False,0.5442715065161677,2.3816237872094237,"(1, 3, 4, 2, 5, 0)",223
107,False,0.5442715065161677,2.3816237872094237,"(0, 5, 2, 4, 3, 1)",224
166,False,0.5492776040557606,2.381782720101226,"(1, 2, 5, 4, 0, 3)",225
78,False,0.5447967718705469,2.3817848899007803,"(0, 4, 2, 1, 3, 5)",226
38,False,0.5435017151787742,2.38199251430124,"(0, 2, 4, 3, 1, 5)",227
292,False,0.5517133204313969,2.3819999813825836,"(2, 3, 0, 5, 1, 4)",228
237,False,0.5416450566854463,2.3825547084010883,"(1, 5, 4, 2, 3, 0)",229
57,False,0.5416450566854465,2.3825547084010887,"(0, 3, 2, 4, 5, 1)",230
85,False,0.5439558025962684,2.382710594082889,"(0, 4, 3, 1, 5, 2)",231
345,False,0.5439558025962684,2.382710594082889,"(2, 5, 1, 3, 4, 0)",232
206,False,0.5451810774394868,2.382996990239211,"(1, 4, 3, 2, 0, 5)",233
157,False,0.5529399058965783,2.382998158816371,"(1, 2, 4, 0, 5, 3)",234
321,False,0.5437793977528684,2.38328179784999,"(2, 4, 1, 3, 5, 0)",235
109,False,0.5437793977528684,2.3832817978499903,"(0, 5, 3, 1, 4, 2)",236
110,False,0.5450103290741328,2.383627640511096,"(0, 5, 3, 2, 1, 4)",237
218,False,0.5513081762699665,2.3838318480425906,"(1, 5, 0, 3, 2, 4)",238
333,False,0.5445566085925481,2.384109178418342,"(2, 4, 5, 1, 3, 0)",239
53,False,0.5445566085925481,2.384109178418342,"(0, 3, 1, 5, 4, 2)",240
347,False,0.545386162074178,2.3845226733249527,"(2, 5, 1, 4, 3, 0)",241
61,False,0.545386162074178,2.3845226733249527,"(0, 3, 4, 1, 5, 2)",242
215,False,0.5433290776218886,2.3846289290793643,"(1, 4, 5, 3, 2, 0)",243
35,False,0.5433290776218886,2.3846289290793647,"(0, 2, 3, 5, 4, 1)",244
249,False,0.5434634890475958,2.3849914812418516,"(2, 0, 3, 4, 5, 1)",245
238,False,0.5434634890475958,2.3849914812418516,"(1, 5, 4, 3, 0, 2)",246
306,False,0.5537507164790254,2.3850362893799746,"(2, 3, 5, 0, 1, 4)",247
225,False,0.543433550343025,2.385373731248555,"(1, 5, 2, 3, 4, 0)",248
87,False,0.543433550343025,2.385373731248555,"(0, 4, 3, 2, 5, 1)",249
200,False,0.547752499060906,2.3854832165827045,"(1, 4, 2, 3, 0, 5)",250
105,False,0.5433561950240495,2.385696048817274,"(0, 5, 2, 3, 4, 1)",251
207,False,0.5433561950240495,2.385696048817274,"(1, 4, 3, 2, 5, 0)",252
192,False,0.5485361148534269,2.3859030964248156,"(1, 4, 0, 2, 3, 5)",253
252,False,0.5480475237917624,2.386033741983607,"(2, 0, 4, 1, 3, 5)",254
211,False,0.552636006579718,2.386554616032255,"(1, 4, 5, 0, 3, 2)",255
293,False,0.552636006579718,2.386554616032255,"(2, 3, 0, 5, 4, 1)",256
325,False,0.5530872131586121,2.3867528142735797,"(2, 4, 3, 0, 5, 1)",257
219,False,0.5530872131586121,2.3867528142735797,"(1, 5, 0, 3, 4, 2)",258
210,False,0.5531411706308962,2.3868873819220395,"(1, 4, 5, 0, 2, 3)",259
58,False,0.5453703702784832,2.386987052670324,"(0, 3, 2, 5, 1, 4)",260
356,False,0.5479659946092191,2.3870418366157247,"(2, 5, 4, 1, 0, 3)",261
80,False,0.5441424949384531,2.3870931932998074,"(0, 4, 2, 3, 1, 5)",262
63,False,0.5430660440681234,2.3871858104906183,"(0, 3, 4, 2, 5, 1)",263
227,False,0.5430660440681234,2.3871858104906183,"(1, 5, 2, 4, 3, 0)",264
280,False,0.551681422358389,2.387340330712198,"(2, 1, 4, 5, 0, 3)",265
350,False,0.5508601393583191,2.3875443648411556,"(2, 5, 3, 1, 0, 4)",266
201,False,0.5470829474591229,2.3881822751607675,"(1, 4, 2, 3, 5, 0)",267
111,False,0.5470829474591229,2.3881822751607675,"(0, 5, 3, 2, 4, 1)",268
46,False,0.5490822231842346,2.3885919197183076,"(0, 2, 5, 4, 1, 3)",269
160,False,0.5521312694814094,2.3889739991308803,"(1, 2, 4, 5, 0, 3)",270
37,False,0.5472293889945702,2.389065566451454,"(0, 2, 4, 1, 5, 3)",271
344,False,0.550912015082655,2.389139158933294,"(2, 5, 1, 3, 0, 4)",272
44,False,0.5484191837422194,2.3894104492053834,"(0, 2, 5, 3, 1, 4)",273
250,False,0.5516988844039533,2.3894238255110873,"(2, 0, 3, 5, 1, 4)",274
307,False,0.5550255365357393,2.3895909240296467,"(2, 3, 5, 0, 4, 1)",275
197,False,0.5550255365357393,2.3895909240296467,"(1, 4, 0, 5, 3, 2)",276
318,False,0.5526611194467389,2.3897886922358307,"(2, 4, 1, 0, 3, 5)",277
185,False,0.5441713255107542,2.3898928222472047,"(1, 3, 4, 5, 2, 0)",278
47,False,0.5441713255107542,2.3898928222472047,"(0, 2, 5, 4, 3, 1)",279
196,False,0.5548218414967234,2.3899236899194314,"(1, 4, 0, 5, 2, 3)",280
194,False,0.5495634930182733,2.390181931076859,"(1, 4, 0, 3, 2, 5)",281
354,False,0.5529282111410521,2.3912890170112995,"(2, 5, 4, 0, 1, 3)",282
254,False,0.5480745790809631,2.391342045382634,"(2, 0, 4, 3, 1, 5)",283
213,False,0.5450936101042826,2.3915416873199957,"(1, 4, 5, 2, 3, 0)",284
59,False,0.5450936101042826,2.3915416873199957,"(0, 3, 2, 5, 4, 1)",285
224,False,0.5514751687950402,2.39180229609896,"(1, 5, 2, 3, 0, 4)",286
236,False,0.5499231114599747,2.392237005372267,"(1, 5, 4, 2, 0, 3)",287
180,False,0.5514271827109635,2.392409516247307,"(1, 3, 4, 0, 2, 5)",288
355,False,0.5532943803543491,2.392589919540197,"(2, 5, 4, 0, 3, 1)",289
171,False,0.5532943803543491,2.392589919540197,"(1, 3, 0, 4, 5, 2)",290
332,False,0.5518417916691217,2.39379147538952,"(2, 4, 5, 1, 0, 3)",291
209,False,0.5492480001697135,2.393965083855054,"(1, 4, 3, 5, 2, 0)",292
45,False,0.5492480001697135,2.393965083855054,"(0, 2, 5, 3, 4, 1)",293
251,False,0.551822941475344,2.393978460160758,"(2, 0, 3, 5, 4, 1)",294
214,False,0.5518229414753443,2.393978460160759,"(1, 4, 5, 3, 0, 2)",295
79,False,0.547615700793708,2.3941662454500214,"(0, 4, 2, 1, 5, 3)",296
346,False,0.5456278127774706,2.3942049702961317,"(2, 5, 1, 4, 0, 3)",297
198,False,0.552371429359326,2.394689169546608,"(1, 4, 2, 0, 3, 5)",298
66,False,0.5502928181638443,2.3955426248974128,"(0, 3, 5, 1, 2, 4)",299
39,False,0.5466601452865625,2.3956747723793788,"(0, 2, 4, 3, 5, 1)",300
233,False,0.5466601452865625,2.3956747723793788,"(1, 5, 3, 4, 2, 0)",301
172,False,0.5587406737331411,2.3964185920830037,"(1, 3, 0, 5, 2, 4)",302
204,False,0.5547904961239453,2.396481777855157,"(1, 4, 3, 0, 2, 5)",303
226,False,0.5522424436869863,2.3968681074617972,"(1, 5, 2, 4, 0, 3)",304
348,False,0.557415068662107,2.3976758860866436,"(2, 5, 3, 0, 1, 4)",305
262,False,0.5578904261042318,2.397941450799701,"(2, 0, 5, 4, 1, 3)",306
312,False,0.553249005317012,2.3979991333355675,"(2, 4, 0, 1, 3, 5)",307
330,False,0.556365512606491,2.3980386557850952,"(2, 4, 5, 0, 1, 3)",308
193,False,0.5565713657804215,2.3982844519740567,"(1, 4, 0, 2, 5, 3)",309
253,False,0.5521842887382359,2.3984150975328484,"(2, 0, 4, 1, 5, 3)",310
67,False,0.5512710384659275,2.3984635911284027,"(0, 3, 5, 1, 4, 2)",311
323,False,0.5512710384659275,2.3984635911284027,"(2, 4, 1, 5, 3, 0)",312
260,False,0.5563765314228313,2.398759980286777,"(2, 0, 5, 3, 1, 4)",313
68,False,0.5545838403506815,2.3988094337895083,"(0, 3, 5, 2, 1, 4)",314
263,False,0.5524007421262878,2.3992423533285985,"(2, 0, 5, 4, 3, 1)",315
184,False,0.552400742126288,2.3992423533285994,"(1, 3, 4, 5, 0, 2)",316
40,False,0.5502780630368721,2.3992885871615384,"(0, 2, 4, 5, 1, 3)",317
331,False,0.5596516537631759,2.3993395583139927,"(2, 4, 5, 0, 3, 1)",318
173,False,0.559651653763176,2.3993395583139927,"(1, 3, 0, 5, 4, 2)",319
191,False,0.5519908962431302,2.4005894896904354,"(1, 3, 5, 4, 2, 0)",320
41,False,0.5519908962431302,2.4005894896904354,"(0, 2, 4, 5, 3, 1)",321
81,False,0.5512572714079513,2.400775451377946,"(0, 4, 2, 3, 5, 1)",322
231,False,0.5512572714079513,2.400775451377946,"(1, 5, 3, 2, 4, 0)",323
212,False,0.5560834206670384,2.401223984291174,"(1, 4, 5, 2, 0, 3)",324
319,False,0.5602725394877088,2.402170047785072,"(2, 4, 1, 0, 5, 3)",325
349,False,0.5568580002807889,2.4022305207363153,"(2, 5, 3, 0, 4, 1)",326
195,False,0.5568580002807889,2.4022305207363153,"(1, 4, 0, 3, 5, 2)",327
340,False,0.5578696841621319,2.4031572033778663,"(2, 5, 0, 4, 1, 3)",328
314,False,0.5561444604007773,2.4033074367345946,"(2, 4, 0, 3, 1, 5)",329
261,False,0.5584711232330244,2.4033146149364484,"(2, 0, 5, 3, 4, 1)",330
208,False,0.5584711232330245,2.403314614936449,"(1, 4, 3, 5, 0, 2)",331
69,False,0.5493006035916971,2.4033640684391795,"(0, 3, 5, 2, 4, 1)",332
203,False,0.5493006035916972,2.4033640684391795,"(1, 4, 2, 5, 3, 0)",333
338,False,0.5588937973597857,2.403975732864942,"(2, 5, 0, 3, 1, 4)",334
82,False,0.55471636303481,2.4043892661601056,"(0, 4, 2, 5, 1, 3)",335
181,False,0.5608309290740702,2.404458105906764,"(1, 3, 4, 0, 5, 2)",336
341,False,0.5608309290740702,2.404458105906764,"(2, 5, 0, 4, 3, 1)",337
232,False,0.5575916693070744,2.405024303460772,"(1, 5, 3, 4, 0, 2)",338
255,False,0.5575916693070744,2.405024303460772,"(2, 0, 4, 3, 5, 1)",339
83,False,0.551713211432455,2.405690168689003,"(0, 4, 2, 5, 3, 1)",340
189,False,0.551713211432455,2.405690168689003,"(1, 3, 5, 2, 4, 0)",341
199,False,0.5601446767388126,2.4070705250958495,"(1, 4, 2, 0, 5, 3)",342
230,False,0.5570237155959075,2.4072040162283503,"(1, 5, 3, 2, 0, 4)",343
322,False,0.5585485038189185,2.4081458880995807,"(2, 4, 1, 5, 0, 3)",344
339,False,0.5607665541877301,2.4085303675146137,"(2, 5, 0, 3, 4, 1)",345
205,False,0.5607665541877302,2.408530367514614,"(1, 4, 3, 0, 5, 2)",346
256,False,0.5594608063981446,2.408638118242932,"(2, 0, 4, 5, 1, 3)",347
257,False,0.5599268846799055,2.409939020771829,"(2, 0, 4, 5, 3, 1)",348
190,False,0.5599268846799056,2.4099390207718296,"(1, 3, 5, 4, 0, 2)",349
313,False,0.561848960665287,2.410380488884809,"(2, 4, 0, 1, 5, 3)",350
188,False,0.5627336887112526,2.412118733539408,"(1, 3, 5, 2, 0, 4)",351
202,False,0.561361759830417,2.413046365410358,"(1, 4, 2, 5, 0, 3)",352
228,False,0.5636442198023373,2.4140687285817437,"(1, 5, 3, 0, 2, 4)",353
315,False,0.5617436048852804,2.416989694812733,"(2, 4, 0, 3, 5, 1)",354
229,False,0.5617436048852805,2.4169896948127336,"(1, 5, 3, 0, 4, 2)",355
186,False,0.5641829261729521,2.418983445892801,"(1, 3, 5, 0, 2, 4)",356
316,False,0.566379991640589,2.4206035095948932,"(2, 4, 0, 5, 1, 3)",357
317,False,0.5685164705854674,2.42190441212379,"(2, 4, 0, 5, 3, 1)",358
187,False,0.5685164705854675,2.4219044121237903,"(1, 3, 5, 0, 4, 2)",359
