,is_well_nested,ms,ee,perm,i
0,True,0.3313443359167138,1.9465955276726048,"(0, 1, 2, 3, 4, 5)",0
360,True,0.3313443359167138,1.9465955276726048,general_0,1
1,False,0.3314482029664006,1.9467092315074084,"(0, 1, 2, 3, 5, 4)",2
120,True,0.3314525897646254,1.9467124860772038,"(1, 0, 2, 3, 4, 5)",3
121,False,0.3315411529464909,1.9468261899120074,"(1, 0, 2, 3, 5, 4)",4
24,False,0.33149386982315693,1.946827135552654,"(0, 2, 1, 3, 4, 5)",5
144,False,0.33152689102443406,1.9468310125005657,"(1, 2, 0, 3, 4, 5)",6
6,False,0.33150637383130477,1.9468334200017117,"(0, 1, 3, 2, 4, 5)",7
5,True,0.3315157741947526,1.946839416855689,"(0, 1, 2, 5, 4, 3)",8
264,True,0.3315169438619702,1.9468397595565727,"(2, 1, 0, 3, 4, 5)",9
2,True,0.3315034205614583,1.9468599358414624,"(0, 1, 2, 4, 3, 5)",10
4,True,0.33152652138936395,1.9468629653996297,"(0, 1, 2, 5, 3, 4)",11
25,False,0.3315531770922269,1.946940839387458,"(0, 2, 1, 3, 5, 4)",12
145,False,0.3315882202539273,1.9469447163353693,"(1, 2, 0, 3, 5, 4)",13
150,False,0.33157971447291945,1.9469469119810625,"(1, 2, 3, 0, 4, 5)",14
7,False,0.33156752916526244,1.9469471238365157,"(0, 1, 3, 2, 5, 4)",15
3,False,0.33156271991217295,1.946950091132326,"(0, 1, 2, 4, 5, 3)",16
126,False,0.33157525555932604,1.946950378406311,"(1, 0, 3, 2, 4, 5)",17
240,True,0.3315586739158155,1.9469528410132604,"(2, 0, 1, 3, 4, 5)",18
265,False,0.33158589542928635,1.9469534633913763,"(2, 1, 0, 3, 5, 4)",19
270,False,0.33157810526861153,1.9469556590370698,"(2, 1, 3, 0, 4, 5)",20
125,True,0.33159110889283716,1.946956375260288,"(1, 0, 2, 5, 4, 3)",21
305,False,0.3315487155532759,1.9469608304912338,"(2, 3, 4, 5, 1, 0)",22
23,False,0.33154871555327636,1.9469608304912351,"(0, 1, 5, 4, 3, 2)",23
22,False,0.3315938466168117,1.9469619765968291,"(0, 1, 5, 4, 2, 3)",24
294,False,0.3315940246062438,1.946963218027795,"(2, 3, 1, 0, 4, 5)",25
122,True,0.33156841946775983,1.946976894246062,"(1, 0, 2, 4, 3, 5)",26
124,True,0.33159316174110676,1.9469799238042287,"(1, 0, 2, 5, 3, 4)",27
19,False,0.33157816676746105,1.9469906957189442,"(0, 1, 5, 2, 4, 3)",28
18,False,0.33158351755949933,1.9470142442628846,"(0, 1, 5, 2, 3, 4)",29
153,False,0.33154406111831053,1.9470539291380229,"(1, 2, 3, 4, 5, 0)",30
119,False,0.33154406111831053,1.9470539291380229,"(0, 5, 4, 3, 2, 1)",31
151,False,0.33162743531215955,1.9470606158158668,"(1, 2, 3, 0, 5, 4)",32
118,False,0.3316040547557114,1.9470626761940297,"(0, 5, 4, 3, 1, 2)",33
273,False,0.3316040547557114,1.9470626761940297,"(2, 1, 3, 4, 5, 0)",34
127,False,0.33161490221575973,1.9470640822411145,"(1, 0, 3, 2, 5, 4)",35
30,False,0.3316013267490723,1.9470658403016572,"(0, 2, 3, 1, 4, 5)",36
241,False,0.3316302461487944,1.9470665448480644,"(2, 0, 1, 3, 5, 4)",37
123,False,0.3316411809124979,1.947067049536925,"(1, 0, 2, 4, 5, 3)",38
271,False,0.33163992534998143,1.9470693628718734,"(2, 1, 3, 0, 5, 4)",39
115,False,0.33162836185213934,1.9470702351847562,"(0, 5, 4, 1, 3, 2)",40
297,False,0.33162836185213934,1.9470702351847562,"(2, 3, 1, 4, 5, 0)",41
29,False,0.3316053948549384,1.947071024735739,"(0, 2, 1, 5, 4, 3)",42
114,False,0.33161548278047615,1.9470713812903502,"(0, 5, 4, 1, 2, 3)",43
48,False,0.33160026142622734,1.9470744618108624,"(0, 3, 1, 2, 4, 5)",44
149,False,0.33164348073430305,1.94707490168365,"(1, 2, 0, 5, 4, 3)",45
54,False,0.33158059216769514,1.94707527423076,"(0, 3, 2, 1, 4, 5)",46
295,False,0.33163554051493543,1.9470769218625987,"(2, 3, 1, 0, 5, 4)",47
304,False,0.33159683059972095,1.9470777888958328,"(2, 3, 4, 5, 0, 1)",48
143,False,0.33159683059972134,1.947077788895834,"(1, 0, 5, 4, 3, 2)",49
142,False,0.3316466980457536,1.9470789350014281,"(1, 0, 5, 4, 2, 3)",50
17,False,0.3316334670565191,1.9470808661565324,"(0, 1, 4, 5, 3, 2)",51
311,False,0.3316334670565191,1.9470808661565324,"(2, 3, 5, 4, 1, 0)",52
16,False,0.3316244791404918,1.9470820122621262,"(0, 1, 4, 5, 2, 3)",53
269,True,0.3316109269007085,1.947083648739657,"(2, 1, 0, 5, 4, 3)",54
288,False,0.3316221438277896,1.947086023296302,"(2, 3, 0, 1, 4, 5)",55
152,False,0.3315956589053896,1.9470906254133598,"(1, 2, 3, 4, 0, 5)",56
26,False,0.3316113239118703,1.9470915437215122,"(0, 2, 1, 4, 3, 5)",57
28,False,0.33162887711528666,1.9470945732796792,"(0, 2, 1, 5, 3, 4)",58
146,False,0.33164285750884026,1.9470954206694235,"(1, 2, 0, 4, 3, 5)",59
148,False,0.33165873339055857,1.94709845022759,"(1, 2, 0, 5, 3, 4)",60
272,False,0.33163854834005835,1.9470993724693668,"(2, 1, 3, 4, 0, 5)",61
266,True,0.3316202623161888,1.9471041677254306,"(2, 1, 0, 4, 3, 5)",62
303,False,0.3316204383364074,1.9471056145675127,"(2, 3, 4, 1, 5, 0)",63
101,False,0.33162043833640786,1.947105614567514,"(0, 5, 1, 4, 3, 2)",64
100,False,0.3316049259274326,1.9471067606731083,"(0, 5, 1, 4, 2, 3)",65
296,False,0.3316099253041143,1.9471069314600922,"(2, 3, 1, 4, 0, 5)",66
268,True,0.33164274835238944,1.9471071972835974,"(2, 1, 0, 5, 3, 4)",67
139,False,0.3316509527916226,1.9471076541235433,"(1, 0, 5, 2, 4, 3)",68
8,False,0.33160980947406327,1.9471087640695035,"(0, 1, 3, 4, 2, 5)",69
138,False,0.3316407014432755,1.9471312026674836,"(1, 0, 5, 2, 3, 4)",70
12,False,0.3316209999096952,1.9471312503700147,"(0, 1, 4, 2, 3, 5)",71
97,False,0.3316404321474581,1.9471354797952227,"(0, 5, 1, 2, 4, 3)",72
14,False,0.33159814191344966,1.9471421862689484,"(0, 1, 4, 3, 2, 5)",73
302,False,0.33163033082063603,1.9471423108428494,"(2, 3, 4, 1, 0, 5)",74
96,False,0.3316018403203026,1.9471590283391633,"(0, 5, 1, 2, 3, 4)",75
95,False,0.3316463633702604,1.9471738713911484,"(0, 4, 5, 3, 2, 1)",76
155,False,0.33164636337026043,1.9471738713911486,"(1, 2, 3, 5, 4, 0)",77
174,False,0.33166585431127626,1.947176521220497,"(1, 3, 2, 0, 4, 5)",78
31,False,0.33165305732863903,1.9471795441364608,"(0, 2, 3, 1, 5, 4)",79
27,False,0.33166376837369715,1.9471816990123756,"(0, 2, 1, 4, 5, 3)",80
94,False,0.3316674605010764,1.9471826184471557,"(0, 4, 5, 3, 1, 2)",81
275,False,0.3316674605010765,1.947182618447156,"(2, 1, 3, 5, 4, 0)",82
147,False,0.3316893814623938,1.947185575960287,"(1, 2, 0, 4, 5, 3)",83
49,False,0.3316474643290027,1.9471881656456664,"(0, 3, 1, 2, 5, 4)",84
55,False,0.331628383929225,1.947188978065564,"(0, 3, 2, 1, 5, 4)",85
299,False,0.33167173039573017,1.9471901774378821,"(2, 3, 1, 5, 4, 0)",86
91,False,0.3316717303957302,1.9471901774378824,"(0, 4, 5, 1, 3, 2)",87
90,False,0.33165054682297956,1.9471913235434763,"(0, 4, 5, 1, 2, 3)",88
246,False,0.33163785711053184,1.9471915457622648,"(2, 0, 3, 1, 4, 5)",89
267,False,0.3316712144271961,1.947194323016294,"(2, 1, 0, 4, 5, 3)",90
245,True,0.3316628080102322,1.9471967301963449,"(2, 0, 1, 5, 4, 3)",91
359,False,0.33163978338026096,1.9471977732547727,"(2, 5, 4, 3, 1, 0)",92
9,False,0.33163978338026096,1.9471977732547727,"(0, 1, 3, 4, 5, 2)",93
137,False,0.3316863549107918,1.947197824561131,"(1, 0, 4, 5, 3, 2)",94
310,False,0.33168635491079185,1.9471978245611312,"(2, 3, 5, 4, 0, 1)",95
136,False,0.33168807886105744,1.9471989706667254,"(1, 0, 4, 5, 2, 3)",96
289,False,0.33167446549136226,1.947199727131106,"(2, 3, 0, 1, 5, 4)",97
21,False,0.33165873322827466,1.9472153655548126,"(0, 1, 5, 3, 4, 2)",98
329,False,0.33165873322827466,1.9472153655548126,"(2, 4, 3, 5, 1, 0)",99
242,True,0.33166980816280645,1.9472172491821185,"(2, 0, 1, 4, 3, 5)",100
244,True,0.3316803850837236,1.9472202787402855,"(2, 0, 1, 5, 3, 4)",101
13,False,0.3316434330829781,1.947221405660878,"(0, 1, 4, 2, 5, 3)",102
128,False,0.3316646117243614,1.9472257224741025,"(1, 0, 3, 4, 2, 5)",103
353,False,0.33166904230831873,1.947231195454218,"(2, 5, 3, 4, 1, 0)",104
15,False,0.33166904230831873,1.947231195454218,"(0, 1, 4, 3, 5, 2)",105
20,False,0.3316703227508178,1.9472400602043474,"(0, 1, 5, 3, 2, 4)",106
132,False,0.3316822017613057,1.947248208774614,"(1, 0, 4, 2, 3, 5)",107
134,False,0.33165804658429854,1.9472591446735479,"(1, 0, 4, 3, 2, 5)",108
300,False,0.33167117166120114,1.947265263347459,"(2, 3, 4, 0, 1, 5)",109
177,False,0.3316829191930345,1.9472835383774572,"(1, 3, 2, 4, 5, 0)",110
117,False,0.3316829191930345,1.9472835383774572,"(0, 5, 4, 2, 3, 1)",111
175,False,0.3317166538705779,1.9472902250553015,"(1, 3, 2, 0, 5, 4)",112
116,False,0.33170017875629976,1.9472934315390587,"(0, 5, 4, 2, 1, 3)",113
168,False,0.33168789193440606,1.947298514069107,"(1, 3, 0, 2, 4, 5)",114
11,False,0.3317097642996273,1.9473019790206647,"(0, 1, 3, 5, 4, 2)",115
335,False,0.3317097642996273,1.9473019790206647,"(2, 4, 5, 3, 1, 0)",116
247,False,0.33170016671607483,1.9473052495970684,"(2, 0, 3, 1, 5, 4)",117
243,False,0.3317119141789946,1.9473074044729817,"(2, 0, 1, 4, 5, 3)",118
167,False,0.33168743005506707,1.947310027005659,"(1, 2, 5, 4, 3, 0)",119
65,False,0.33168743005506707,1.947310027005659,"(0, 3, 4, 5, 2, 1)",120
129,False,0.3316948104531714,1.9473147316593717,"(1, 0, 3, 4, 5, 2)",121
358,False,0.3316948104531714,1.9473147316593717,"(2, 5, 4, 3, 0, 1)",122
113,False,0.3316869995075751,1.9473181975060696,"(0, 5, 3, 4, 2, 1)",123
159,False,0.3316869995075752,1.9473181975060698,"(1, 2, 4, 3, 5, 0)",124
64,False,0.3316831100953406,1.947318774061666,"(0, 3, 4, 5, 1, 2)",125
287,False,0.3316831100953406,1.947318774061666,"(2, 1, 5, 4, 3, 0)",126
176,False,0.3316935781855975,1.9473202346527931,"(1, 3, 2, 4, 0, 5)",127
154,False,0.33171592254023985,1.9473242715012895,"(1, 2, 3, 5, 0, 4)",128
10,False,0.3316845882360025,1.947326673670199,"(0, 1, 3, 5, 2, 4)",129
112,False,0.33171266671103017,1.947326944562077,"(0, 5, 3, 4, 1, 2)",130
279,False,0.33171266671103017,1.947326944562077,"(2, 1, 4, 3, 5, 0)",131
141,False,0.33171483664605245,1.9473323239594116,"(1, 0, 5, 3, 4, 2)",132
328,False,0.33171483664605245,1.9473323239594116,"(2, 4, 3, 5, 0, 1)",133
32,False,0.3316793056159795,1.9473325062385651,"(0, 2, 3, 4, 1, 5)",134
274,False,0.3317278833050044,1.9473330185572968,"(2, 1, 3, 5, 0, 4)",135
165,False,0.33170365387526146,1.9473337115259128,"(1, 2, 5, 3, 4, 0)",136
89,False,0.33170365387526146,1.9473337115259128,"(0, 4, 3, 5, 2, 1)",137
133,False,0.3317177240525303,1.9473383640654773,"(1, 0, 4, 2, 5, 3)",138
298,False,0.33171152744243226,1.9473405775480233,"(2, 3, 1, 5, 0, 4)",139
56,False,0.33167910915755283,1.9473419401676666,"(0, 3, 2, 4, 1, 5)",140
88,False,0.3317211190863352,1.94734245858192,"(0, 4, 3, 5, 1, 2)",141
285,False,0.3317211190863352,1.94734245858192,"(2, 1, 5, 3, 4, 0)",142
221,False,0.3317135827925175,1.9473455254767227,"(1, 5, 0, 4, 3, 2)",143
301,False,0.33171358279251756,1.947345525476723,"(2, 3, 4, 0, 5, 1)",144
309,False,0.33170749273554995,1.9473455924859373,"(2, 3, 5, 1, 4, 0)",145
77,False,0.33170749273554995,1.9473455924859373,"(0, 4, 1, 5, 3, 2)",146
220,False,0.3317238485851433,1.9473466715823164,"(1, 5, 0, 4, 2, 3)",147
76,False,0.3316887355354448,1.947346738591531,"(0, 4, 1, 5, 2, 3)",148
135,False,0.331717391270213,1.9473481538588169,"(1, 0, 4, 3, 5, 2)",149
352,False,0.3317173912702131,1.947348153858817,"(2, 5, 3, 4, 0, 1)",150
50,False,0.3316520341996879,1.9473498058786542,"(0, 3, 1, 4, 2, 5)",151
163,False,0.33175274874649363,1.9473506412989112,"(1, 2, 5, 0, 4, 3)",152
290,False,0.33169695686202716,1.9473526892332087,"(2, 3, 0, 4, 1, 5)",153
158,False,0.3317209614991025,1.947354893781407,"(1, 2, 4, 3, 0, 5)",154
140,False,0.3317323107099493,1.9473570186089462,"(1, 0, 5, 3, 2, 4)",155
283,False,0.3317331761989382,1.9473593883549185,"(2, 1, 5, 0, 4, 3)",156
327,False,0.3317134606469081,1.9473601496310913,"(2, 4, 3, 1, 5, 0)",157
99,False,0.3317134606469082,1.9473601496310915,"(0, 5, 1, 3, 4, 2)",158
278,False,0.3317067208707438,1.9473636408374138,"(2, 1, 4, 3, 0, 5)",159
103,False,0.33170205738470737,1.9473670151557083,"(0, 5, 2, 1, 4, 3)",160
162,False,0.33173283710237356,1.9473741898428518,"(1, 2, 5, 0, 3, 4)",161
217,False,0.33174098774559424,1.9473753907044313,"(1, 5, 0, 2, 4, 3)",162
62,False,0.33170718591967663,1.9473789750339237,"(0, 3, 4, 2, 1, 5)",163
282,False,0.3317526952655861,1.9473829368988587,"(2, 1, 5, 0, 3, 4)",164
98,False,0.3316993225644953,1.947384844280626,"(0, 5, 1, 3, 2, 4)",165
60,False,0.331693125455554,1.9473876531648089,"(0, 3, 4, 1, 2, 5)",166
102,False,0.3317203084486784,1.9473905636996485,"(0, 5, 2, 1, 3, 4)",167
72,False,0.33169982809625564,1.9473959766994196,"(0, 4, 1, 2, 3, 5)",168
326,False,0.3317223372411111,1.947396845906427,"(2, 4, 3, 1, 0, 5)",169
216,False,0.33173208273930976,1.947398939248372,"(1, 5, 0, 2, 3, 4)",170
86,False,0.33165565597822105,1.9474026595541774,"(0, 4, 3, 2, 1, 5)",171
179,False,0.3317369202401748,1.947403480630583,"(1, 3, 2, 5, 4, 0)",172
93,False,0.3317369202401748,1.947403480630583,"(0, 4, 5, 2, 3, 1)",173
74,False,0.33169895899392726,1.9474069125983533,"(0, 4, 1, 3, 2, 5)",174
84,False,0.3317165273082953,1.9474113376850626,"(0, 4, 3, 1, 2, 5)",175
169,False,0.33174527225956574,1.9474122179039108,"(1, 3, 0, 2, 5, 4)",176
239,False,0.3316840993986119,1.947412768367827,"(1, 5, 4, 3, 2, 0)",177
33,False,0.33168409939861193,1.9474127683678273,"(0, 2, 3, 4, 5, 1)",178
92,False,0.3317412551117904,1.9474133737921844,"(0, 4, 5, 2, 1, 3)",179
161,False,0.33174559936900005,1.947414455238942,"(1, 2, 4, 5, 3, 0)",180
71,False,0.33174559936900005,1.947414455238942,"(0, 3, 5, 4, 2, 1)",181
131,False,0.33176042169372744,1.9474189374252635,"(1, 0, 3, 5, 4, 2)",182
334,False,0.33176042169372755,1.947418937425264,"(2, 4, 5, 3, 0, 1)",183
237,False,0.33173840795650633,1.9474222022969285,"(1, 5, 4, 2, 3, 0)",184
57,False,0.33173840795650633,1.9474222022969285,"(0, 3, 2, 4, 5, 1)",185
281,False,0.331751376714901,1.947423202294949,"(2, 1, 4, 5, 3, 0)",186
70,False,0.3317513767149011,1.9474232022949491,"(0, 3, 5, 4, 1, 2)",187
235,False,0.33177275273617324,1.9474329513624717,"(1, 5, 4, 0, 3, 2)",188
291,False,0.3317727527361733,1.947432951362472,"(2, 3, 0, 4, 5, 1)",189
234,False,0.3317729325212475,1.9474340974680662,"(1, 5, 4, 0, 2, 3)",190
166,False,0.33176983888729733,1.9474368785718594,"(1, 2, 5, 4, 0, 3)",191
357,False,0.33174481228396047,1.9474388150639226,"(2, 5, 4, 1, 3, 0)",192
51,False,0.3317448122839609,1.947438815063924,"(0, 3, 1, 4, 5, 2)",193
130,False,0.33175026414670816,1.947443632074798,"(1, 0, 3, 5, 2, 4)",194
286,False,0.33177298372532,1.9474456256278665,"(2, 1, 5, 4, 0, 3)",195
43,False,0.3317422548563568,1.9474538389594789,"(0, 2, 5, 1, 4, 3)",196
248,False,0.33175647551863285,1.9474582116991714,"(2, 0, 3, 4, 1, 5)",197
63,False,0.3317265096794717,1.9474592371631858,"(0, 3, 4, 2, 5, 1)",198
227,False,0.3317265096794717,1.9474592371631858,"(1, 5, 2, 4, 3, 0)",199
156,False,0.3317530193419789,1.9474755885179678,"(1, 2, 4, 0, 3, 5)",200
347,False,0.3317494341444428,1.947476662350077,"(2, 5, 1, 4, 3, 0)",201
61,False,0.33174943414444324,1.9474766623500783,"(0, 3, 4, 1, 5, 2)",202
42,False,0.33173837860615574,1.9474773875034193,"(0, 2, 5, 1, 3, 4)",203
225,False,0.33173433051142703,1.9474829216834393,"(1, 5, 2, 3, 4, 0)",204
87,False,0.3317343305114271,1.9474829216834395,"(0, 4, 3, 2, 5, 1)",205
164,False,0.3317749795513314,1.9474841116360537,"(1, 2, 5, 3, 0, 4)",206
276,False,0.3317628631721881,1.947484335573975,"(2, 1, 4, 0, 3, 5)",207
73,False,0.33176354516669976,1.947486131990283,"(0, 4, 1, 2, 5, 3)",208
284,False,0.33176156785243754,1.9474928586920608,"(2, 1, 5, 3, 0, 4)",209
75,False,0.3317440311422136,1.9474959217836227,"(0, 4, 1, 3, 5, 2)",210
351,False,0.3317440311422136,1.9474959217836227,"(2, 5, 3, 1, 4, 0)",211
308,False,0.3317753010479715,1.947495992596078,"(2, 3, 5, 1, 0, 4)",212
223,False,0.33176770664306443,1.9474998514564381,"(1, 5, 2, 0, 4, 3)",213
345,False,0.3317453675228408,1.9475003468703307,"(2, 5, 1, 3, 4, 0)",214
85,False,0.3317453675228412,1.9475003468703318,"(0, 4, 3, 1, 5, 2)",215
343,False,0.33178351477975276,1.9475172766433293,"(2, 5, 1, 0, 4, 3)",216
324,False,0.33176545623405496,1.9475197984110382,"(2, 4, 3, 0, 1, 5)",217
222,False,0.33178241812342496,1.9475234000003785,"(1, 5, 2, 0, 3, 4)",218
215,False,0.33177883436932587,1.947526564333657,"(1, 4, 5, 3, 2, 0)",219
35,False,0.3317788343693259,1.9475265643336572,"(0, 2, 3, 5, 4, 1)",220
59,False,0.3317730861106465,1.9475359982627587,"(0, 3, 2, 5, 4, 1)",221
213,False,0.3317730861106465,1.9475359982627587,"(1, 4, 5, 2, 3, 0)",222
238,False,0.33177570445408033,1.9475384738284331,"(1, 5, 4, 3, 0, 2)",223
249,False,0.3317757044540804,1.9475384738284334,"(2, 0, 3, 4, 5, 1)",224
342,False,0.33178174327929666,1.94754082518727,"(2, 5, 1, 0, 3, 4)",225
160,False,0.33180241323378995,1.9475413068051424,"(1, 2, 4, 5, 0, 3)",226
333,False,0.3317826193446648,1.9475430208298155,"(2, 4, 5, 1, 3, 0)",227
53,False,0.3317826193446649,1.9475430208298157,"(0, 3, 1, 5, 4, 2)",228
293,False,0.3318088329411504,1.9475467473283006,"(2, 3, 0, 5, 4, 1)",229
211,False,0.33180883294115077,1.9475467473283017,"(1, 4, 5, 0, 3, 2)",230
210,False,0.3318130447051124,1.947547893433896,"(1, 4, 5, 0, 2, 3)",231
236,False,0.33180321521874595,1.9475490538631288,"(1, 5, 4, 2, 0, 3)",232
280,False,0.33180366324341504,1.9475500538611494,"(2, 1, 4, 5, 0, 3)",233
183,False,0.33177524551079907,1.9475504531207,"(1, 3, 4, 2, 5, 0)",234
107,False,0.3317752455107992,1.9475504531207002,"(0, 5, 2, 4, 3, 1)",235
178,False,0.33179827271521123,1.9475538807407242,"(1, 3, 2, 5, 0, 4)",236
34,False,0.33178134276070725,1.9475600060391973,"(0, 2, 3, 5, 1, 4)",237
106,False,0.33175904772933396,1.9475603462823012,"(0, 5, 2, 4, 1, 3)",238
356,False,0.33179725620223194,1.947565666630124,"(2, 5, 4, 1, 0, 3)",239
157,False,0.33182062394990275,1.9475657438088312,"(1, 2, 4, 0, 5, 3)",240
52,False,0.33177433751123236,1.9475677154793503,"(0, 3, 1, 5, 2, 4)",241
58,False,0.33176720151330363,1.9475694399683001,"(0, 3, 2, 5, 1, 4)",242
170,False,0.33178998809860993,1.9475738581368989,"(1, 3, 0, 4, 2, 5)",243
277,False,0.33181462802782263,1.9475744908648382,"(2, 1, 4, 0, 5, 3)",244
197,False,0.331822359478681,1.9475793571078497,"(1, 4, 0, 5, 3, 2)",245
307,False,0.331822359478681,1.9475793571078497,"(2, 3, 5, 0, 4, 1)",246
259,False,0.33180654929264164,1.947579544420085,"(2, 0, 5, 1, 4, 3)",247
292,False,0.3318075027391382,1.9475801890338438,"(2, 3, 0, 5, 1, 4)",248
196,False,0.3318170864103729,1.9475805032134437,"(1, 4, 0, 5, 2, 3)",249
111,False,0.3317861915697594,1.9475812036294267,"(0, 5, 3, 2, 4, 1)",250
201,False,0.3317861915697594,1.9475812036294267,"(1, 4, 2, 3, 5, 0)",251
207,False,0.331761114845666,1.947583850004622,"(1, 4, 3, 2, 5, 0)",252
105,False,0.33176111484566617,1.9475838500046225,"(0, 5, 2, 3, 4, 1)",253
36,False,0.33174214788576967,1.9475848052134783,"(0, 2, 4, 1, 3, 5)",254
226,False,0.3317986397806631,1.947586088729386,"(1, 5, 2, 4, 0, 3)",255
38,False,0.3317755753138025,1.9475870629815273,"(0, 2, 4, 3, 1, 5)",256
182,False,0.3317974219802193,1.947587149396037,"(1, 3, 4, 2, 0, 5)",257
321,False,0.33176793246269226,1.947589038616381,"(2, 4, 1, 3, 5, 0)",258
109,False,0.33176793246269226,1.947589038616381,"(0, 5, 3, 1, 4, 2)",259
325,False,0.3318184772381565,1.9476000605402999,"(2, 4, 3, 0, 5, 1)",260
219,False,0.3318184772381565,1.9476000605402999,"(1, 5, 0, 3, 4, 2)",261
258,False,0.33181473621112534,1.9476030929640256,"(2, 0, 5, 1, 3, 4)",262
346,False,0.33176013383100106,1.9476035139162773,"(2, 5, 1, 4, 0, 3)",263
306,False,0.33182087892589973,1.9476127988133916,"(2, 3, 5, 0, 1, 4)",264
108,False,0.33179770529696817,1.9476137332659154,"(0, 5, 3, 1, 2, 4)",265
110,False,0.3317747892623377,1.9476146453349683,"(0, 5, 3, 2, 1, 4)",266
104,False,0.3317873644079483,1.9476172917101642,"(0, 5, 2, 3, 1, 4)",267
200,False,0.33179475681479176,1.9476178999047637,"(1, 4, 2, 3, 0, 5)",268
78,False,0.33178602360593423,1.947617923662835,"(0, 4, 2, 1, 3, 5)",269
80,False,0.331763248402286,1.9476201814308838,"(0, 4, 2, 3, 1, 5)",270
206,False,0.3317811802294591,1.9476205462799592,"(1, 4, 3, 2, 0, 5)",271
337,False,0.3318130416355798,1.9476243512518092,"(2, 5, 0, 1, 4, 3)",272
218,False,0.33181666858027514,1.9476247551898345,"(1, 5, 0, 3, 2, 4)",273
320,False,0.33177863400430124,1.9476257348917165,"(2, 4, 1, 3, 0, 5)",274
192,False,0.3318120553674902,1.9476297413213322,"(1, 4, 0, 2, 3, 5)",275
224,False,0.3318062515641882,1.9476333217935804,"(1, 5, 2, 3, 0, 4)",276
185,False,0.3318017153533915,1.9476372769244708,"(1, 3, 4, 5, 2, 0)",277
47,False,0.3318017153533915,1.9476372769244708,"(0, 2, 5, 4, 3, 1)",278
194,False,0.33179997338546385,1.947640677220266,"(1, 4, 0, 3, 2, 5)",279
350,False,0.33182065062534033,1.9476463218937636,"(2, 5, 3, 1, 0, 4)",280
46,False,0.33182640212870135,1.9476471700860707,"(0, 2, 5, 4, 1, 3)",281
336,False,0.33181687421765527,1.9476478997957483,"(2, 5, 0, 1, 3, 4)",282
344,False,0.33180893989371274,1.9476507469804716,"(2, 5, 1, 3, 0, 4)",283
251,False,0.3318387185302297,1.947652269794263,"(2, 0, 3, 5, 4, 1)",284
214,False,0.3318387185302297,1.947652269794263,"(1, 4, 5, 3, 0, 2)",285
212,False,0.3318416197722096,1.9476628498289592,"(1, 4, 5, 2, 0, 3)",286
355,False,0.3318432427799519,1.9476628673221679,"(2, 5, 4, 0, 3, 1)",287
171,False,0.3318432427799519,1.9476628673221679,"(1, 3, 0, 4, 5, 2)",288
39,False,0.3317999247623904,1.9476673251107903,"(0, 2, 4, 3, 5, 1)",289
233,False,0.3317999247623904,1.9476673251107903,"(1, 5, 3, 4, 2, 0)",290
332,False,0.3318390675675005,1.9476698723960162,"(2, 4, 5, 1, 0, 3)",291
45,False,0.33181772840313456,1.9476706738083929,"(0, 2, 5, 3, 4, 1)",292
209,False,0.33181772840313456,1.9476706738083929,"(1, 4, 3, 5, 2, 0)",293
354,False,0.33184698191757267,1.947672760483768,"(2, 5, 4, 0, 1, 3)",294
37,False,0.33181914273121915,1.9476749605043429,"(0, 2, 4, 1, 5, 3)",295
203,False,0.3317959770565466,1.9476774613622987,"(1, 4, 2, 5, 3, 0)",296
69,False,0.33179597705654673,1.947677461362299,"(0, 3, 5, 2, 4, 1)",297
323,False,0.3318208273968069,1.9476852963492532,"(2, 4, 1, 5, 3, 0)",298
67,False,0.3318208273968069,1.9476852963492532,"(0, 3, 5, 1, 4, 2)",299
250,False,0.3318357256072241,1.947685711499805,"(2, 0, 3, 5, 1, 4)",300
231,False,0.3318222835177642,1.9477004435601455,"(1, 5, 3, 2, 4, 0)",301
81,False,0.3318222835177642,1.9477004435601455,"(0, 4, 2, 3, 5, 1)",302
44,False,0.3318209938461001,1.9477041155139332,"(0, 2, 5, 3, 1, 4)",303
79,False,0.33180772053434215,1.9477080789536985,"(0, 4, 2, 1, 5, 3)",304
66,False,0.3318150310968065,1.9477099909987878,"(0, 3, 5, 1, 2, 4)",305
252,False,0.33183309335854627,1.9477105106740862,"(2, 0, 4, 1, 3, 5)",306
68,False,0.33183127097717074,1.9477109030678408,"(0, 3, 5, 2, 1, 4)",307
254,False,0.3318132581708624,1.9477127684421347,"(2, 0, 4, 3, 1, 5)",308
180,False,0.3318303830271005,1.9477187800315305,"(1, 3, 4, 0, 2, 5)",309
193,False,0.3318531074728406,1.9477198966121958,"(1, 4, 0, 2, 5, 3)",310
349,False,0.3318466135364352,1.9477296864055353,"(2, 5, 3, 0, 4, 1)",311
195,False,0.3318466135364352,1.9477296864055353,"(1, 4, 0, 3, 5, 2)",312
198,False,0.3318406901941584,1.9477385946413246,"(1, 4, 2, 0, 3, 5)",313
318,False,0.3318491587657577,1.947746429628279,"(2, 4, 1, 0, 3, 5)",314
41,False,0.3318606137475731,1.947747724192697,"(0, 2, 4, 5, 3, 1)",315
191,False,0.33186061374757353,1.9477477241926984,"(1, 3, 5, 4, 2, 0)",316
204,False,0.331849293468371,1.947752176915454,"(1, 4, 3, 0, 2, 5)",317
40,False,0.33184686491592685,1.9477576173542983,"(0, 2, 4, 5, 1, 3)",318
263,False,0.331851907906514,1.947762982385075,"(2, 0, 5, 4, 3, 1)",319
184,False,0.3318519079065144,1.9477629823850764,"(1, 3, 4, 5, 0, 2)",320
348,False,0.3318611434965142,1.9477631281110772,"(2, 5, 3, 0, 1, 4)",321
173,False,0.33189147217927245,1.9477670730880596,"(1, 3, 0, 5, 4, 2)",322
331,False,0.3318914721792725,1.9477670730880599,"(2, 4, 5, 0, 3, 1)",323
262,False,0.3318908237848791,1.9477728755466779,"(2, 0, 5, 4, 1, 3)",324
330,False,0.33187163596121105,1.947776966249661,"(2, 4, 5, 0, 1, 3)",325
189,False,0.3318365834634759,1.9477808426420533,"(1, 3, 5, 2, 4, 0)",326
83,False,0.3318365834634759,1.9477808426420533,"(0, 4, 2, 5, 3, 1)",327
82,False,0.3318552937023589,1.9477907358036548,"(0, 4, 2, 5, 1, 3)",328
172,False,0.33188074023425196,1.9477917677375947,"(1, 3, 0, 5, 2, 4)",329
232,False,0.33187915923828576,1.9477930305713966,"(1, 5, 3, 4, 0, 2)",330
255,False,0.33187915923828576,1.9477930305713966,"(2, 0, 4, 3, 5, 1)",331
208,False,0.3318894374664039,1.947796379268999,"(1, 4, 3, 5, 0, 2)",332
261,False,0.3318894374664039,1.947796379268999,"(2, 0, 5, 3, 4, 1)",333
253,False,0.33186442630480945,1.9478006659649492,"(2, 0, 4, 1, 5, 3)",334
202,False,0.3318725302910716,1.9478043129284988,"(1, 4, 2, 5, 0, 3)",335
181,False,0.33189715614698845,1.9478077892167998,"(1, 3, 4, 0, 5, 2)",336
341,False,0.33189715614698845,1.9478077892167998,"(2, 5, 0, 4, 3, 1)",337
322,False,0.3318692936804421,1.9478121479154524,"(2, 4, 1, 5, 0, 3)",338
340,False,0.33187748716918924,1.9478176823784008,"(2, 5, 0, 4, 1, 3)",339
199,False,0.3318824678286309,1.947828749932188,"(1, 4, 2, 0, 5, 3)",340
260,False,0.33187699070396365,1.947829820974541,"(2, 0, 5, 3, 1, 4)",341
319,False,0.33190113088578144,1.9478365849191412,"(2, 4, 1, 0, 5, 3)",342
205,False,0.3318862097337429,1.9478411861007232,"(1, 4, 3, 0, 5, 2)",343
339,False,0.3318862097337429,1.9478411861007232,"(2, 5, 0, 3, 4, 1)",344
230,False,0.33187672954466213,1.9478508436702866,"(1, 5, 3, 2, 0, 4)",345
312,False,0.3318720330096486,1.9478595232717022,"(2, 4, 0, 1, 3, 5)",346
314,False,0.3318787037324217,1.9478617810397494,"(2, 4, 0, 3, 1, 5)",347
257,False,0.3319110630025889,1.9478734296533045,"(2, 0, 4, 5, 3, 1)",348
190,False,0.3319110630025889,1.9478734296533045,"(1, 3, 5, 4, 0, 2)",349
338,False,0.3318875817581022,1.947874627806264,"(2, 5, 0, 3, 1, 4)",350
256,False,0.331917395039758,1.9478833228149057,"(2, 0, 4, 5, 1, 3)",351
188,False,0.33192043829306356,1.9479312427521944,"(1, 3, 5, 2, 0, 4)",352
315,False,0.33190721160005077,1.9479420431690113,"(2, 4, 0, 3, 5, 1)",353
229,False,0.33190721160005116,1.9479420431690126,"(1, 5, 3, 0, 4, 2)",354
313,False,0.3319275453634022,1.947949678562564,"(2, 4, 0, 1, 5, 3)",355
228,False,0.33192997062385604,1.9479667378185472,"(1, 5, 3, 0, 2, 4)",356
317,False,0.33196838791645833,1.9480224422509207,"(2, 4, 0, 5, 3, 1)",357
187,False,0.33196838791645833,1.9480224422509207,"(1, 3, 5, 0, 4, 2)",358
316,False,0.33194738731891804,1.9480323354125202,"(2, 4, 0, 5, 1, 3)",359
186,False,0.3319377605099269,1.948047136900455,"(1, 3, 5, 0, 2, 4)",360
591,False,0.33287965098923883,1.9511187417537772,general_231,361
372,False,0.33287996908216694,1.951118992520049,general_12,362
462,False,0.3328794890260742,1.951121916308749,general_102,363
594,False,0.33288089542026683,1.951123237265726,general_234,364
569,False,0.3328807438045724,1.9511247438310864,general_209,365
428,False,0.33288082610967196,1.9511252294268822,general_68,366
663,False,0.3328815097104813,1.9511258478279172,general_303,367
420,False,0.3328809444070744,1.951126279850367,general_60,368
476,False,0.3328812343713111,1.9511268852147132,general_116,369
402,False,0.3328814866903494,1.951126918954444,general_42,370
557,False,0.33288174378475965,1.9511274592423797,general_197,371
687,False,0.33288212335051,1.951127828890519,general_327,372
623,False,0.3328814042977526,1.951128087061376,general_263,373
715,False,0.3328811549722111,1.9511284001455238,general_355,374
626,False,0.3328817520085381,1.9511284254250525,general_266,375
506,False,0.3328820015323567,1.9511286496910374,general_146,376
423,False,0.33288109015632605,1.9511286618658221,general_63,377
525,False,0.3328814887120508,1.9511299062514464,general_165,378
619,False,0.33288176142520365,1.9511299272848472,general_259,379
641,False,0.3328823157311182,1.951130347309637,general_281,380
399,False,0.332880869588921,1.951130783496186,general_39,381
453,False,0.3328823515814908,1.9511312314965905,general_93,382
568,False,0.33288294688601,1.9511312396610108,general_208,383
386,False,0.33288307673741147,1.9511316815838795,general_26,384
707,False,0.3328832092994951,1.9511321331471227,general_347,385
518,False,0.33288357404919044,1.9511321502146508,general_158,386
404,False,0.3328836158777972,1.9511322343174358,general_44,387
411,False,0.33288388797033464,1.951132322358516,general_51,388
454,False,0.3328820885016833,1.9511324740401355,general_94,389
427,False,0.33288313610737075,1.9511329063686274,general_67,390
708,False,0.33288192792658217,1.951133107957931,general_348,391
596,False,0.33288323425538047,1.9511331721243494,general_236,392
400,False,0.33288372118518644,1.9511333152494632,general_40,393
672,False,0.3328836275116429,1.9511334417386625,general_312,394
652,False,0.33288342737364773,1.9511335166541872,general_292,395
437,False,0.33288332810494986,1.9511335287427918,general_77,396
441,False,0.3328829964273202,1.9511337395030346,general_81,397
678,False,0.3328819567907003,1.9511337803634534,general_318,398
416,False,0.33288347999676726,1.9511338871791206,general_56,399
365,False,0.3328837357189492,1.9511340076732508,general_5,400
706,False,0.33288397232723294,1.9511342213354508,general_346,401
481,False,0.3328837899585081,1.9511342266331877,general_121,402
549,False,0.33288337527697276,1.9511342703594319,general_189,403
647,False,0.33288332299250145,1.951134387264004,general_287,404
440,False,0.3328835538890226,1.9511345919249885,general_80,405
633,False,0.33288350773297937,1.9511347215079509,general_273,406
691,False,0.332884483487054,1.951134862372662,general_331,407
377,False,0.3328842752460616,1.9511356553681705,general_17,408
395,False,0.3328841342686033,1.9511357173406616,general_35,409
642,False,0.33288413192891986,1.9511359229896252,general_282,410
650,False,0.332883859615505,1.9511359896364582,general_290,411
438,False,0.33288409134463015,1.9511360285832233,general_78,412
370,False,0.3328841608593855,1.951136066629454,general_10,413
639,False,0.33288420932236923,1.9511366768610903,general_279,414
455,False,0.3328838661292917,1.9511366853141527,general_95,415
403,False,0.33288434092514235,1.9511369635882985,general_43,416
627,False,0.3328847540273835,1.9511369828363394,general_267,417
590,False,0.33288436472563837,1.9511370995402875,general_230,418
439,False,0.33288486449504573,1.9511372199201746,general_79,419
602,False,0.3328845127942187,1.9511373276757056,general_242,420
419,False,0.33288453112900834,1.951137341165509,general_59,421
615,False,0.3328838318146246,1.9511375817838899,general_255,422
466,False,0.33288491190240926,1.9511376426921654,general_106,423
384,False,0.3328839891238242,1.9511376966736056,general_24,424
592,False,0.3328842842506792,1.9511378382155902,general_232,425
511,False,0.3328837190662819,1.9511378605403027,general_151,426
379,False,0.3328846547051657,1.9511379649324487,general_19,427
457,False,0.33288481653189167,1.951137969148072,general_97,428
545,False,0.3328847984526183,1.9511379858707656,general_185,429
381,False,0.332884390005544,1.9511380662203737,general_21,430
686,False,0.33288385202624504,1.9511383036351508,general_326,431
498,False,0.33288494942031044,1.9511383643354954,general_138,432
415,False,0.33288476257301236,1.9511384604701834,general_55,433
543,False,0.3328848535068143,1.9511384930522118,general_183,434
539,False,0.3328844000279875,1.951138621733648,general_179,435
670,False,0.332884718843202,1.951138788377173,general_310,436
433,False,0.3328838184551954,1.9511388298700931,general_73,437
631,False,0.33288400287128206,1.951138836944192,general_271,438
640,False,0.33288497703472014,1.951138872474848,general_280,439
537,False,0.3328847355186074,1.9511389969710067,general_177,440
697,False,0.332884616783283,1.9511390484025526,general_337,441
665,False,0.3328841427634231,1.9511390734552478,general_305,442
449,False,0.33288504790782547,1.9511391860665737,general_89,443
657,False,0.3328842843840088,1.951139304823342,general_297,444
603,False,0.33288515511485195,1.951139318491354,general_243,445
389,False,0.3328852359200751,1.9511393451229444,general_29,446
671,False,0.33288484664123946,1.9511395618052494,general_311,447
368,False,0.33288468702284446,1.951139655957732,general_8,448
376,False,0.3328853987489443,1.9511396580654856,general_16,449
601,False,0.3328852796876403,1.951139765542723,general_241,450
451,False,0.3328847173533529,1.951139840798749,general_91,451
533,False,0.3328847303137239,1.9511399303782557,general_173,452
430,False,0.33288505068471513,1.9511400183319199,general_70,453
391,False,0.33288487451242743,1.951140078446352,general_31,454
541,False,0.33288542661703285,1.9511402593555307,general_181,455
581,False,0.3328842341250482,1.9511403897637354,general_221,456
422,False,0.33288564185909075,1.9511404157261485,general_62,457
367,False,0.332885131081848,1.9511404327519652,general_7,458
471,False,0.33288538837611786,1.9511405441671796,general_111,459
405,False,0.33288484775121946,1.9511406740499817,general_45,460
621,False,0.33288575622763517,1.9511407282359272,general_261,461
611,False,0.3328856929839682,1.9511407407146804,general_251,462
675,False,0.3328853175057693,1.9511408154753171,general_315,463
624,False,0.33288625734498845,1.9511408796753267,general_264,464
375,False,0.3328854236605786,1.9511408987573424,general_15,465
597,False,0.3328849163087716,1.9511410372103748,general_237,466
636,False,0.33288508048776394,1.9511410428102574,general_276,467
373,False,0.33288564948189603,1.9511410457475467,general_13,468
694,False,0.33288487394844096,1.9511410789099863,general_334,469
532,False,0.3328850611030921,1.9511410855592546,general_172,470
690,False,0.33288564958186523,1.9511411532567504,general_330,471
495,False,0.3328856426404165,1.9511411609336526,general_135,472
473,False,0.332885241501715,1.951141212026216,general_113,473
508,False,0.33288557383641587,1.9511414994069867,general_148,474
502,False,0.33288503628148947,1.9511415498850757,general_142,475
408,False,0.33288609869265245,1.9511415643637902,general_48,476
452,False,0.3328854713738419,1.95114161879766,general_92,477
388,False,0.332885368969219,1.9511416205938097,general_28,478
436,False,0.3328855816957541,1.9511417173884176,general_76,479
531,False,0.33288450490076354,1.95114174007568,general_171,480
534,False,0.33288429354410914,1.9511418357373043,general_174,481
528,False,0.33288561883170764,1.951142012471502,general_168,482
538,False,0.3328858709583969,1.9511421541517806,general_178,483
535,False,0.3328848679301462,1.9511421953641963,general_175,484
390,False,0.33288561003216405,1.951142316646874,general_30,485
563,False,0.3328854028383367,1.9511423197328015,general_203,486
593,False,0.33288613273566103,1.9511423951924187,general_233,487
501,False,0.33288554016178507,1.951142396968198,general_141,488
589,False,0.3328851669283518,1.9511424358712384,general_229,489
496,False,0.3328855884346533,1.9511425529791782,general_136,490
692,False,0.33288592423205315,1.9511425844339971,general_332,491
520,False,0.33288606941911036,1.951142621221195,general_160,492
378,False,0.3328852847931852,1.9511426475418645,general_18,493
667,False,0.3328854930438051,1.9511426489930592,general_307,494
432,False,0.3328856836894657,1.9511427053377643,general_72,495
484,False,0.3328856250022698,1.9511429209062148,general_124,496
562,False,0.33288601233049797,1.9511429715850397,general_202,497
588,False,0.33288625838258706,1.9511430754116055,general_228,498
397,False,0.33288587108912576,1.951143097788943,general_37,499
609,False,0.3328855875975209,1.9511431427536408,general_249,500
683,False,0.33288574563993384,1.9511432207292865,general_323,501
612,False,0.33288587576553674,1.951143240530555,general_252,502
718,False,0.3328847442090058,1.9511432472352481,general_358,503
600,False,0.3328865686898532,1.9511433468661603,general_240,504
653,False,0.33288681399652215,1.9511435076686245,general_293,505
571,False,0.33288613789049204,1.9511436331481185,general_211,506
688,False,0.3328860613288325,1.9511436903750223,general_328,507
551,False,0.332886129716796,1.9511438096702278,general_191,508
679,False,0.33288480531695963,1.95114387457926,general_319,509
620,False,0.3328862460844192,1.9511438880501153,general_260,510
414,False,0.33288561299817154,1.9511439561211719,general_54,511
364,False,0.33288603752333434,1.9511439611325323,general_4,512
387,False,0.3328863109646778,1.951144081079251,general_27,513
486,False,0.3328859475718232,1.9511441754517866,general_126,514
701,False,0.3328859503590983,1.951144269071987,general_341,515
488,False,0.332886267742015,1.9511442817003442,general_128,516
522,False,0.3328850716064594,1.9511442882311414,general_162,517
445,False,0.3328864533536363,1.9511443498315455,general_85,518
565,False,0.33288619247643286,1.9511443983259702,general_205,519
526,False,0.33288641886930137,1.951144479157473,general_166,520
646,False,0.3328863422237765,1.9511445670920828,general_286,521
556,False,0.332886247447234,1.9511445932410287,general_196,522
431,False,0.3328865339959518,1.9511446593146031,general_71,523
421,False,0.33288641805464014,1.9511446628735225,general_61,524
507,False,0.3328861806248841,1.9511446671824841,general_147,525
618,False,0.33288602894476843,1.9511446999658812,general_258,526
443,False,0.33288627434275575,1.9511447054773592,general_83,527
426,False,0.3328859908131,1.9511447730421754,general_66,528
576,False,0.33288576273783527,1.9511448435341596,general_216,529
424,False,0.33288621664504875,1.951145067954899,general_64,530
478,False,0.3328862618575762,1.951145410978027,general_118,531
573,False,0.33288646666864036,1.9511454428543444,general_213,532
628,False,0.33288667120515714,1.951145598722036,general_268,533
654,False,0.33288659097143064,1.951145628702885,general_294,534
459,False,0.3328867987077067,1.9511458006544857,general_99,535
398,False,0.33288601445835986,1.9511459513643181,general_38,536
483,False,0.33288512897476186,1.9511460179152835,general_123,537
394,False,0.3328862128317961,1.9511460970331012,general_34,538
638,False,0.3328872780195927,1.9511463034590901,general_278,539
658,False,0.33288582122177046,1.951146323199342,general_298,540
655,False,0.33288688219844925,1.9511463696723346,general_295,541
659,False,0.3328865105135187,1.9511465950502034,general_299,542
474,False,0.33288777158644034,1.9511466930963524,general_114,543
412,False,0.3328875966081545,1.9511467219587035,general_52,544
719,False,0.3328864303606351,1.951146831899593,general_359,545
582,False,0.33288708154670177,1.9511468570872328,general_222,546
610,False,0.332887263879788,1.951146865007092,general_250,547
584,False,0.33288690462025194,1.9511469389066554,general_224,548
575,False,0.3328864085920456,1.9511470064922074,general_215,549
558,False,0.3328866545445692,1.951147080444165,general_198,550
607,False,0.33288773086498424,1.9511472234468183,general_247,551
393,False,0.33288690289754463,1.9511472665524865,general_33,552
489,False,0.3328871389984631,1.9511473632416563,general_129,553
382,False,0.3328867736528791,1.9511473795287633,general_22,554
417,False,0.3328868287008452,1.9511474032378813,general_57,555
635,False,0.3328867105774184,1.951147407638462,general_275,556
668,False,0.3328863977721733,1.9511474296075517,general_308,557
383,False,0.33288691736377685,1.9511474505754902,general_23,558
598,False,0.33288712319436986,1.9511475213019558,general_238,559
583,False,0.33288685623866665,1.9511475543553298,general_223,560
494,False,0.3328870172774816,1.951147606389491,general_134,561
472,False,0.332887386232563,1.9511476419111708,general_112,562
499,False,0.3328868007026061,1.9511476903897385,general_139,563
467,False,0.33288660090701294,1.9511477556525008,general_107,564
712,False,0.33288672395599644,1.9511477916091011,general_352,565
617,False,0.3328874370005182,1.9511477974618634,general_257,566
479,False,0.3328858495872697,1.9511478688877992,general_119,567
566,False,0.33288753407330796,1.9511478907172146,general_206,568
434,False,0.33288737625406023,1.9511478947153518,general_74,569
682,False,0.3328869831440743,1.9511479189226766,general_322,570
567,False,0.33288777741368164,1.9511480408346835,general_207,571
504,False,0.3328871542822933,1.9511480538415058,general_144,572
629,False,0.3328872686773927,1.9511480759896311,general_269,573
645,False,0.3328876390471736,1.9511481267827193,general_285,574
599,False,0.33288724170357364,1.9511482049021107,general_239,575
660,False,0.3328871501519738,1.9511483085948194,general_300,576
570,False,0.33288690230011875,1.951148360311524,general_210,577
482,False,0.3328871403272482,1.9511484987426218,general_122,578
693,False,0.33288725706856137,1.951148501676388,general_333,579
505,False,0.33288711537784066,1.9511485513314952,general_145,580
662,False,0.3328874815833461,1.9511487042497568,general_302,581
651,False,0.33288774080440897,1.9511487354153618,general_291,582
523,False,0.3328879170688247,1.9511487726907364,general_163,583
407,False,0.33288745388740454,1.9511487809414911,general_47,584
546,False,0.3328871743674328,1.9511488964111912,general_186,585
605,False,0.33288707080401486,1.9511489050508999,general_245,586
643,False,0.33288736052205414,1.9511489330873462,general_283,587
465,False,0.3328878114328402,1.9511489411949954,general_105,588
709,False,0.33288732973850393,1.9511489773258115,general_349,589
374,False,0.33288792980127796,1.9511491482700987,general_14,590
515,False,0.33288773421755213,1.9511492060757,general_155,591
644,False,0.3328873296171618,1.9511492312589949,general_284,592
401,False,0.33288770715520116,1.9511495034556885,general_41,593
413,False,0.33288705454849526,1.9511495127332148,general_53,594
586,False,0.3328888442308882,1.9511495510848107,general_226,595
468,False,0.33288703001047854,1.9511496237403796,general_108,596
630,False,0.332887631835878,1.9511496960249421,general_270,597
622,False,0.3328888092269755,1.9511497099405999,general_262,598
470,False,0.33288775111543245,1.9511497507145341,general_110,599
418,False,0.3328878737196942,1.9511498012162862,general_58,600
572,False,0.3328878781783303,1.9511499485496149,general_212,601
553,False,0.3328872019927037,1.9511502135423662,general_193,602
363,False,0.3328869516623159,1.951150352361741,general_3,603
698,False,0.3328876655898025,1.9511506022456178,general_338,604
704,False,0.3328877775579187,1.951150659741891,general_344,605
559,False,0.3328878750633844,1.9511509202216943,general_199,606
371,False,0.3328873517106644,1.9511510238419911,general_11,607
649,False,0.3328886894102574,1.9511511665931134,general_289,608
444,False,0.3328876351165816,1.951151220437428,general_84,609
516,False,0.33288741172238273,1.951151259979059,general_156,610
450,False,0.3328879723294332,1.951151275674835,general_90,611
648,False,0.33288755699823475,1.9511512815732033,general_288,612
512,False,0.3328875102562429,1.9511513157414628,general_152,613
369,False,0.33288755735388637,1.9511513620843064,general_9,614
464,False,0.3328882185716656,1.9511513935927083,general_104,615
527,False,0.332888826414496,1.9511514203130154,general_167,616
460,False,0.33288794089914214,1.95115142832491,general_100,617
456,False,0.33288745758609783,1.9511515387159108,general_96,618
519,False,0.3328881615108433,1.9511515857392308,general_159,619
673,False,0.3328881929437391,1.9511517386007895,general_313,620
435,False,0.3328882066302633,1.9511517816990214,general_75,621
616,False,0.33288871810689336,1.9511518154617147,general_256,622
448,False,0.3328884876633718,1.9511518796583611,general_88,623
574,False,0.33288840123590363,1.9511519746366406,general_214,624
625,False,0.3328869722822376,1.9511521278277304,general_265,625
497,False,0.33288812384660094,1.9511523759608607,general_137,626
674,False,0.33288812827832115,1.9511525460860515,general_314,627
713,False,0.33288786276951343,1.9511527661697403,general_353,628
503,False,0.3328891406021953,1.9511528108143452,general_143,629
695,False,0.3328885212385016,1.9511528295567595,general_335,630
680,False,0.3328890177521616,1.9511528469335702,general_320,631
547,False,0.3328886163098186,1.9511530393781165,general_187,632
564,False,0.3328883398024462,1.9511530997355502,general_204,633
429,False,0.33288821779571187,1.9511531251917964,general_69,634
477,False,0.33288768529322055,1.9511531284831087,general_117,635
555,False,0.3328882939777073,1.9511531341159736,general_195,636
458,False,0.33288723030338085,1.9511531400681923,general_98,637
510,False,0.33288831373302363,1.9511531588429138,general_150,638
634,False,0.3328876766698471,1.9511532484331156,general_274,639
447,False,0.33288885820419145,1.9511532909890168,general_87,640
514,False,0.3328891477090388,1.9511534939074513,general_154,641
595,False,0.3328887910218242,1.9511535166567322,general_235,642
714,False,0.3328892949806703,1.9511535606626076,general_354,643
530,False,0.33288781439068826,1.951153571045085,general_170,644
410,False,0.3328887482163127,1.9511536068294804,general_50,645
475,False,0.33288871019818206,1.9511536242462881,general_115,646
661,False,0.3328881185173187,1.9511538837537892,general_301,647
490,False,0.33288842299152943,1.95115413994975,general_130,648
509,False,0.33288923458984826,1.9511541976763298,general_149,649
485,False,0.3328880927828099,1.9511544334713737,general_125,650
580,False,0.3328884681192338,1.9511544528348483,general_220,651
406,False,0.3328881699478632,1.9511544687808051,general_46,652
396,False,0.3328885348565504,1.9511545972132223,general_36,653
425,False,0.3328888656227585,1.9511546533908426,general_65,654
614,False,0.3328891145707601,1.9511548083507755,general_254,655
587,False,0.332889099795339,1.9511551170994315,general_227,656
685,False,0.3328899327043383,1.951155196290883,general_325,657
491,False,0.33288897812802737,1.951155521544779,general_131,658
684,False,0.33288912299336015,1.9511555678761556,general_324,659
613,False,0.3328891598678746,1.95115560513615,general_253,660
517,False,0.33288896106905785,1.9511556501476446,general_157,661
666,False,0.33288929676456475,1.9511559018384699,general_306,662
632,False,0.33288843029110127,1.9511559956667304,general_272,663
540,False,0.33288881469615084,1.9511560879602239,general_180,664
361,False,0.3328893573389085,1.9511561479172437,general_1,665
524,False,0.33288827080138084,1.9511561637097659,general_164,666
689,False,0.3328887628364773,1.9511561794692276,general_329,667
385,False,0.33288791476456153,1.951156190426544,general_25,668
696,False,0.3328887824932164,1.9511562333662271,general_336,669
700,False,0.3328892107156235,1.9511562948058983,general_340,670
676,False,0.33288926053052287,1.9511564329259405,general_316,671
493,False,0.3328897578241531,1.951156823371475,general_133,672
446,False,0.3328890377085124,1.9511570209949294,general_86,673
560,False,0.3328890236582895,1.9511570325599874,general_200,674
409,False,0.3328896624749473,1.9511570377072278,general_49,675
579,False,0.33288933170426654,1.9511570687637756,general_219,676
362,False,0.3328891256286619,1.9511571450654452,general_2,677
469,False,0.3328895114429366,1.9511572840417024,general_109,678
380,False,0.33288971189942085,1.9511572874032321,general_20,679
637,False,0.33288925709911465,1.9511574438826988,general_277,680
366,False,0.3328900905158303,1.9511575518340338,general_6,681
521,False,0.3328887503597999,1.9511575999814819,general_161,682
717,False,0.3328900401541217,1.9511576385831577,general_357,683
561,False,0.33289002369970483,1.951157734995528,general_201,684
554,False,0.3328894068551624,1.9511577548074908,general_194,685
548,False,0.33289004429904856,1.9511579276539532,general_188,686
542,False,0.33288856635176195,1.9511579409932656,general_182,687
463,False,0.3328902462318251,1.9511583424700993,general_103,688
544,False,0.3328901227519764,1.9511586706660515,general_184,689
669,False,0.33288931926695436,1.951158836047382,general_309,690
513,False,0.3328906422100953,1.9511588952484122,general_153,691
711,False,0.3328899584741093,1.9511592235344473,general_351,692
550,False,0.33289023146812835,1.9511594196638693,general_190,693
710,False,0.3328906274565032,1.9511594429172456,general_350,694
487,False,0.3328900636910441,1.9511596536083717,general_127,695
552,False,0.33289016733047994,1.9511600152845847,general_192,696
677,False,0.33289002418878055,1.9511607734862313,general_317,697
699,False,0.3328904068619365,1.951160974296913,general_339,698
681,False,0.3328906615248021,1.9511614022658057,general_321,699
664,False,0.33289083052613083,1.9511620638699199,general_304,700
656,False,0.33289176421893507,1.9511628078849663,general_296,701
705,False,0.3328915795504183,1.951163456155568,general_345,702
702,False,0.33289152364469576,1.9511635123089879,general_342,703
392,False,0.332891002421794,1.951163518194246,general_32,704
604,False,0.3328912181007817,1.9511636785046778,general_244,705
577,False,0.332890616836553,1.9511637646680882,general_217,706
606,False,0.3328898844690437,1.9511639465098922,general_246,707
716,False,0.33289041628900884,1.9511642168325753,general_356,708
608,False,0.3328916248403053,1.9511654371275609,general_248,709
585,False,0.3328916167575279,1.9511654933477427,general_225,710
536,False,0.33289189807297237,1.9511655790674716,general_176,711
480,False,0.33289171529977657,1.9511659864303186,general_120,712
442,False,0.33289197605750664,1.9511660046304313,general_82,713
492,False,0.33289211847598266,1.9511666637847562,general_132,714
529,False,0.33289186453808783,1.9511676615562796,general_169,715
578,False,0.33289234078266405,1.9511681959931357,general_218,716
703,False,0.33289294166670913,1.951168324064054,general_343,717
500,False,0.33289307316193656,1.9511707197912247,general_140,718
461,False,0.3328943031138447,1.9511790944300365,general_101,719
