,is_well_nested,ms,ee,perm,i
0,True,0.3340908567459858,1.9523669331379487,"(0, 1, 2, 3, 4, 5)",0
360,True,0.3340908567459858,1.9523669331379487,general_0,1
1,False,0.334959105176546,1.9533962677517664,"(0, 1, 2, 3, 5, 4)",2
120,True,0.33505385462163073,1.9534226411832218,"(1, 0, 2, 3, 4, 5)",3
2,True,0.33540633995011926,1.9543793599229227,"(0, 1, 2, 4, 3, 5)",4
121,False,0.3357882589374092,1.9544519757970393,"(1, 0, 2, 3, 5, 4)",5
4,True,0.33558981794390114,1.9544777267251632,"(0, 1, 2, 5, 3, 4)",6
6,False,0.33554225362423207,1.9544933010405887,"(0, 1, 3, 2, 4, 5)",7
24,False,0.3354936883367854,1.954557592290012,"(0, 2, 1, 3, 4, 5)",8
264,True,0.33566702808351573,1.9545788274906308,"(2, 1, 0, 3, 4, 5)",9
5,True,0.3355171449215705,1.9546426886922876,"(0, 1, 2, 5, 4, 3)",10
144,False,0.3357958951244827,1.9546723054852957,"(1, 2, 0, 3, 4, 5)",11
122,True,0.3359826844668742,1.955435067968196,"(1, 0, 2, 4, 3, 5)",12
240,True,0.33602282461968,1.9555198223406203,"(2, 0, 1, 3, 4, 5)",13
7,False,0.3360383017256672,1.955522635654406,"(0, 1, 3, 2, 5, 4)",14
124,True,0.3362008653450188,1.9555334347704365,"(1, 0, 2, 5, 3, 4)",15
126,False,0.33612326467453035,1.955549009085862,"(1, 0, 3, 2, 4, 5)",16
18,False,0.3360942817934723,1.9555507362248625,"(0, 1, 5, 2, 3, 4)",17
3,False,0.3359035039232965,1.9555736565038644,"(0, 1, 2, 4, 5, 3)",18
25,False,0.33596860319448474,1.9555869269038297,"(0, 2, 1, 3, 5, 4)",19
265,False,0.3362489368930304,1.9556081621044488,"(2, 1, 0, 3, 5, 4)",20
294,False,0.3364071162275609,1.9556962907721558,"(2, 3, 1, 0, 4, 5)",21
125,True,0.3361951406340118,1.9556983967375607,"(1, 0, 2, 5, 4, 3)",22
145,False,0.33631534724596424,1.9557016400991136,"(1, 2, 0, 3, 5, 4)",23
19,False,0.33612816462711037,1.9557156981919865,"(0, 1, 5, 2, 4, 3)",24
270,False,0.3363360497182501,1.9558373487155092,"(2, 1, 3, 0, 4, 5)",25
22,False,0.336296783580017,1.9558923076834824,"(0, 1, 5, 4, 2, 3)",26
150,False,0.33632800197101265,1.9559308267101738,"(1, 2, 3, 0, 4, 5)",27
305,False,0.33593497751407797,1.9559983903809488,"(2, 3, 4, 5, 1, 0)",28
23,False,0.33593497751407797,1.955998390380949,"(0, 1, 5, 4, 3, 2)",29
12,False,0.33635664612995114,1.956497875250417,"(0, 1, 4, 2, 3, 5)",30
241,False,0.33661673393142144,1.956549156954438,"(2, 0, 1, 3, 5, 4)",31
26,False,0.33640414121646106,1.956570019074986,"(0, 2, 1, 4, 3, 5)",32
127,False,0.33643060566420496,1.9565783436996798,"(1, 0, 3, 2, 5, 4)",33
266,True,0.3364579769291774,1.9565912542756045,"(2, 1, 0, 4, 3, 5)",34
138,False,0.33661929751522507,1.9566064442701359,"(1, 0, 5, 2, 3, 4)",35
96,False,0.33629805843397004,1.9566278433960567,"(0, 5, 1, 2, 3, 4)",36
123,False,0.3365926091031114,1.9566293645491377,"(1, 0, 2, 4, 5, 3)",37
28,False,0.33660286540174184,1.9566683858772267,"(0, 2, 1, 5, 3, 4)",38
146,False,0.3367035004533862,1.9566847322702698,"(1, 2, 0, 4, 3, 5)",39
268,True,0.3367555840206954,1.9566896210778455,"(2, 1, 0, 5, 3, 4)",40
14,False,0.3362090349637255,1.9566986786938907,"(0, 1, 4, 3, 2, 5)",41
8,False,0.33640055546340975,1.9567065312690364,"(0, 1, 3, 4, 2, 5)",42
295,False,0.33682456781258724,1.9567256253859735,"(2, 3, 1, 0, 5, 4)",43
302,False,0.3366237948280124,1.956737348324343,"(2, 3, 4, 1, 0, 5)",44
48,False,0.33644451238302486,1.9567692114292057,"(0, 3, 1, 2, 4, 5)",45
288,False,0.3366175733616131,1.9567708564006487,"(2, 3, 0, 1, 4, 5)",46
139,False,0.33678939494385474,1.9567714062372599,"(1, 0, 5, 2, 4, 3)",47
148,False,0.33690526376078533,1.9567830990725108,"(1, 2, 0, 5, 3, 4)",48
97,False,0.3367240237358483,1.9567928053631807,"(0, 5, 1, 2, 4, 3)",49
29,False,0.33641357349054546,1.9568333478443507,"(0, 2, 1, 5, 4, 3)",50
269,True,0.33649912662920856,1.9568545830449697,"(2, 1, 0, 5, 4, 3)",51
271,False,0.3369013427268959,1.9568666833293267,"(2, 1, 3, 0, 5, 4)",52
30,False,0.33649865248553135,1.9568906791433824,"(0, 2, 3, 1, 4, 5)",53
296,False,0.33664099611208403,1.956922860049522,"(2, 3, 1, 4, 0, 5)",54
16,False,0.33648259192842606,1.9569378135112778,"(0, 1, 4, 5, 2, 3)",55
142,False,0.3367823906371875,1.9569480157287558,"(1, 0, 5, 4, 2, 3)",56
149,False,0.336792636329396,1.9569480610396348,"(1, 2, 0, 5, 4, 3)",57
151,False,0.33677366059237684,1.9569601613239918,"(1, 2, 3, 0, 5, 4)",58
100,False,0.3365514358671323,1.9569694148546766,"(0, 5, 1, 4, 2, 3)",59
54,False,0.3363101667949857,1.9569759303799363,"(0, 3, 2, 1, 4, 5)",60
17,False,0.33658207916354643,1.9570438962087442,"(0, 1, 4, 5, 3, 2)",61
311,False,0.33658207916354643,1.9570438962087442,"(2, 3, 5, 4, 1, 0)",62
143,False,0.3363688530341468,1.9570540984262224,"(1, 0, 5, 4, 3, 2)",63
304,False,0.3363688530341468,1.9570540984262224,"(2, 3, 4, 5, 0, 1)",64
272,False,0.33688329398779726,1.9570639179928755,"(2, 1, 3, 4, 0, 5)",65
303,False,0.3366844970241044,1.9570754975521434,"(2, 3, 4, 1, 5, 0)",66
101,False,0.3366844970241045,1.9570754975521436,"(0, 5, 1, 4, 3, 2)",67
114,False,0.3366334246546488,1.957154926579856,"(0, 5, 4, 1, 2, 3)",68
152,False,0.3365059006174205,1.9571573959875403,"(1, 2, 3, 4, 0, 5)",69
297,False,0.3367885740810449,1.9572610092773224,"(2, 3, 1, 4, 5, 0)",70
115,False,0.3367885740810449,1.9572610092773224,"(0, 5, 4, 1, 3, 2)",71
273,False,0.33662904784161607,1.9574020672206756,"(2, 1, 3, 4, 5, 0)",72
118,False,0.3366290478416162,1.9574020672206758,"(0, 5, 4, 3, 1, 2)",73
153,False,0.336102861747102,1.9574955452153402,"(1, 2, 3, 4, 5, 0)",74
119,False,0.336102861747102,1.9574955452153402,"(0, 5, 4, 3, 2, 1)",75
242,True,0.33690261374363784,1.9575322491255942,"(2, 0, 1, 4, 3, 5)",76
132,False,0.336902315616465,1.9575535832956903,"(1, 0, 4, 2, 3, 5)",77
20,False,0.3368721989125591,1.9575825627975336,"(0, 1, 5, 3, 2, 4)",78
244,True,0.3370498902229506,1.9576306159278347,"(2, 0, 1, 5, 3, 4)",79
13,False,0.3366121974994483,1.9576921718313591,"(0, 1, 4, 2, 5, 3)",80
134,False,0.3367134460081531,1.957754386739164,"(1, 0, 4, 3, 2, 5)",81
128,False,0.3368867316946766,1.9577622393143095,"(1, 0, 3, 4, 2, 5)",82
27,False,0.336856978651359,1.9577643156559277,"(0, 2, 1, 4, 5, 3)",83
267,False,0.3369345875718697,1.9577855508565467,"(2, 1, 0, 4, 5, 3)",84
245,True,0.33692571370465263,1.9577955778949592,"(2, 0, 1, 5, 4, 3)",85
49,False,0.33684742386611016,1.9577985460430232,"(0, 3, 1, 2, 5, 4)",86
289,False,0.3371246968813402,1.9578001910144665,"(2, 3, 0, 1, 5, 4)",87
300,False,0.33695480489623264,1.957817744163957,"(2, 3, 4, 0, 1, 5)",88
246,False,0.336788743783861,1.9578529091939914,"(2, 0, 3, 1, 4, 5)",89
329,False,0.33685281913383086,1.9578536074621244,"(2, 4, 3, 5, 1, 0)",90
21,False,0.33685281913383086,1.9578536074621244,"(0, 1, 5, 3, 4, 2)",91
174,False,0.33708580669226096,1.9578675154494805,"(1, 3, 2, 0, 4, 5)",92
147,False,0.33711410468551295,1.9578790288512118,"(1, 2, 0, 4, 5, 3)",93
31,False,0.3369712541056923,1.9579200137572008,"(0, 2, 3, 1, 5, 4)",94
136,False,0.33706236662464334,1.9579935215565512,"(1, 0, 4, 5, 2, 3)",95
15,False,0.3368850683385146,1.957999057972299,"(0, 1, 4, 3, 5, 2)",96
353,False,0.3368850683385146,1.957999057972299,"(2, 5, 3, 4, 1, 0)",97
55,False,0.33675230775235754,1.9580052649937538,"(0, 3, 2, 1, 5, 4)",98
359,False,0.33667749259347984,1.9580069105474445,"(2, 5, 4, 3, 1, 0)",99
9,False,0.33667749259347984,1.9580069105474445,"(0, 1, 3, 4, 5, 2)",100
310,False,0.33705932042182685,1.9580996042540175,"(2, 3, 5, 4, 0, 1)",101
137,False,0.33705932042182696,1.9580996042540177,"(1, 0, 4, 5, 3, 2)",102
90,False,0.33693656437497566,1.9582063923808548,"(0, 4, 5, 1, 2, 3)",103
299,False,0.33716331014105677,1.9583124750783212,"(2, 3, 1, 5, 4, 0)",104
91,False,0.33716331014105677,1.9583124750783212,"(0, 4, 5, 1, 3, 2)",105
275,False,0.33709912790845087,1.9584535330216746,"(2, 1, 3, 5, 4, 0)",106
94,False,0.33709912790845087,1.9584535330216746,"(0, 4, 5, 3, 1, 2)",107
155,False,0.3369208957221807,1.9585470110163397,"(1, 2, 3, 5, 4, 0)",108
95,False,0.3369208957221807,1.9585470110163397,"(0, 4, 5, 3, 2, 1)",109
326,False,0.33734713873059397,1.9585925654055183,"(2, 4, 3, 1, 0, 5)",110
72,False,0.33703319710328006,1.9586264482226106,"(0, 4, 1, 2, 3, 5)",111
10,False,0.3370062370046602,1.958635921200475,"(0, 1, 3, 5, 2, 4)",112
140,False,0.3374302535025626,1.9586382708428072,"(1, 0, 5, 3, 2, 4)",113
98,False,0.33720388400358814,1.9586596699687282,"(0, 5, 1, 3, 2, 4)",114
243,False,0.3372608525053082,1.958726545706536,"(2, 0, 1, 4, 5, 3)",115
168,False,0.3371672785803027,1.9587353621272425,"(1, 3, 0, 2, 4, 5)",116
133,False,0.33724302058975747,1.9587478798766322,"(1, 0, 4, 2, 5, 3)",117
216,False,0.33745488695351317,1.958763947280944,"(1, 5, 0, 2, 3, 4)",118
102,False,0.33737782526208265,1.9588174651278933,"(0, 5, 2, 1, 3, 4)",119
74,False,0.33710917601878093,1.958827251666084,"(0, 4, 1, 3, 2, 5)",120
247,False,0.33735779038994584,1.958882243807809,"(2, 0, 3, 1, 5, 4)",121
175,False,0.3375557202962144,1.9588968500632982,"(1, 3, 2, 0, 5, 4)",122
335,False,0.3372502682578133,1.9589069658650653,"(2, 4, 5, 3, 1, 0)",123
11,False,0.3372502682578133,1.9589069658650653,"(0, 1, 3, 5, 4, 2)",124
328,False,0.3373646485935381,1.9589093155073978,"(2, 4, 3, 5, 0, 1)",125
141,False,0.33736464859353815,1.958909315507398,"(1, 0, 5, 3, 4, 2)",126
217,False,0.3376138199939011,1.958928909248068,"(1, 5, 0, 2, 4, 3)",127
327,False,0.33741963019726734,1.9589307146333188,"(2, 4, 3, 1, 5, 0)",128
99,False,0.33741963019726734,1.9589307146333188,"(0, 5, 1, 3, 4, 2)",129
103,False,0.3372943813188126,1.958982427095018,"(0, 5, 2, 1, 4, 3)",130
50,False,0.33686317841258173,1.9589824416576531,"(0, 3, 1, 4, 2, 5)",131
298,False,0.3375554784016754,1.9590036604643388,"(2, 3, 1, 5, 0, 4)",132
282,False,0.3377679127191019,1.9590375000553228,"(2, 1, 5, 0, 3, 4)",133
135,False,0.33729136205171684,1.9590547660175723,"(1, 0, 4, 3, 5, 2)",134
352,False,0.33729136205171684,1.9590547660175723,"(2, 5, 3, 4, 0, 1)",135
84,False,0.3373232344379786,1.9590566153160667,"(0, 4, 3, 1, 2, 5)",136
278,False,0.3374084795291178,1.9590577554770496,"(2, 1, 4, 3, 0, 5)",137
358,False,0.33714864685828205,1.9590626185927176,"(2, 5, 4, 3, 0, 1)",138
129,False,0.3371486468582822,1.959062618592718,"(1, 0, 3, 4, 5, 2)",139
76,False,0.33719752526445823,1.9590663864834712,"(0, 4, 1, 5, 2, 3)",140
290,False,0.33734596132726247,1.9590778215176285,"(2, 3, 0, 4, 1, 5)",141
176,False,0.3373939752214927,1.9590940847268472,"(1, 3, 2, 4, 0, 5)",142
220,False,0.3375944125025089,1.9591055187395636,"(1, 5, 0, 4, 2, 3)",143
162,False,0.3376061603585018,1.959130978049988,"(1, 2, 5, 0, 3, 4)",144
274,False,0.33765686489161817,1.959144718407692,"(2, 1, 3, 5, 0, 4)",145
86,False,0.33684672229453694,1.9591503502045995,"(0, 4, 3, 2, 1, 5)",146
158,False,0.3375348165673664,1.9591512334717147,"(1, 2, 4, 3, 0, 5)",147
77,False,0.3373463743772471,1.9591724691809373,"(0, 4, 1, 5, 3, 2)",148
309,False,0.3373463743772471,1.9591724691809373,"(2, 3, 5, 1, 4, 0)",149
32,False,0.33720908964320534,1.9591976442603631,"(0, 2, 3, 4, 1, 5)",150
283,False,0.337671384014831,1.959202462022447,"(2, 1, 5, 0, 4, 3)",151
60,False,0.33721332776868895,1.9592039527324903,"(0, 3, 4, 1, 2, 5)",152
301,False,0.33749351576642017,1.9592116014370304,"(2, 3, 4, 0, 5, 1)",153
221,False,0.33749351576642017,1.9592116014370304,"(1, 5, 0, 4, 3, 2)",154
116,False,0.33741676649990454,1.9592326732625156,"(0, 5, 4, 2, 1, 3)",155
154,False,0.33754122508059425,1.9592381964023573,"(1, 2, 3, 5, 0, 4)",156
56,False,0.3372422743756186,1.9592828954969164,"(0, 3, 2, 4, 1, 5)",157
163,False,0.3378059869305494,1.9592959400171117,"(1, 2, 5, 0, 4, 3)",158
62,False,0.3373875167415168,1.9592976876210229,"(0, 3, 4, 2, 1, 5)",159
279,False,0.3374981452471633,1.95939590470485,"(2, 1, 4, 3, 5, 0)",160
112,False,0.33749814524716343,1.9593959047048501,"(0, 5, 3, 4, 1, 2)",161
177,False,0.3373048168499725,1.959432233954647,"(1, 3, 2, 4, 5, 0)",162
117,False,0.3373048168499725,1.959432233954647,"(0, 5, 4, 2, 3, 1)",163
159,False,0.3373122487411211,1.9594893826995146,"(1, 2, 4, 3, 5, 0)",164
113,False,0.3373122487411211,1.9594893826995146,"(0, 5, 3, 4, 2, 1)",165
285,False,0.3375511371877711,1.9595428907742736,"(2, 1, 5, 3, 4, 0)",166
88,False,0.3375511371877712,1.9595428907742738,"(0, 4, 3, 5, 1, 2)",167
165,False,0.33737836631340307,1.9596363687689387,"(1, 2, 5, 3, 4, 0)",168
89,False,0.33737836631340307,1.9596363687689387,"(0, 4, 3, 5, 2, 1)",169
324,False,0.33770858873860093,1.9596729612451327,"(2, 4, 3, 0, 1, 5)",170
287,False,0.3372747310032288,1.959690228190697,"(2, 1, 5, 4, 3, 0)",171
64,False,0.3372747310032288,1.9596902281906972,"(0, 3, 4, 5, 1, 2)",172
130,False,0.3375903033666284,1.959691629245748,"(1, 0, 3, 5, 2, 4)",173
169,False,0.33767717101147154,1.9597646967410602,"(1, 3, 0, 2, 5, 4)",174
167,False,0.3372692674608026,1.959783706185362,"(1, 2, 5, 4, 3, 0)",175
65,False,0.3372692674608026,1.959783706185362,"(0, 3, 4, 5, 2, 1)",176
73,False,0.33765275885712065,1.9598207448035523,"(0, 4, 1, 2, 5, 3)",177
276,False,0.3377341095890949,1.9598436129846573,"(2, 1, 4, 0, 3, 5)",178
342,False,0.3378591527033346,1.9598516038755243,"(2, 5, 1, 0, 3, 4)",179
308,False,0.3378514159170693,1.9598636545669552,"(2, 3, 5, 1, 0, 4)",180
42,False,0.3376082679035166,1.9599310171087625,"(0, 2, 5, 1, 3, 4)",181
156,False,0.33769820792749605,1.9599370909793221,"(1, 2, 4, 0, 3, 5)",182
334,False,0.3377100240536773,1.9599626739103384,"(2, 4, 5, 3, 0, 1)",183
131,False,0.3377100240536773,1.9599626739103384,"(1, 0, 3, 5, 4, 2)",184
343,False,0.33792408532450346,1.9600165658426487,"(2, 5, 1, 0, 4, 3)",185
222,False,0.33789374906806935,1.9600388167587222,"(1, 5, 2, 0, 3, 4)",186
43,False,0.3376891073239621,1.9600959790758867,"(0, 2, 5, 1, 4, 3)",187
75,False,0.3375646923323127,1.9601276309444924,"(0, 4, 1, 3, 5, 2)",188
351,False,0.3375646923323127,1.9601276309444924,"(2, 5, 3, 1, 4, 0)",189
248,False,0.3378623937578469,1.9601598743109712,"(2, 0, 3, 4, 1, 5)",190
223,False,0.33787171628242074,1.9602037787258462,"(1, 5, 2, 0, 4, 3)",191
284,False,0.33786463009155926,1.9602340761602914,"(2, 1, 5, 3, 0, 4)",192
51,False,0.3376650895512266,1.9602828209360612,"(0, 3, 1, 4, 5, 2)",193
357,False,0.3376650895512266,1.9602828209360612,"(2, 5, 4, 1, 3, 0)",194
92,False,0.3377306549431612,1.9602841390635146,"(0, 4, 5, 2, 1, 3)",195
164,False,0.33791397947386487,1.9603275541549563,"(1, 2, 5, 3, 0, 4)",196
85,False,0.337715458038394,1.9603569945944752,"(0, 4, 3, 1, 5, 2)",197
345,False,0.337715458038394,1.9603569945944752,"(2, 5, 1, 3, 4, 0)",198
234,False,0.3380040538321892,1.9603655960932358,"(1, 5, 4, 0, 2, 3)",199
235,False,0.3380251550392649,1.9604716787907022,"(1, 5, 4, 0, 3, 2)",200
291,False,0.3380251550392649,1.9604716787907022,"(2, 3, 0, 4, 5, 1)",201
93,False,0.3377105255817908,1.960483699755646,"(0, 4, 5, 2, 3, 1)",202
179,False,0.3377105255817908,1.960483699755646,"(1, 3, 2, 5, 4, 0)",203
347,False,0.33779886502045714,1.9605043320108988,"(2, 5, 1, 4, 3, 0)",204
61,False,0.33779886502045714,1.9605043320108988,"(0, 3, 4, 1, 5, 2)",205
87,False,0.3376163133850157,1.9605442074776729,"(0, 4, 3, 2, 5, 1)",206
225,False,0.3376163133850157,1.9605442074776729,"(1, 5, 2, 3, 4, 0)",207
286,False,0.33801368254282027,1.960546375543839,"(2, 1, 5, 4, 0, 3)",208
33,False,0.3372925189627869,1.9605915015334365,"(0, 2, 3, 4, 5, 1)",209
239,False,0.3372925189627869,1.9605915015334365,"(1, 5, 4, 3, 2, 0)",210
70,False,0.33782578063413177,1.960594707922272,"(0, 3, 5, 4, 1, 2)",211
281,False,0.33782578063413177,1.960594707922272,"(2, 1, 4, 5, 3, 0)",212
166,False,0.3379801403319542,1.9606398535385041,"(1, 2, 5, 4, 0, 3)",213
57,False,0.3377719840334783,1.96067675276999,"(0, 3, 2, 4, 5, 1)",214
237,False,0.3377719840334783,1.96067675276999,"(1, 5, 4, 2, 3, 0)",215
161,False,0.337773548682667,1.960688185916937,"(1, 2, 4, 5, 3, 0)",216
71,False,0.3377735486826671,1.9606881859169372,"(0, 3, 5, 4, 2, 1)",217
63,False,0.3376487984930876,1.960691544894096,"(0, 3, 4, 2, 5, 1)",218
227,False,0.3376487984930876,1.960691544894096,"(1, 5, 2, 4, 3, 0)",219
78,False,0.3378645191079033,1.9606962494199411,"(0, 4, 2, 1, 3, 5)",220
192,False,0.3380153002961197,1.9607309806240527,"(1, 4, 0, 2, 3, 5)",221
36,False,0.33755030250435825,1.9607583355998117,"(0, 2, 4, 1, 3, 5)",222
336,False,0.3381845701654219,1.960766356129583,"(2, 5, 0, 1, 3, 4)",223
320,False,0.3378832001847545,1.9607719146148719,"(2, 4, 1, 3, 0, 5)",224
218,False,0.33822386892381195,1.9607957738536155,"(1, 5, 0, 3, 2, 4)",225
350,False,0.3380910318905419,1.96081881633051,"(2, 5, 3, 1, 0, 4)",226
108,False,0.3380496344784598,1.9608390191780816,"(0, 5, 3, 1, 2, 4)",227
258,False,0.33830288047511553,1.9608932471593707,"(2, 0, 5, 1, 3, 4)",228
52,False,0.3379416141943201,1.9609118315890917,"(0, 3, 1, 5, 2, 4)",229
306,False,0.33827314161553856,1.960912478923124,"(2, 3, 5, 0, 1, 4)",230
337,False,0.33821507887842006,1.960931318096707,"(2, 5, 0, 1, 4, 3)",231
194,False,0.33798119698654816,1.9609317840675262,"(1, 4, 0, 3, 2, 5)",232
170,False,0.33805973683916585,1.96094859235569,"(1, 3, 0, 4, 2, 5)",233
80,False,0.33780611390380144,1.9609907877519475,"(0, 4, 2, 3, 1, 5)",234
277,False,0.33831691304335365,1.961037909565599,"(2, 1, 4, 0, 5, 3)",235
344,False,0.3381397530995821,1.9610481799804929,"(2, 5, 1, 3, 0, 4)",236
110,False,0.33789541937103595,1.961052593066547,"(0, 5, 3, 2, 1, 4)",237
38,False,0.3379708866237991,1.9610528739318176,"(0, 2, 4, 3, 1, 5)",238
259,False,0.3383049401131296,1.961058209126495,"(2, 0, 5, 1, 4, 3)",239
104,False,0.33804383152918266,1.9610628655890308,"(0, 5, 2, 3, 1, 4)",240
325,False,0.338327262517112,1.9610668185182059,"(2, 4, 3, 0, 5, 1)",241
219,False,0.33832726251711204,1.961066818518206,"(1, 5, 0, 3, 4, 2)",242
200,False,0.3381171296404232,1.9610789664980028,"(1, 4, 2, 3, 0, 5)",243
206,False,0.3379767746873422,1.961089239020486,"(1, 4, 3, 2, 0, 5)",244
182,False,0.33819261014770075,1.9610981947335047,"(1, 3, 4, 2, 0, 5)",245
321,False,0.3379096689186417,1.9611100638426722,"(2, 4, 1, 3, 5, 0)",246
109,False,0.3379096689186417,1.9611100638426722,"(0, 5, 3, 1, 4, 2)",247
292,False,0.3383852310367417,1.9611270504490004,"(2, 3, 0, 5, 1, 4)",248
157,False,0.3383594263433831,1.9611313875602638,"(1, 2, 4, 0, 5, 3)",249
356,False,0.3380786553511024,1.9611389682892033,"(2, 5, 4, 1, 0, 3)",250
196,False,0.3383481360566959,1.9611709188849134,"(1, 4, 0, 5, 2, 3)",251
178,False,0.3382891573442496,1.9611748851416635,"(1, 3, 2, 5, 0, 4)",252
333,False,0.3380228560864699,1.961182876253682,"(2, 4, 5, 1, 3, 0)",253
53,False,0.33802285608647004,1.9611828762536823,"(0, 3, 1, 5, 4, 2)",254
224,False,0.3381624382711128,1.9612353928636908,"(1, 5, 2, 3, 0, 4)",255
106,False,0.3379177424436447,1.9612367832691728,"(0, 5, 2, 4, 1, 3)",256
34,False,0.33807125006861305,1.9612468731917345,"(0, 2, 3, 5, 1, 4)",257
197,False,0.33838642361937954,1.9612770015823797,"(1, 4, 0, 5, 3, 2)",258
307,False,0.33838642361937954,1.9612770015823797,"(2, 3, 5, 0, 4, 1)",259
58,False,0.3379985515793317,1.961332124428288,"(0, 3, 2, 5, 1, 4)",260
346,False,0.33788603833032915,1.9613604793640407,"(2, 5, 1, 4, 0, 3)",261
210,False,0.3383738788384529,1.9613854904107897,"(1, 4, 5, 0, 2, 3)",262
111,False,0.33809775812710025,1.9614171157258027,"(0, 5, 3, 2, 4, 1)",263
201,False,0.33809775812710025,1.9614171157258027,"(1, 4, 2, 3, 5, 0)",264
207,False,0.33787770831865843,1.9614273882482867,"(1, 4, 3, 2, 5, 0)",265
105,False,0.33787770831865843,1.9614273882482867,"(0, 5, 2, 3, 4, 1)",266
183,False,0.33809397620237114,1.9614363439613047,"(1, 3, 4, 2, 5, 0)",267
107,False,0.33809397620237114,1.9614363439613047,"(0, 5, 2, 4, 3, 1)",268
280,False,0.33828565028167784,1.961450855275414,"(2, 1, 4, 5, 0, 3)",269
293,False,0.3383537508481267,1.961491573108256,"(2, 3, 0, 5, 4, 1)",270
211,False,0.3383537508481267,1.961491573108256,"(1, 4, 5, 0, 3, 2)",271
236,False,0.33827932164907265,1.9615329001231319,"(1, 5, 4, 2, 0, 3)",272
160,False,0.3383136598652018,1.961544333270079,"(1, 2, 4, 5, 0, 3)",273
226,False,0.3382357681939401,1.961547692247238,"(1, 5, 2, 4, 0, 3)",274
249,False,0.33807378208948347,1.9615537315840448,"(2, 0, 3, 4, 5, 1)",275
238,False,0.33807378208948347,1.9615537315840448,"(1, 5, 4, 3, 0, 2)",276
318,False,0.33836340148470667,1.9615577721224795,"(2, 4, 1, 0, 3, 5)",277
35,False,0.33806047663985755,1.9616113958509902,"(0, 2, 3, 5, 4, 1)",278
215,False,0.33806047663985755,1.9616113958509902,"(1, 4, 5, 3, 2, 0)",279
59,False,0.3380164250487904,1.9616966470875437,"(0, 3, 2, 5, 4, 1)",280
213,False,0.3380164250487904,1.9616966470875437,"(1, 4, 5, 2, 3, 0)",281
252,False,0.3383305472389674,1.9617205656504195,"(2, 0, 4, 1, 3, 5)",282
198,False,0.3383444325510508,1.9618648240056098,"(1, 4, 2, 0, 3, 5)",283
348,False,0.338477280130984,1.9618676406866788,"(2, 5, 3, 0, 1, 4)",284
79,False,0.33815984366884655,1.9618905460008833,"(0, 4, 2, 1, 5, 3)",285
193,False,0.33847117178956554,1.9619252772049942,"(1, 4, 0, 2, 5, 3)",286
37,False,0.3383016783377516,1.9619526321807532,"(0, 2, 4, 1, 5, 3)",287
254,False,0.33829010579563773,1.9620151039824263,"(2, 0, 4, 3, 1, 5)",288
66,False,0.33829743136678603,1.962037822395504,"(0, 3, 5, 1, 2, 4)",289
332,False,0.3385060769993834,1.9620390236068241,"(2, 4, 5, 1, 0, 3)",290
354,False,0.33852700493431054,1.962049410941967,"(2, 5, 4, 0, 1, 3)",291
204,False,0.3384878208470387,1.9620758999715675,"(1, 4, 3, 0, 2, 5)",292
180,False,0.338407263554727,1.9620848556845858,"(1, 3, 4, 0, 2, 5)",293
44,False,0.3383219350675928,1.9621764175698997,"(0, 2, 5, 3, 1, 4)",294
250,False,0.33855730923107147,1.962209103242343,"(2, 0, 3, 5, 1, 4)",295
195,False,0.33844809863519937,1.9622321633459343,"(1, 4, 0, 3, 5, 2)",296
349,False,0.33844809863519937,1.9622321633459343,"(2, 5, 3, 0, 4, 1)",297
355,False,0.33854373591856485,1.9622489716340985,"(2, 5, 4, 0, 3, 1)",298
171,False,0.33854373591856485,1.9622489716340985,"(1, 3, 0, 4, 5, 2)",299
68,False,0.33841783744370607,1.9622513962839696,"(0, 3, 5, 2, 1, 4)",300
67,False,0.3384042850129665,1.9623088670600946,"(0, 3, 5, 1, 4, 2)",301
323,False,0.33840428501296654,1.9623088670600948,"(2, 4, 1, 5, 3, 0)",302
46,False,0.33843691523374014,1.9623503352500422,"(0, 2, 5, 4, 1, 3)",303
231,False,0.33837148311903537,1.9623846450250209,"(1, 5, 3, 2, 4, 0)",304
81,False,0.33837148311903537,1.9623846450250209,"(0, 4, 2, 3, 5, 1)",305
233,False,0.3382523457638074,1.962446731204891,"(1, 5, 3, 4, 2, 0)",306
39,False,0.3382523457638074,1.962446731204891,"(0, 2, 4, 3, 5, 1)",307
312,False,0.3385379438556685,1.9624937299382523,"(2, 4, 0, 1, 3, 5)",308
45,False,0.33838483655145246,1.9625409402291556,"(0, 2, 5, 3, 4, 1)",309
209,False,0.33838483655145246,1.9625409402291556,"(1, 4, 3, 5, 2, 0)",310
185,False,0.33826529623808316,1.9625498959421739,"(1, 3, 4, 5, 2, 0)",311
47,False,0.33826529623808316,1.9625498959421739,"(0, 2, 5, 4, 3, 1)",312
212,False,0.33860522037862406,1.9625527944406853,"(1, 4, 5, 2, 0, 3)",313
251,False,0.3385836672336492,1.9625736259015987,"(2, 0, 3, 5, 4, 1)",314
214,False,0.3385836672336492,1.9625736259015987,"(1, 4, 5, 3, 0, 2)",315
203,False,0.33820387792997353,1.962615918943225,"(1, 4, 2, 5, 3, 0)",316
69,False,0.33820387792997353,1.962615918943225,"(0, 3, 5, 2, 4, 1)",317
319,False,0.3389440630472099,1.9627520687034214,"(2, 4, 1, 0, 5, 3)",318
314,False,0.3387371341408318,1.9627882682702589,"(2, 4, 0, 3, 1, 5)",319
172,False,0.3388968007874896,1.9628779822871287,"(1, 3, 0, 5, 2, 4)",320
253,False,0.3386909261737596,1.9629148622313615,"(2, 0, 4, 1, 5, 3)",321
330,False,0.3388067117053143,1.9629494662595879,"(2, 4, 5, 0, 1, 3)",322
338,False,0.3388686716009915,1.9630117565907201,"(2, 5, 0, 3, 1, 4)",323
199,False,0.33886219662936407,1.963059120586552,"(1, 4, 2, 0, 5, 3)",324
230,False,0.33873633272822157,1.9630758304110387,"(1, 5, 3, 2, 0, 4)",325
260,False,0.33887141901851203,1.9631386476205082,"(2, 0, 5, 3, 1, 4)",326
331,False,0.33899624914998966,1.9631490269517191,"(2, 4, 5, 0, 3, 1)",327
173,False,0.3389962491499897,1.9631490269517193,"(1, 3, 0, 5, 4, 2)",328
322,False,0.3388883142838765,1.9631650144132364,"(2, 4, 1, 5, 0, 3)",329
340,False,0.3389339696465602,1.9631856742708629,"(2, 5, 0, 4, 1, 3)",330
82,False,0.33871531497687346,1.963213934363462,"(0, 4, 2, 5, 1, 3)",331
40,False,0.33862051933194515,1.9632760205433317,"(0, 2, 4, 5, 1, 3)",332
262,False,0.3390343600056675,1.9633125653006505,"(2, 0, 5, 4, 1, 3)",333
339,False,0.3389594507113062,1.9633762792499758,"(2, 5, 0, 3, 4, 1)",334
205,False,0.3389594507113062,1.9633762792499758,"(1, 4, 3, 0, 5, 2)",335
181,False,0.3390987360256602,1.9633852349629939,"(1, 3, 4, 0, 5, 2)",336
341,False,0.3390987360256602,1.9633852349629939,"(2, 5, 0, 4, 3, 1)",337
232,False,0.338911107009225,1.9634089612554992,"(1, 5, 3, 4, 0, 2)",338
255,False,0.338911107009225,1.9634089612554992,"(2, 0, 4, 3, 5, 1)",339
83,False,0.33851030490612244,1.9634134950555933,"(0, 4, 2, 5, 3, 1)",340
189,False,0.33851030490612255,1.9634134950555935,"(1, 3, 5, 2, 4, 0)",341
202,False,0.338928238365435,1.9634720662963672,"(1, 4, 2, 5, 0, 3)",342
191,False,0.33873043269030534,1.9634755812354636,"(1, 3, 5, 4, 2, 0)",343
41,False,0.33873043269030534,1.9634755812354636,"(0, 2, 4, 5, 3, 1)",344
208,False,0.33904573231397067,1.9635031702797636,"(1, 4, 3, 5, 0, 2)",345
261,False,0.33904573231397067,1.9635031702797636,"(2, 0, 5, 3, 4, 1)",346
184,False,0.3387562656330394,1.9635121259927824,"(1, 3, 4, 5, 0, 2)",347
263,False,0.3387562656330394,1.9635121259927824,"(2, 0, 5, 4, 3, 1)",348
313,False,0.33913698573763,1.9636880265191943,"(2, 4, 0, 1, 5, 3)",349
228,False,0.3391751908148465,1.9639110808787419,"(1, 5, 3, 0, 2, 4)",350
188,False,0.3391791983806246,1.964104680441611,"(1, 3, 5, 2, 0, 4)",351
315,False,0.33909204871548293,1.964182125543332,"(2, 4, 0, 3, 5, 1)",352
229,False,0.33909204871548304,1.9641821255433323,"(1, 5, 3, 0, 4, 2)",353
256,False,0.33925106835282764,1.9642382505939402,"(2, 0, 4, 5, 1, 3)",354
257,False,0.3391802045134232,1.9644378112860714,"(2, 0, 4, 5, 3, 1)",355
190,False,0.3391802045134232,1.9644378112860714,"(1, 3, 5, 4, 0, 2)",356
186,False,0.33935697153228017,1.964939930909314,"(1, 3, 5, 0, 2, 4)",357
316,False,0.3395541926865747,1.9650114148817726,"(2, 4, 0, 5, 1, 3)",358
317,False,0.33969761541583515,1.9652109755739045,"(2, 4, 0, 5, 3, 1)",359
187,False,0.3396976154158352,1.9652109755739047,"(1, 3, 5, 0, 4, 2)",360
517,False,0.35061822496246453,1.9992743923010259,general_157,361
683,False,0.35061296042214535,1.9993030992187284,general_323,362
718,False,0.3506323134427522,1.9993331679957502,general_358,363
584,False,0.35062082800293837,1.9993460041857463,general_224,364
643,False,0.3506269825448513,1.9993466657986596,general_283,365
396,False,0.3506370757719557,1.9993525741050533,general_36,366
420,False,0.35063735793425577,1.9993546795822135,general_60,367
390,False,0.3506356376763342,1.9993584234877315,general_30,368
627,False,0.3506366557221938,1.999362660589235,general_267,369
653,False,0.3506431021463414,1.9993733876202089,general_293,370
668,False,0.35065528742411495,1.9993786709557535,general_308,371
439,False,0.35063647528830655,1.9993850004339102,general_79,372
655,False,0.35065722044108344,1.999387269769922,general_295,373
404,False,0.35064927299120785,1.9993906781260362,general_44,374
361,False,0.35064365371627426,1.999391133202527,general_1,375
506,False,0.3506420428849821,1.9993914466847693,general_146,376
525,False,0.3506397242013848,1.9993921011554776,general_165,377
630,False,0.35064720762318635,1.9993939412527195,general_270,378
538,False,0.3506503078824458,1.999394247952075,general_178,379
466,False,0.350651163057457,1.9994000088259194,general_106,380
514,False,0.3506491542644411,1.9994052738613792,general_154,381
450,False,0.35065907245929734,1.9994073297304493,general_90,382
532,False,0.3506434208351133,1.9994089014673757,general_172,383
454,False,0.35064118062607397,1.999409318903438,general_94,384
478,False,0.3506377048104646,1.999411646662179,general_118,385
410,False,0.3506598218485911,1.9994137246514883,general_50,386
505,False,0.35065386850075475,1.9994193629069037,general_145,387
467,False,0.35064641090585885,1.9994203603078011,general_107,388
680,False,0.3506588679284854,1.9994208494685026,general_320,389
369,False,0.3506447636090428,1.9994212253493158,general_9,390
619,False,0.35065517033149524,1.9994218034293125,general_259,391
697,False,0.35064748541195084,1.9994255776573588,general_337,392
576,False,0.3506529261569392,1.9994260077862893,general_216,393
595,False,0.3506466549991386,1.9994265029685794,general_235,394
370,False,0.3506573116112484,1.9994289044118507,general_10,395
646,False,0.3506637817235589,1.9994298642608717,general_286,396
425,False,0.3506588675391401,1.9994302198688554,general_65,397
380,False,0.350654237197488,1.9994306006100966,general_20,398
635,False,0.3506590592421337,1.999433771511276,general_275,399
429,False,0.35066046980567367,1.9994363486220466,general_69,400
481,False,0.35065519434122583,1.9994405566380156,general_121,401
484,False,0.35065227096465335,1.9994408904387406,general_124,402
621,False,0.35066881830833996,1.999446095798714,general_261,403
632,False,0.3506603139366721,1.9994488298978357,general_272,404
405,False,0.35065668156647567,1.9994490750746554,general_45,405
421,False,0.3506631971804463,1.99944960455805,general_61,406
701,False,0.35066669487932933,1.9994496803628432,general_341,407
612,False,0.35065350093149605,1.9994503186245005,general_252,408
475,False,0.35066915915554564,1.9994515113099043,general_115,409
591,False,0.350661953885724,1.999452059879054,general_231,410
593,False,0.35065787410389654,1.9994528796727489,general_233,411
376,False,0.35065473906983163,1.999456808523658,general_16,412
511,False,0.3506666142537993,1.9994571511780115,general_151,413
493,False,0.3506601634371006,1.9994602630311809,general_133,414
626,False,0.3506677775583912,1.9994609276224837,general_266,415
558,False,0.3506671055309326,1.9994624122471503,general_198,416
693,False,0.35066541813259744,1.9994630285665904,general_333,417
457,False,0.35066912282575013,1.9994661253952855,general_97,418
550,False,0.3506605232409993,1.999466241453243,general_190,419
495,False,0.35067018241112413,1.9994685295928112,general_135,420
557,False,0.35066575196661154,1.9994798557159723,general_197,421
363,False,0.3506777177456902,1.9994809779076526,general_3,422
534,False,0.35066827994528416,1.9994809927910018,general_174,423
483,False,0.35067607821780133,1.9994820040987817,general_123,424
631,False,0.3506665398227812,1.9994820970781382,general_271,425
432,False,0.3506827130875386,1.9994833074147902,general_72,426
698,False,0.3506687642195991,1.999485309674091,general_338,427
412,False,0.35067231872976845,1.9994869280731433,general_52,428
424,False,0.35067820006800887,1.999487322454664,general_64,429
549,False,0.35066556604771454,1.9994881883733684,general_189,430
639,False,0.35067290327548606,1.9994918030884647,general_279,431
446,False,0.3506775815372433,1.9994937393939352,general_86,432
644,False,0.3506713022621825,1.9994947127845761,general_284,433
375,False,0.35068342325819407,1.9994948855475891,general_15,434
433,False,0.3506747541667113,1.9994956089802627,general_73,435
373,False,0.3506768419229568,1.9994957730020344,general_13,436
441,False,0.35067237889708236,1.9994960627753273,general_81,437
664,False,0.35067133032590114,1.9994966542106114,general_304,438
589,False,0.35066256186492994,1.9994967525414897,general_229,439
656,False,0.35067728719888597,1.9994968607553645,general_296,440
688,False,0.35066786838977143,1.9995001494575222,general_328,441
398,False,0.3506781964122158,1.9995004161436123,general_38,442
465,False,0.35067356592628685,1.9995005659577383,general_105,443
443,False,0.3506873425217015,1.9995014777883058,general_83,444
371,False,0.35067879065909885,1.9995051593420476,general_11,445
543,False,0.35066777698660745,1.9995056894553322,general_183,446
519,False,0.3506641404522558,1.9995070017483334,general_159,447
569,False,0.35067052553466216,1.999507991099965,general_209,448
565,False,0.35067242343434746,1.9995080821983386,general_205,449
388,False,0.35067812344399224,1.9995088067340745,general_28,450
717,False,0.35067951994260604,1.9995105998033764,general_357,451
449,False,0.35067310288840436,1.9995119240059809,general_89,452
498,False,0.35067788627972396,1.9995121485977334,general_138,453
605,False,0.35068008672956497,1.9995129242335972,general_245,454
402,False,0.3506815587488176,1.99951510881001,general_42,455
400,False,0.35067506025407114,1.9995156274913075,general_40,456
426,False,0.35067911284816156,1.9995158854909347,general_66,457
497,False,0.35067894023709784,1.9995166235042074,general_137,458
716,False,0.3506798087844494,1.9995174307351642,general_356,459
541,False,0.350672763084261,1.9995175604312485,general_181,460
674,False,0.3506751394116507,1.9995180682244997,general_314,461
430,False,0.3506798490177962,1.999518422381231,general_70,462
539,False,0.3506765197736871,1.9995185614903466,general_179,463
696,False,0.35067580612628935,1.999521233086287,general_336,464
504,False,0.3506769069250669,1.9995218784110287,general_144,465
562,False,0.35068655525244535,1.999524155210562,general_202,466
431,False,0.3506856646889995,1.9995252393794978,general_71,467
520,False,0.3506871715936993,1.9995280403830953,general_160,468
408,False,0.3506802165380659,1.999528909250853,general_48,469
613,False,0.3506832475803352,1.9995291780230864,general_253,470
490,False,0.3506867159629899,1.9995321125320757,general_130,471
573,False,0.3506906599750285,1.999533196222838,general_213,472
435,False,0.3506834608861966,1.9995334887811262,general_75,473
442,False,0.3506829977706178,1.9995339230873101,general_82,474
397,False,0.3506903687399046,1.9995345253982975,general_37,475
608,False,0.35068223467178655,1.9995397877337115,general_248,476
687,False,0.35067926558079743,1.9995400488779183,general_327,477
719,False,0.3506810830765029,1.9995400719294152,general_359,478
527,False,0.3506755200112655,1.9995406304879215,general_167,479
661,False,0.3506860879174127,1.9995410199373758,general_301,480
547,False,0.35068084113613734,1.9995416314716907,general_187,481
548,False,0.350687048434994,1.999542052966947,general_188,482
645,False,0.35069818251890444,1.9995430147736226,general_285,483
713,False,0.35068742153542337,1.9995432021063915,general_353,484
614,False,0.3506916522448034,1.9995435245946638,general_254,485
640,False,0.35068552728406166,1.999544015581741,general_280,486
571,False,0.35067674304697694,1.9995444719121487,general_211,487
392,False,0.3506798165363815,1.9995468793489937,general_32,488
669,False,0.350686170875645,1.9995475812938441,general_309,489
686,False,0.3506925969688294,1.999549052349204,general_326,490
633,False,0.3506941207900523,1.999550033578758,general_273,491
681,False,0.35068392876239607,1.999550734446657,general_321,492
415,False,0.3506851234858249,1.9995510780371022,general_55,493
617,False,0.35068976847176264,1.9995513693585028,general_257,494
583,False,0.3506863563511091,1.9995516206724882,general_223,495
658,False,0.35069430220360537,1.9995524389535555,general_298,496
510,False,0.3506830264873241,1.9995525238997718,general_150,497
486,False,0.35069196876679576,1.9995526520872697,general_126,498
575,False,0.35069914304605865,1.999553372351173,general_215,499
526,False,0.3506819638013728,1.9995551012403758,general_166,500
628,False,0.3506814600068964,1.9995575011561466,general_268,501
508,False,0.35069481979479356,1.9995601563142156,general_148,502
580,False,0.3507018930984526,1.9995619211076545,general_220,503
476,False,0.35067981447302826,1.9995620093518942,general_116,504
463,False,0.3506874387499228,1.999562644160631,general_103,505
459,False,0.35069369858272714,1.9995626879993398,general_99,506
385,False,0.35068841230496517,1.9995628271734616,general_25,507
391,False,0.35068940675330007,1.9995635952776707,general_31,508
409,False,0.35070058076923477,1.9995639942801653,general_49,509
533,False,0.35068636736034065,1.9995660568478766,general_173,510
416,False,0.35069435222443096,1.999566173446778,general_56,511
479,False,0.3506889211424134,1.9995667653128393,general_119,512
518,False,0.35069683930357215,1.9995673394503548,general_158,513
663,False,0.35069173011462007,1.9995685307039728,general_303,514
489,False,0.35070101565738726,1.999568805997953,general_129,515
473,False,0.35069665920734894,1.9995692224231598,general_113,516
559,False,0.3506883568347766,1.9995692659942463,general_199,517
652,False,0.3506961207811057,1.9995708985591714,general_292,518
624,False,0.3507044980609426,1.9995721326337492,general_264,519
641,False,0.35070171764214075,1.9995722787005732,general_281,520
482,False,0.35069896639482967,1.999572741378179,general_122,521
599,False,0.3506871422413201,1.9995740841670793,general_239,522
714,False,0.35069310746047655,1.999575084871825,general_354,523
622,False,0.3506822505771054,1.999575142828873,general_262,524
570,False,0.3507020311408639,1.999575505994695,general_210,525
503,False,0.3506982668770417,1.9995765800403074,general_143,526
477,False,0.3506960472517946,1.9995770548905742,general_117,527
574,False,0.3506970999904369,1.9995775872435704,general_214,528
474,False,0.3506997788517343,1.9995778411846288,general_114,529
414,False,0.35070469814732624,1.999578313508083,general_54,530
706,False,0.3507044833736095,1.9995785341817276,general_346,531
662,False,0.3507065302003195,1.9995819940237525,general_302,532
690,False,0.35070079741400306,1.999582255318414,general_330,533
491,False,0.3506971355426372,1.9995834338668985,general_131,534
382,False,0.35069600183137617,1.999585496813989,general_22,535
654,False,0.3506914700782269,1.999585612358862,general_294,536
444,False,0.35069967988859135,1.9995867875054822,general_84,537
365,False,0.3506989327391029,1.999588741241938,general_5,538
406,False,0.3507047548382778,1.9995895091013736,general_46,539
679,False,0.35068834299849977,1.999589770752529,general_319,540
540,False,0.35071675925186313,1.9995899995993336,general_180,541
610,False,0.3506985938716379,1.9995901685618405,general_250,542
642,False,0.35069966164223365,1.9995902674684178,general_282,543
393,False,0.3506996540786,1.9995903272281317,general_33,544
692,False,0.350694211307755,1.9995916721904392,general_332,545
399,False,0.35069611337510054,1.9995918376551176,general_39,546
650,False,0.35070338215081365,1.9995928171987163,general_290,547
561,False,0.350704649316896,1.9995932793451565,general_201,548
389,False,0.35069704510152344,1.9995936632829534,general_29,549
581,False,0.3507065413796495,1.9995938955362709,general_221,550
670,False,0.3507047451686803,1.9995942293001414,general_310,551
666,False,0.3507043227499016,1.999595162688861,general_306,552
552,False,0.35070445753710355,1.9995957528256345,general_192,553
516,False,0.35069869301697026,1.9995972592426914,general_156,554
609,False,0.35070061298169786,1.9995973224906267,general_249,555
638,False,0.3506918984379112,1.999597650293907,general_278,556
675,False,0.3507049223270873,1.9995984957974988,general_315,557
600,False,0.3507002178582975,1.9995986121677294,general_240,558
594,False,0.35070369267045837,1.99959866394222,general_234,559
366,False,0.35069863794591843,1.9995999126397757,general_6,560
437,False,0.3507139262394345,1.9996004986103917,general_77,561
582,False,0.3507008857144949,1.9996006397908226,general_222,562
611,False,0.3506961476664026,1.9996039252989297,general_251,563
682,False,0.35071475430323434,1.9996040483565989,general_322,564
529,False,0.3506982073524587,1.9996046620937338,general_169,565
702,False,0.35069889216184846,1.999604796859244,general_342,566
620,False,0.3507051056711378,1.9996056294219127,general_260,567
500,False,0.35071406799721394,1.999605932144332,general_140,568
712,False,0.3507083231714829,1.999606482972823,general_352,569
460,False,0.35070384011482986,1.9996080603700843,general_100,570
676,False,0.3507077031715704,1.9996082390398164,general_316,571
403,False,0.3507076487515596,1.9996094817078611,general_43,572
501,False,0.35070648412930183,1.9996118346406295,general_141,573
542,False,0.35070375569384493,1.9996120718025245,general_182,574
427,False,0.3507073951618215,1.9996125431842973,general_67,575
588,False,0.3507037153919912,1.9996127219511006,general_228,576
673,False,0.35070581501514764,1.9996129140660452,general_313,577
496,False,0.3507161476281133,1.9996145703433412,general_136,578
387,False,0.35070394411198236,1.99961596173635,general_27,579
615,False,0.3507103258453621,1.9996159910918763,general_255,580
623,False,0.3507132076690088,1.9996176904914995,general_263,581
364,False,0.35069555530495844,1.9996177368327959,general_4,582
407,False,0.35070545935412833,1.9996178517111753,general_47,583
492,False,0.3507028611258403,1.9996181776911017,general_132,584
667,False,0.35070999282812926,1.9996187684849986,general_307,585
649,False,0.3507028445574119,1.9996189680885899,general_289,586
401,False,0.35069933659046415,1.999619526184217,general_41,587
419,False,0.3507060405437131,1.9996198604709055,general_59,588
509,False,0.35070286613943114,1.999620017870334,general_149,589
684,False,0.35071273483418464,1.9996215473402865,general_324,590
472,False,0.3507098136070322,1.9996245452868546,general_112,591
715,False,0.35071163600491573,1.9996247636714515,general_355,592
531,False,0.3507092643126797,1.999625134415659,general_171,593
368,False,0.35069521888425803,1.9996251989162677,general_8,594
440,False,0.35071183569498554,1.9996264360916334,general_80,595
423,False,0.3507072335594039,1.9996274800103173,general_63,596
603,False,0.350717135243141,1.9996283360276408,general_243,597
616,False,0.3507182497837068,1.99962872140091,general_256,598
434,False,0.3507116905409235,1.999629104417606,general_74,599
657,False,0.35070687166767645,1.9996299930750354,general_297,600
606,False,0.3507136222873771,1.9996303122555206,general_246,601
546,False,0.35071326915047185,1.9996335802748566,general_186,602
566,False,0.35070671452517704,1.9996355632718412,general_206,603
378,False,0.35071809812924426,1.9996359589087767,general_18,604
471,False,0.3507166447864819,1.9996398791954844,general_111,605
530,False,0.3507235936897183,1.9996403742807505,general_170,606
555,False,0.3507109587366952,1.9996406278620305,general_195,607
512,False,0.3507151034866087,1.9996408477576024,general_152,608
544,False,0.35070879470365535,1.9996411748582237,general_184,609
455,False,0.35071294390421215,1.9996417607871826,general_95,610
395,False,0.350715470849711,1.999642951398244,general_35,611
689,False,0.3507118141958187,1.9996431145188107,general_329,612
417,False,0.350715098337217,1.999644541724488,general_57,613
651,False,0.3507251832165056,1.9996451865295692,general_291,614
695,False,0.350722626382574,1.9996456369359705,general_335,615
535,False,0.3507198214175963,1.9996461025302465,general_175,616
461,False,0.35071396124063364,1.9996479989892468,general_101,617
545,False,0.35070706180812794,1.9996485073575174,general_185,618
553,False,0.3507085837541889,1.9996507797923606,general_193,619
456,False,0.3507089056322431,1.999651557362806,general_96,620
711,False,0.3507004454928668,1.9996518805706351,general_351,621
703,False,0.35071165452162745,1.9996525492421744,general_343,622
629,False,0.35071584490787755,1.9996526957628735,general_269,623
590,False,0.3507177746360759,1.9996536578865343,general_230,624
507,False,0.35072721297961473,1.9996537328337771,general_147,625
499,False,0.3507270901579056,1.9996543083000633,general_139,626
462,False,0.3507191722301659,1.9996545434478832,general_102,627
572,False,0.350721074213822,1.9996547926587094,general_212,628
563,False,0.3507197264195177,1.9996555683187296,general_203,629
394,False,0.35071405099052716,1.9996578078650107,general_34,630
384,False,0.3507225976134839,1.9996596339013373,general_24,631
551,False,0.3507162056672552,1.9996602025616932,general_191,632
678,False,0.35071181012373837,1.9996613708844866,general_318,633
448,False,0.35071871276735067,1.9996616908889067,general_88,634
524,False,0.3507171485545462,1.9996624127017806,general_164,635
502,False,0.3507175936503573,1.9996625190474056,general_142,636
438,False,0.3507277367540309,1.9996627353160137,general_78,637
601,False,0.35071416169916275,1.9996638889370204,general_241,638
515,False,0.3507169359958726,1.9996643071162652,general_155,639
470,False,0.3507064334180451,1.9996651720980887,general_110,640
699,False,0.3507135112797882,1.999665457710271,general_339,641
567,False,0.3507284675215451,1.9996665805920588,general_207,642
665,False,0.35072707805886494,1.9996670247040522,general_305,643
377,False,0.3507117305462369,1.9996693361317623,general_17,644
418,False,0.35071364277067385,1.9996709649481121,general_58,645
528,False,0.35072326820177774,1.9996742688479887,general_168,646
660,False,0.35072151687239783,1.9996748159314537,general_300,647
372,False,0.350719907885475,1.999675699369908,general_12,648
411,False,0.35072252161118084,1.9996758657769436,general_51,649
469,False,0.35073066709361306,1.9996759378935434,general_109,650
596,False,0.35073211261569,1.9996761466540038,general_236,651
672,False,0.350712383648583,1.9996765585242378,general_312,652
707,False,0.350726451459991,1.9996766159344608,general_347,653
488,False,0.3507175932871269,1.9996767020922384,general_128,654
604,False,0.35072371688958176,1.9996767184491986,general_244,655
685,False,0.3507235312518566,1.9996768071166997,general_325,656
468,False,0.3507212092646671,1.9996778134137934,general_108,657
677,False,0.350719005805679,1.9996778704975946,general_317,658
521,False,0.3507257332863119,1.9996785203814227,general_161,659
709,False,0.3507269643892263,1.999678548788467,general_349,660
452,False,0.3507295987221125,1.9996790513717027,general_92,661
428,False,0.3507216143787005,1.9996798195668604,general_68,662
374,False,0.3507204852186744,1.9996816264308084,general_14,663
556,False,0.3507234532229592,1.9996817961022246,general_196,664
586,False,0.3507275178796596,1.9996821063695553,general_226,665
694,False,0.35072740942269276,1.999683506306411,general_334,666
480,False,0.3507205501439522,1.9996840523376753,general_120,667
422,False,0.35072600786639846,1.9996846386790483,general_62,668
451,False,0.3507270187902394,1.9996861130202523,general_91,669
445,False,0.35072009317151653,1.999689993350756,general_85,670
554,False,0.35071478913960674,1.999690152883354,general_194,671
383,False,0.3507202807973864,1.999691442243241,general_23,672
362,False,0.3507297238612669,1.9996917769411486,general_2,673
413,False,0.3507353479797326,1.9996923289844897,general_53,674
578,False,0.3507215005192883,1.999693295927078,general_218,675
568,False,0.35072718158674693,1.9996938983333712,general_208,676
577,False,0.3507247388787652,1.99969398505194,general_217,677
522,False,0.3507300957025428,1.9996942711584829,general_162,678
585,False,0.350735812752534,1.9996950502941322,general_225,679
379,False,0.3507301543290914,1.9996953984991528,general_19,680
708,False,0.3507281608112877,1.999696833099285,general_348,681
598,False,0.3507118388986609,1.9996994948673323,general_238,682
710,False,0.35072959963009476,1.999699953356937,general_350,683
464,False,0.3507367699776882,1.999703787523435,general_104,684
648,False,0.3507275948072893,1.9997083877055788,general_288,685
453,False,0.3507314377476759,1.9997098847932762,general_93,686
513,False,0.35073488935474706,1.999711651613256,general_153,687
704,False,0.35073177731731153,1.9997147171402163,general_344,688
447,False,0.350735655704601,1.999716216609171,general_87,689
367,False,0.35072892778327147,1.9997214324078292,general_7,690
597,False,0.3507346344788984,1.999722009158264,general_237,691
625,False,0.350740088230852,1.999722222921789,general_265,692
386,False,0.35072785908947984,1.999722554813353,general_26,693
636,False,0.3507358409812964,1.9997236172641462,general_276,694
637,False,0.350747354431376,1.9997238334299263,general_277,695
579,False,0.35073901759891907,1.9997256604035072,general_219,696
436,False,0.3507375353056945,1.9997263399031207,general_76,697
671,False,0.3507304424905845,1.9997269950337515,general_311,698
537,False,0.3507353703862798,1.9997271434424155,general_177,699
494,False,0.35073740245151097,1.9997301331513024,general_134,700
487,False,0.35074478480360505,1.999740279170578,general_127,701
618,False,0.3507422359908318,1.999748276274276,general_258,702
659,False,0.35074082887427865,1.9997496375041663,general_299,703
592,False,0.35074211144667444,1.999750189668705,general_232,704
647,False,0.35074725189577094,1.9997503562243146,general_287,705
458,False,0.35073729334578274,1.999767262942997,general_98,706
700,False,0.3507496081394783,1.9997731735566389,general_340,707
564,False,0.35075171656899695,1.9997805857577335,general_204,708
691,False,0.3507480988633725,1.9997823719662804,general_331,709
634,False,0.3507409199266248,1.9997869313578271,general_274,710
381,False,0.3507575409430868,1.9997886410805508,general_21,711
705,False,0.350752293495461,1.9997948102084147,general_345,712
560,False,0.3507581645786824,1.9997977089319796,general_200,713
485,False,0.3507477496530354,1.999819997034201,general_125,714
587,False,0.35077245787110817,1.9998282001636407,general_227,715
536,False,0.3507710222689007,1.9998369064254833,general_176,716
607,False,0.35077011145834025,1.9998404497532554,general_247,717
602,False,0.35076290187179504,1.9998506657540522,general_242,718
523,False,0.3507746442531342,1.9998803097213496,general_163,719
