,is_well_nested,ms,ee,perm,i
0,True,0.36710523531085865,2.0209486724310746,"(0, 1, 2, 3, 4, 5)",0
360,True,0.36710523531085865,2.0209486724310746,general_0,1
1,False,0.3715661477964737,2.0250575505984827,"(0, 1, 2, 3, 5, 4)",2
120,True,0.37393902157139275,2.0258184663400773,"(1, 0, 2, 3, 4, 5)",3
2,True,0.3737794314947424,2.029286656682269,"(0, 1, 2, 4, 3, 5)",4
4,True,0.3753582180482536,2.0293565103931352,"(0, 1, 2, 5, 3, 4)",5
6,False,0.37423662002037245,2.0295831689236934,"(0, 1, 3, 2, 4, 5)",6
121,False,0.3780454572001782,2.0299273445074855,"(1, 0, 2, 3, 5, 4)",7
18,False,0.3768019676916491,2.030709093931158,"(0, 1, 5, 2, 3, 4)",8
24,False,0.3741218392411979,2.0314138654602623,"(0, 2, 1, 3, 4, 5)",9
144,False,0.37989364596824665,2.0314292980088595,"(1, 2, 0, 3, 4, 5)",10
264,True,0.3799513782787835,2.0318177441019385,"(2, 1, 0, 3, 4, 5)",11
96,False,0.3767203249943878,2.032173472898682,"(0, 5, 1, 2, 3, 4)",12
5,True,0.3758960115903658,2.0326733172905156,"(0, 1, 2, 5, 4, 3)",13
294,False,0.3826497685741614,2.032815141123891,"(2, 3, 1, 0, 4, 5)",14
7,False,0.3766361464069382,2.033692047091101,"(0, 1, 3, 2, 5, 4)",15
19,False,0.37817129740414196,2.0340259008285386,"(0, 1, 5, 2, 4, 3)",16
122,True,0.3789018135874074,2.0341564505912713,"(1, 0, 2, 4, 3, 5)",17
124,True,0.3813013553600131,2.0342263043021376,"(1, 0, 2, 5, 3, 4)",18
150,False,0.38255679462531134,2.034371145013801,"(1, 2, 3, 0, 4, 5)",19
126,False,0.37934057202711047,2.034452962832696,"(1, 0, 3, 2, 4, 5)",20
302,False,0.38145650615879245,2.034548506652106,"(2, 3, 4, 1, 0, 5)",21
270,False,0.38335457390101085,2.034759591106881,"(2, 1, 3, 0, 4, 5)",22
22,False,0.3781895412196583,2.0352515727472875,"(0, 1, 5, 4, 2, 3)",23
97,False,0.3797703329657576,2.035490279796063,"(0, 5, 1, 2, 4, 3)",24
25,False,0.37648206163477355,2.0355227436276704,"(0, 2, 1, 3, 5, 4)",25
145,False,0.38323162659350263,2.035538176176267,"(1, 2, 0, 3, 5, 4)",26
138,False,0.383103468010339,2.0355788878401606,"(1, 0, 5, 2, 3, 4)",27
265,False,0.38307276301990534,2.0359266222693466,"(2, 1, 0, 3, 5, 4)",28
296,False,0.3826134668426367,2.0361377701190246,"(2, 3, 1, 4, 0, 5)",29
12,False,0.3776785222475536,2.0362678912523973,"(0, 1, 4, 2, 3, 5)",30
23,False,0.37650242111275467,2.036608638002238,"(0, 1, 5, 4, 3, 2)",31
305,False,0.37650242111275467,2.036608638002238,"(2, 3, 4, 5, 1, 0)",32
240,True,0.3791004176226227,2.0366721054623462,"(2, 0, 1, 3, 4, 5)",33
3,False,0.3766039950827169,2.0367123417470574,"(0, 1, 2, 4, 5, 3)",34
100,False,0.37955787570446303,2.036715951714812,"(0, 5, 1, 4, 2, 3)",35
295,False,0.38520803711336304,2.036924019291299,"(2, 3, 1, 0, 5, 4)",36
125,True,0.38168865631140736,2.0375431111995184,"(1, 0, 2, 5, 4, 3)",37
152,False,0.38192014153138243,2.037693774008935,"(1, 2, 3, 4, 0, 5)",38
101,False,0.37967798253780993,2.038073016969762,"(0, 5, 1, 4, 3, 2)",39
303,False,0.3796779825378101,2.0380730169697623,"(2, 3, 4, 1, 5, 0)",40
272,False,0.38401933437547475,2.0380822201020146,"(2, 1, 3, 4, 0, 5)",41
114,False,0.37996949637994126,2.038305215181731,"(0, 5, 4, 1, 2, 3)",42
14,False,0.3772810987538854,2.038404920962095,"(0, 1, 4, 3, 2, 5)",43
151,False,0.3857885872976849,2.0384800231812097,"(1, 2, 3, 0, 5, 4)",44
127,False,0.38148493359445607,2.038561841000104,"(1, 0, 3, 2, 5, 4)",45
20,False,0.3796867014036791,2.03862112445072,"(0, 1, 5, 3, 2, 4)",46
271,False,0.38644361430566715,2.0388684692742887,"(2, 1, 3, 0, 5, 4)",47
139,False,0.3843800203554487,2.0388956947375414,"(1, 0, 5, 2, 4, 3)",48
288,False,0.3838168356970325,2.039350112421503,"(2, 3, 0, 1, 4, 5)",49
297,False,0.38096984308868465,2.039662280436681,"(2, 3, 1, 4, 5, 0)",50
115,False,0.3809698430886847,2.0396622804366813,"(0, 5, 4, 1, 3, 2)",51
26,False,0.37790763833735397,2.0397518497114566,"(0, 2, 1, 4, 3, 5)",52
146,False,0.3845389260734361,2.039767282260054,"(1, 2, 0, 4, 3, 5)",53
28,False,0.37970497522668184,2.039821703422323,"(0, 2, 1, 5, 3, 4)",54
148,False,0.3870694603488283,2.0398371359709198,"(1, 2, 0, 5, 3, 4)",55
8,False,0.37854612273054444,2.0400581828845867,"(0, 1, 3, 4, 2, 5)",56
98,False,0.3806920962436897,2.040085503418245,"(0, 5, 1, 3, 2, 4)",57
142,False,0.38468964163288455,2.0401213666562903,"(1, 0, 5, 4, 2, 3)",58
266,True,0.3840706706143624,2.0401557283531333,"(2, 1, 0, 4, 3, 5)",59
48,False,0.378389337003183,2.040217862847512,"(0, 3, 1, 2, 4, 5)",60
268,True,0.3863687385229877,2.0402255820639987,"(2, 1, 0, 5, 3, 4)",61
241,False,0.3822870591130467,2.0407809836297544,"(2, 0, 1, 3, 5, 4)",62
16,False,0.37984991379627614,2.040880223779393,"(0, 1, 4, 5, 2, 3)",63
30,False,0.3785746678665094,2.0408906837628167,"(0, 2, 3, 1, 4, 5)",64
300,False,0.3850753329163359,2.0409870984073457,"(2, 3, 4, 0, 1, 5)",65
54,False,0.37797156614740623,2.0410601846574474,"(0, 3, 2, 1, 4, 5)",66
132,False,0.38285256806541934,2.0411376851614005,"(1, 0, 4, 2, 3, 5)",67
153,False,0.3773565709314089,2.0412182843265914,"(1, 2, 3, 4, 5, 0)",68
119,False,0.3773565709314089,2.0412182843265914,"(0, 5, 4, 3, 2, 1)",69
326,False,0.38356968203187775,2.041234865252919,"(2, 4, 3, 1, 0, 5)",70
143,False,0.3827528005978732,2.0414784319112407,"(1, 0, 5, 4, 3, 2)",71
304,False,0.3827528005978732,2.0414784319112407,"(2, 3, 4, 5, 0, 1)",72
123,False,0.38266892913436223,2.0415821356560597,"(1, 0, 2, 4, 5, 3)",73
118,False,0.38042852506273983,2.0416067304196703,"(0, 5, 4, 3, 1, 2)",74
273,False,0.3804285250627399,2.041606730419671,"(2, 1, 3, 4, 5, 0)",75
174,False,0.38532919431246004,2.0416667856041393,"(1, 3, 2, 0, 4, 5)",76
17,False,0.38005145890744924,2.0422372890343437,"(0, 1, 4, 5, 3, 2)",77
311,False,0.38005145890744924,2.0422372890343437,"(2, 3, 5, 4, 1, 0)",78
102,False,0.3823918702554377,2.042846559297348,"(0, 5, 2, 1, 3, 4)",79
29,False,0.37934857619662105,2.0431385103197033,"(0, 2, 1, 5, 4, 3)",80
149,False,0.38742409080022233,2.0431539428682997,"(1, 2, 0, 5, 4, 3)",81
134,False,0.3828913230011377,2.0432747148710977,"(1, 0, 4, 3, 2, 5)",82
329,False,0.38064810906762303,2.043294996603051,"(2, 4, 3, 5, 1, 0)",83
21,False,0.38064810906762303,2.043294996603051,"(0, 1, 5, 3, 4, 2)",84
72,False,0.3798862073431169,2.0433709740857524,"(0, 4, 1, 2, 3, 5)",85
289,False,0.38595292567536654,2.0434589905889116,"(2, 3, 0, 1, 5, 4)",86
216,False,0.3869071961511461,2.0434818585629246,"(1, 5, 0, 2, 3, 4)",87
140,False,0.3857605698234789,2.0434909183597236,"(1, 0, 5, 3, 2, 4)",88
269,True,0.3860781481384612,2.043542388961379,"(2, 1, 0, 5, 4, 3)",89
13,False,0.3798843450382381,2.043693576317186,"(0, 1, 4, 2, 5, 3)",90
90,False,0.3810541582905807,2.0439439190475617,"(0, 4, 5, 1, 2, 3)",91
49,False,0.3809649792609018,2.0443267410149195,"(0, 3, 1, 2, 5, 4)",92
327,False,0.3825774416194656,2.0447593755705746,"(2, 4, 3, 1, 5, 0)",93
99,False,0.3825774416194656,2.0447593755705746,"(0, 5, 1, 3, 4, 2)",94
128,False,0.3840381585631066,2.0449279767935895,"(1, 0, 3, 4, 2, 5)",95
176,False,0.3851313226237264,2.0449894145992724,"(1, 3, 2, 4, 0, 5)",96
31,False,0.38058648472200857,2.044999561930225,"(0, 2, 3, 1, 5, 4)",97
242,True,0.3835150113974606,2.04501008971354,"(2, 0, 1, 4, 3, 5)",98
244,True,0.3848719338625615,2.0450799434244065,"(2, 0, 1, 5, 3, 4)",99
55,False,0.37982597382574224,2.045169062824855,"(0, 3, 2, 1, 5, 4)",100
299,False,0.3825167258125722,2.045300984302512,"(2, 3, 1, 5, 4, 0)",101
91,False,0.3825167258125722,2.045300984302512,"(0, 4, 5, 1, 3, 2)",102
74,False,0.38131715978144054,2.04550800379545,"(0, 4, 1, 3, 2, 5)",103
136,False,0.3857838857060151,2.0457500176883956,"(1, 0, 4, 5, 2, 3)",104
175,False,0.38812642144169635,2.045775663771547,"(1, 3, 2, 0, 5, 4)",105
298,False,0.3874190352032021,2.045885352152264,"(2, 3, 1, 5, 0, 4)",106
10,False,0.3810656325067785,2.0459030374053158,"(0, 1, 3, 5, 2, 4)",107
246,False,0.3830914340035071,2.0461489237649007,"(2, 0, 3, 1, 4, 5)",108
158,False,0.38612906631551747,2.0461594158266503,"(1, 2, 4, 3, 0, 5)",109
103,False,0.3830139498073776,2.046163366194728,"(0, 5, 2, 1, 4, 3)",110
278,False,0.38580541357768044,2.04654786191973,"(2, 1, 4, 3, 0, 5)",111
217,False,0.3892496951182106,2.0467986654603054,"(1, 5, 0, 2, 4, 3)",112
155,False,0.38159848133895313,2.046856988192422,"(1, 2, 3, 5, 4, 0)",113
95,False,0.38159848133895313,2.046856988192422,"(0, 4, 5, 3, 2, 1)",114
86,False,0.379554639244224,2.0469312988768538,"(0, 4, 3, 2, 1, 5)",115
310,False,0.3860227639010291,2.047107082943346,"(2, 3, 5, 4, 0, 1)",116
137,False,0.3860227639010291,2.047107082943346,"(1, 0, 4, 5, 3, 2)",117
27,False,0.38114112800886485,2.047177534776245,"(0, 2, 1, 4, 5, 3)",118
15,False,0.38168887895552184,2.0471876712818338,"(0, 1, 4, 3, 5, 2)",119
353,False,0.38168887895552184,2.0471876712818338,"(2, 5, 3, 4, 1, 0)",120
147,False,0.3877388635560358,2.0471929673248415,"(1, 2, 0, 4, 5, 3)",121
94,False,0.3827750937818455,2.0472454342855015,"(0, 4, 5, 3, 1, 2)",122
275,False,0.3827750937818455,2.0472454342855015,"(2, 1, 3, 5, 4, 0)",123
168,False,0.38583686874186335,2.047359435091815,"(1, 3, 0, 2, 4, 5)",124
154,False,0.3873776567789115,2.047441356042174,"(1, 2, 3, 5, 0, 4)",125
116,False,0.3832577516158907,2.047545305755057,"(0, 5, 4, 2, 1, 3)",126
267,False,0.38731823602966053,2.0475814134179213,"(2, 1, 0, 4, 5, 3)",127
84,False,0.382427019186553,2.0476450920873726,"(0, 4, 3, 1, 2, 5)",128
324,False,0.3873924513079766,2.047673457008159,"(2, 4, 3, 0, 1, 5)",129
274,False,0.3884794404922545,2.0478298021352535,"(2, 1, 3, 5, 0, 4)",130
76,False,0.38267687991723104,2.047983306612748,"(0, 4, 1, 5, 2, 3)",131
220,False,0.38920134091401354,2.0480243373790543,"(1, 5, 0, 4, 2, 3)",132
328,False,0.3868437625382616,2.048164790512054,"(2, 4, 3, 5, 0, 1)",133
141,False,0.3868437625382616,2.048164790512054,"(1, 0, 5, 3, 4, 2)",134
245,True,0.3848179615885777,2.0483967503217864,"(2, 0, 1, 5, 4, 3)",135
177,False,0.3830192294383937,2.0485139249169286,"(1, 3, 2, 4, 5, 0)",136
117,False,0.38301922943839367,2.0485139249169286,"(0, 5, 4, 2, 3, 1)",137
133,False,0.3859312399845526,2.048563370226189,"(1, 0, 4, 2, 5, 3)",138
359,False,0.38070976111498955,2.0488409332043247,"(2, 5, 4, 3, 1, 0)",139
9,False,0.38070976111498955,2.0488409332043247,"(0, 1, 3, 4, 5, 2)",140
162,False,0.3909291945842517,2.04895545883297,"(1, 2, 5, 0, 3, 4)",141
290,False,0.3871146728247966,2.049111333171877,"(2, 3, 0, 4, 1, 5)",142
77,False,0.38330804719969425,2.0493403718676984,"(0, 4, 1, 5, 3, 2)",143
309,False,0.38330804719969436,2.0493403718676984,"(2, 3, 5, 1, 4, 0)",144
282,False,0.39133499451041653,2.0493439049260496,"(2, 1, 5, 0, 3, 4)",145
221,False,0.3896991963078616,2.0493814026340047,"(1, 5, 0, 4, 3, 2)",146
301,False,0.3896991963078617,2.0493814026340047,"(2, 3, 4, 0, 5, 1)",147
113,False,0.3834151259953817,2.049683926144307,"(0, 5, 3, 4, 2, 1)",148
159,False,0.3834151259953817,2.049683926144307,"(1, 2, 4, 3, 5, 0)",149
308,False,0.38775635636123795,2.04992473971745,"(2, 3, 5, 1, 0, 4)",150
112,False,0.38412320838146996,2.0500723722373864,"(0, 5, 3, 4, 1, 2)",151
279,False,0.38412320838146996,2.0500723722373864,"(2, 1, 4, 3, 5, 0)",152
108,False,0.38481235836173844,2.0501404087028794,"(0, 5, 3, 1, 2, 4)",153
247,False,0.38571948192845995,2.0502578019323083,"(2, 0, 3, 1, 5, 4)",154
62,False,0.3829223056349489,2.050462909967317,"(0, 3, 4, 2, 1, 5)",155
335,False,0.38268627260051497,2.050576909557646,"(2, 4, 5, 3, 1, 0)",156
11,False,0.38268627260051497,2.050576909557646,"(0, 1, 3, 5, 4, 2)",157
32,False,0.3813113059736151,2.05065190451319,"(0, 2, 3, 4, 1, 5)",158
50,False,0.38108878050604594,2.0506928768084034,"(0, 3, 1, 4, 2, 5)",159
130,False,0.3869896613423779,2.050772831314319,"(1, 0, 3, 5, 2, 4)",160
73,False,0.38410016262908203,2.0507966591505413,"(0, 4, 1, 2, 5, 3)",161
56,False,0.3822720670112966,2.050821405407821,"(0, 3, 2, 4, 1, 5)",162
156,False,0.38888148012858376,2.051174771082711,"(1, 2, 4, 0, 3, 5)",163
60,False,0.38291378668258025,2.051176703177836,"(0, 3, 4, 1, 2, 5)",164
222,False,0.38934053422409554,2.0512475978869524,"(1, 5, 2, 0, 3, 4)",165
320,False,0.38702743434340403,2.0512897705375535,"(2, 4, 1, 3, 0, 5)",166
218,False,0.3906376276363442,2.051393889082487,"(1, 5, 0, 3, 2, 4)",167
169,False,0.3886288078195256,2.0514683132592233,"(1, 3, 0, 2, 5, 4)",168
276,False,0.3893576031170326,2.0515632171757905,"(2, 1, 4, 0, 3, 5)",169
110,False,0.3839077499252965,2.0516584092656713,"(0, 5, 3, 2, 1, 4)",170
42,False,0.3840651036142041,2.0518473733590126,"(0, 2, 5, 1, 3, 4)",171
78,False,0.38373144061615516,2.051867348592279,"(0, 4, 2, 1, 3, 5)",172
135,False,0.387233024750733,2.0520574651908365,"(1, 0, 4, 3, 5, 2)",173
352,False,0.3872330247507331,2.0520574651908365,"(2, 5, 3, 4, 0, 1)",174
163,False,0.3924292138143194,2.05227226573035,"(1, 2, 5, 0, 4, 3)",175
104,False,0.38547185000145234,2.0522765903797024,"(0, 5, 2, 3, 1, 4)",176
342,False,0.3901751060646934,2.05234983719055,"(2, 5, 1, 0, 3, 4)",177
200,False,0.38774934180791987,2.0524193250072664,"(1, 4, 2, 3, 0, 5)",178
243,False,0.3862784722157411,2.0524357747783286,"(2, 0, 1, 4, 5, 3)",179
283,False,0.3921096437041982,2.05266071182343,"(2, 1, 5, 0, 4, 3)",180
192,False,0.38897579959548756,2.0530084260107975,"(1, 4, 0, 2, 3, 5)",181
89,False,0.38452617902343866,2.0530334640495305,"(0, 4, 3, 5, 2, 1)",182
165,False,0.3845261790234388,2.0530334640495305,"(1, 2, 5, 3, 4, 0)",183
206,False,0.3865258593714789,2.053037506121297,"(1, 4, 3, 2, 0, 5)",184
92,False,0.385411585349309,2.053184009620889,"(0, 4, 5, 2, 1, 3)",185
80,False,0.38344430340291996,2.053290585091459,"(0, 4, 2, 3, 1, 5)",186
88,False,0.38512889135606343,2.0534219101426103,"(0, 4, 3, 5, 1, 2)",187
285,False,0.38512889135606343,2.0534219101426103,"(2, 1, 5, 3, 4, 0)",188
164,False,0.3891878214826998,2.0536178318992824,"(1, 2, 5, 3, 0, 4)",189
358,False,0.3861687689701171,2.0537107271133266,"(2, 5, 4, 3, 0, 1)",190
129,False,0.38616876897011754,2.053710727113328,"(1, 0, 3, 4, 5, 2)",191
284,False,0.3892063605476073,2.054006277992362,"(2, 1, 5, 3, 0, 4)",192
182,False,0.38844827568893087,2.054073237531019,"(1, 3, 4, 2, 0, 5)",193
93,False,0.3848867371730753,2.0541526287827594,"(0, 4, 5, 2, 3, 1)",194
179,False,0.3848867371730754,2.0541526287827594,"(1, 3, 2, 5, 4, 0)",195
351,False,0.3843205767709238,2.054290754115189,"(2, 5, 3, 1, 4, 0)",196
75,False,0.3843205767709238,2.054290754115189,"(0, 4, 1, 3, 5, 2)",197
223,False,0.39104005100648526,2.0545644047843328,"(1, 5, 2, 0, 4, 3)",198
306,False,0.39211160696130754,2.0546923977334925,"(2, 3, 5, 0, 1, 4)",199
178,False,0.3907187112661712,2.0547369966325117,"(1, 3, 2, 5, 0, 4)",200
109,False,0.38512672718939356,2.0548142808552097,"(0, 5, 3, 1, 4, 2)",201
321,False,0.38512672718939356,2.0548142808552097,"(2, 4, 1, 3, 5, 0)",202
350,False,0.38867237928096315,2.0548751219649404,"(2, 5, 3, 1, 0, 4)",203
194,False,0.3894293237895249,2.0551454557204956,"(1, 4, 0, 3, 2, 5)",204
43,False,0.3852134037807861,2.0551641802563934,"(0, 2, 5, 1, 4, 3)",205
36,False,0.38267581651127425,2.055229458788112,"(0, 2, 4, 1, 3, 5)",206
336,False,0.39152769922988795,2.05525718426519,"(2, 5, 0, 1, 3, 4)",207
225,False,0.3843148804806069,2.0553256031035128,"(1, 5, 2, 3, 4, 0)",208
87,False,0.3843148804806069,2.0553256031035128,"(0, 4, 3, 2, 5, 1)",209
131,False,0.3884497170262423,2.0554467034666493,"(1, 0, 3, 5, 4, 2)",210
334,False,0.3884497170262428,2.05544670346665,"(2, 4, 5, 3, 0, 1)",211
343,False,0.39164243369537277,2.055666644087931,"(2, 5, 1, 0, 4, 3)",212
224,False,0.38886479660582596,2.055909970953264,"(1, 5, 2, 3, 0, 4)",213
248,False,0.38771789086453845,2.0559101445152743,"(2, 0, 3, 4, 1, 5)",214
201,False,0.38591286817488224,2.055943835324922,"(1, 4, 2, 3, 5, 0)",215
111,False,0.38591286817488224,2.055943835324922,"(0, 5, 3, 2, 4, 1)",216
219,False,0.39216487140499623,2.056067761234818,"(1, 5, 0, 3, 4, 2)",217
325,False,0.39216487140499623,2.056067761234818,"(2, 4, 3, 0, 5, 1)",218
234,False,0.39112603755292463,2.056148572143586,"(1, 5, 4, 0, 2, 3)",219
318,False,0.39066168434666804,2.056305125793614,"(2, 4, 1, 0, 3, 5)",220
345,False,0.3856096221161426,2.0564278424071105,"(2, 5, 1, 3, 4, 0)",221
85,False,0.3856096221161426,2.0564278424071105,"(0, 4, 3, 1, 5, 2)",222
52,False,0.38565293065220035,2.0565377313291346,"(0, 3, 1, 5, 2, 4)",223
105,False,0.3854110296872034,2.0565620164389533,"(0, 5, 2, 3, 4, 1)",224
207,False,0.3854110296872035,2.0565620164389538,"(1, 4, 3, 2, 5, 0)",225
65,False,0.38444489924246894,2.0565650751399938,"(0, 3, 4, 5, 2, 1)",226
167,False,0.38444489924246894,2.0565650751399938,"(1, 2, 5, 4, 3, 0)",227
106,False,0.38587487353067385,2.0566291286868044,"(0, 5, 2, 4, 1, 3)",228
38,False,0.3844790194583779,2.0566526952872914,"(0, 2, 4, 3, 1, 5)",229
64,False,0.38413142322738597,2.0569535212330736,"(0, 3, 4, 5, 1, 2)",230
287,False,0.38413142322738597,2.0569535212330736,"(2, 1, 5, 4, 3, 0)",231
344,False,0.3894303469879996,2.0570122102568624,"(2, 5, 1, 3, 0, 4)",232
258,False,0.39104116974951425,2.057105613361095,"(2, 0, 5, 1, 3, 4)",233
292,False,0.39315959021953906,2.057187981465918,"(2, 3, 0, 5, 1, 4)",234
198,False,0.3906144971999252,2.0574346802633268,"(1, 4, 2, 0, 3, 5)",235
235,False,0.3916222895600389,2.057505637398536,"(1, 5, 4, 0, 3, 2)",236
291,False,0.3916222895600389,2.057505637398536,"(2, 3, 0, 4, 5, 1)",237
107,False,0.3865953390416404,2.0575977478486753,"(0, 5, 2, 4, 3, 1)",238
183,False,0.3865953390416404,2.0575977478486753,"(1, 3, 4, 2, 5, 0)",239
196,False,0.3937173054562106,2.0576207585377935,"(1, 4, 0, 5, 2, 3)",240
170,False,0.3903866433941231,2.057834449052707,"(1, 3, 0, 4, 2, 5)",241
337,False,0.3929475132175168,2.0585739911625702,"(2, 5, 0, 1, 4, 3)",242
157,False,0.39374392397127234,2.0586004561474995,"(1, 2, 4, 0, 5, 3)",243
34,False,0.38574601686889753,2.0587285528072314,"(0, 2, 3, 5, 1, 4)",244
71,False,0.38605100373213874,2.058854241100601,"(0, 3, 5, 4, 2, 1)",245
161,False,0.38605100373213885,2.0588542411006014,"(1, 2, 4, 5, 3, 0)",246
63,False,0.38562207889215705,2.0588572141939765,"(0, 3, 4, 2, 5, 1)",247
227,False,0.38562207889215705,2.0588572141939765,"(1, 5, 2, 4, 3, 0)",248
58,False,0.38594454025118285,2.058898053701862,"(0, 3, 2, 5, 1, 4)",249
307,False,0.3937819782048359,2.0589778237927434,"(2, 3, 5, 0, 4, 1)",250
197,False,0.3937819782048359,2.0589778237927434,"(1, 4, 0, 5, 3, 2)",251
277,False,0.39347162160526167,2.0589889022405785,"(2, 1, 4, 0, 5, 3)",252
33,False,0.38230107295654736,2.0590462087398493,"(0, 2, 3, 4, 5, 1)",253
239,False,0.3823010729565476,2.05904620873985,"(1, 5, 4, 3, 2, 0)",254
57,False,0.38507671313606523,2.0592157096344805,"(0, 3, 2, 4, 5, 1)",255
237,False,0.38507671313606523,2.0592157096344805,"(1, 5, 4, 2, 3, 0)",256
281,False,0.38665062254815374,2.059242687193681,"(2, 1, 4, 5, 3, 0)",257
70,False,0.38665062254815374,2.059242687193681,"(0, 3, 5, 4, 1, 2)",258
79,False,0.38611477905587577,2.0592930336570676,"(0, 4, 2, 1, 5, 3)",259
66,False,0.3867966418047545,2.0593107236591734,"(0, 3, 5, 1, 2, 4)",260
357,False,0.3857040304106134,2.0594756271281422,"(2, 5, 4, 1, 3, 0)",261
51,False,0.3857040304106134,2.0594756271281422,"(0, 3, 1, 4, 5, 2)",262
348,False,0.39227568753907077,2.059642779980983,"(2, 5, 3, 0, 1, 4)",263
61,False,0.386367618391653,2.0599594534975743,"(0, 3, 4, 1, 5, 2)",264
347,False,0.3863676183916532,2.0599594534975747,"(2, 5, 1, 4, 3, 0)",265
210,False,0.39352348247380503,2.060116342270219,"(1, 4, 5, 0, 2, 3)",266
204,False,0.39151132374645914,2.0601898910870555,"(1, 4, 3, 0, 2, 5)",267
312,False,0.3914081264853657,2.060375246047612,"(2, 4, 0, 1, 3, 5)",268
259,False,0.39177716280742786,2.060422420258475,"(2, 0, 5, 1, 4, 3)",269
193,False,0.39295463516000023,2.060434111075586,"(1, 4, 0, 2, 5, 3)",270
166,False,0.39164770704888796,2.060466249887126,"(1, 2, 5, 4, 0, 3)",271
252,False,0.3898029282212671,2.0604876987901948,"(2, 0, 4, 1, 3, 5)",272
68,False,0.38776781505568036,2.060828724221966,"(0, 3, 5, 2, 1, 4)",273
286,False,0.39138722295385514,2.0608546959802054,"(2, 1, 5, 4, 0, 3)",274
333,False,0.3867097794637202,2.061211603481465,"(2, 4, 5, 1, 3, 0)",275
53,False,0.3867097794637202,2.061211603481465,"(0, 3, 1, 5, 4, 2)",276
180,False,0.3923308985257419,2.0612256224967775,"(1, 3, 4, 0, 2, 5)",277
44,False,0.38726359009320727,2.061277404441367,"(0, 2, 5, 3, 1, 4)",278
211,False,0.39424660483245594,2.0614734075251695,"(1, 4, 5, 0, 3, 2)",279
293,False,0.39424660483245594,2.0614734075251695,"(2, 3, 0, 5, 4, 1)",280
231,False,0.38687504411253903,2.061684889318118,"(1, 5, 3, 2, 4, 0)",281
81,False,0.38687504411253903,2.061684889318118,"(0, 4, 2, 3, 5, 1)",282
314,False,0.3925301307701289,2.0617984825467914,"(2, 4, 0, 3, 1, 5)",283
254,False,0.38948702779659417,2.061910935289374,"(2, 0, 4, 3, 1, 5)",284
230,False,0.3902412818105079,2.06226925716787,"(1, 5, 3, 2, 0, 4)",285
37,False,0.38739785417047057,2.0626551438529,"(0, 2, 4, 1, 5, 3)",286
160,False,0.3923908089328156,2.0627554158477333,"(1, 2, 4, 5, 0, 3)",287
226,False,0.3909834806351893,2.0627583889411087,"(1, 5, 2, 4, 0, 3)",288
35,False,0.3862937067937246,2.0630139788664827,"(0, 2, 3, 5, 4, 1)",289
215,False,0.38629370679372477,2.063013978866483,"(1, 4, 5, 3, 2, 0)",290
236,False,0.3904050739350441,2.0631168843816123,"(1, 5, 4, 2, 0, 3)",291
280,False,0.39286383464376345,2.063143861940813,"(2, 1, 4, 5, 0, 3)",292
59,False,0.38695241604849295,2.0631834797611135,"(0, 3, 2, 5, 4, 1)",293
213,False,0.38695241604849295,2.0631834797611135,"(1, 4, 5, 2, 3, 0)",294
356,False,0.3908321458888431,2.0633768018752754,"(2, 5, 4, 1, 0, 3)",295
172,False,0.39548507183672754,2.063679303573438,"(1, 3, 0, 5, 2, 4)",296
319,False,0.39493637360586403,2.0637308108584023,"(2, 4, 1, 0, 5, 3)",297
346,False,0.39028239499201767,2.063860628244706,"(2, 5, 1, 4, 0, 3)",298
349,False,0.39327250479213655,2.0639282060402344,"(2, 5, 3, 0, 4, 1)",299
195,False,0.39327250479213655,2.0639282060402344,"(1, 4, 0, 3, 5, 2)",300
323,False,0.3883477984776727,2.0639845958115046,"(2, 4, 1, 5, 3, 0)",301
67,False,0.3883477984776727,2.0639845958115046,"(0, 3, 5, 1, 4, 2)",302
250,False,0.39179560390978807,2.0639867928093154,"(2, 0, 3, 5, 1, 4)",303
238,False,0.38961962714073184,2.064304448741932,"(1, 5, 4, 3, 0, 2)",304
249,False,0.3896196271407322,2.0643044487419333,"(2, 0, 3, 4, 5, 1)",305
338,False,0.3949875378193143,2.0646872153475426,"(2, 5, 0, 3, 1, 4)",306
199,False,0.3950736590280835,2.064860365328115,"(1, 4, 2, 0, 5, 3)",307
39,False,0.38692818535136686,2.0650469995139504,"(0, 2, 4, 3, 5, 1)",308
233,False,0.38692818535136686,2.0650469995139504,"(1, 5, 3, 4, 2, 0)",309
332,False,0.3916419695083351,2.0651127782285963,"(2, 4, 5, 1, 0, 3)",310
203,False,0.3873156085926371,2.0651141502812167,"(1, 4, 2, 5, 3, 0)",311
69,False,0.3873156085926371,2.0651141502812167,"(0, 3, 5, 2, 4, 1)",312
228,False,0.3946084415642542,2.0655189146211197,"(1, 5, 3, 0, 2, 4)",313
209,False,0.3884091936144461,2.0655628305006175,"(1, 4, 3, 5, 2, 0)",314
45,False,0.3884091936144465,2.0655628305006184,"(0, 2, 5, 3, 4, 1)",315
46,False,0.38872232649159405,2.065629942748469,"(0, 2, 5, 4, 1, 3)",316
354,False,0.39436370237239265,2.0656485802105746,"(2, 5, 4, 0, 1, 3)",317
82,False,0.38944889845510783,2.0657197716926023,"(0, 4, 2, 5, 1, 3)",318
260,False,0.3936544449891235,2.0665356444434497,"(2, 0, 5, 3, 1, 4)",319
185,False,0.38769399007767763,2.0665985619103386,"(1, 3, 4, 5, 2, 0)",320
47,False,0.387693990077678,2.06659856191034,"(0, 2, 5, 4, 3, 1)",321
171,False,0.39506162063791556,2.0666171993724456,"(1, 3, 0, 4, 5, 2)",322
355,False,0.3950616206379155,2.0666171993724456,"(2, 5, 4, 0, 3, 1)",323
189,False,0.38803935802453965,2.0666883908544733,"(1, 3, 5, 2, 4, 0)",324
83,False,0.38803935802453965,2.0666883908544733,"(0, 4, 2, 5, 3, 1)",325
212,False,0.39247182754977716,2.0670846545082457,"(1, 4, 5, 2, 0, 3)",326
188,False,0.3939272929122085,2.0672727587042248,"(1, 3, 5, 2, 0, 4)",327
330,False,0.39560632538041346,2.0673845565638986,"(2, 4, 5, 0, 1, 3)",328
313,False,0.39565718347111856,2.0678009311124006,"(2, 4, 0, 1, 5, 3)",329
322,False,0.39426504820699004,2.067885770558636,"(2, 4, 1, 5, 0, 3)",330
253,False,0.3922261004029891,2.067913383854983,"(2, 0, 4, 1, 5, 3)",331
214,False,0.3927314452795656,2.0682722188685654,"(1, 4, 5, 3, 0, 2)",332
251,False,0.392731445279566,2.0682722188685663,"(2, 0, 3, 5, 4, 1)",333
331,False,0.3968618967107804,2.0683531757257683,"(2, 4, 5, 0, 3, 1)",334
173,False,0.39686189671078054,2.0683531757257687,"(1, 3, 0, 5, 4, 2)",335
205,False,0.3966034019269962,2.0689726414067944,"(1, 4, 3, 0, 5, 2)",336
339,False,0.3966034019269962,2.0689726414067944,"(2, 5, 0, 3, 4, 1)",337
202,False,0.3945257968820113,2.069015325028349,"(1, 4, 2, 5, 0, 3)",338
340,False,0.39648049823781184,2.0690397536546454,"(2, 5, 0, 4, 1, 3)",339
40,False,0.38857722954861296,2.069081881888435,"(0, 2, 4, 5, 1, 3)",340
341,False,0.39761996855102893,2.070008372816516,"(2, 5, 0, 4, 3, 1)",341
181,False,0.397619968551029,2.070008372816516,"(1, 3, 4, 0, 5, 2)",342
41,False,0.38943342608868275,2.0700505010503054,"(0, 2, 4, 5, 3, 1)",343
191,False,0.3894334260886828,2.070050501050306,"(1, 3, 5, 4, 2, 0)",344
229,False,0.39542371468367454,2.0701927867734504,"(1, 5, 3, 0, 4, 2)",345
315,False,0.39542371468367443,2.0701927867734504,"(2, 4, 0, 3, 5, 1)",346
232,False,0.3936234427036363,2.070305239516033,"(1, 5, 3, 4, 0, 2)",347
255,False,0.3936234427036362,2.070305239516033,"(2, 0, 4, 3, 5, 1)",348
186,False,0.3969288208683521,2.070522416157475,"(1, 3, 5, 0, 2, 4)",349
208,False,0.3950839345427152,2.0708210705027,"(1, 4, 3, 5, 0, 2)",350
261,False,0.3950839345427155,2.070821070502701,"(2, 0, 5, 3, 4, 1)",351
262,False,0.3955542945333738,2.0708881827505516,"(2, 0, 5, 4, 1, 3)",352
184,False,0.39413240125064797,2.0718568019124213,"(1, 3, 4, 5, 0, 2)",353
263,False,0.3941324012506483,2.071856801912422,"(2, 0, 5, 4, 3, 1)",354
316,False,0.3990049875349445,2.074227669147935,"(2, 4, 0, 5, 1, 3)",355
256,False,0.3957392397286982,2.0743401218905166,"(2, 0, 4, 5, 1, 3)",356
187,False,0.3995736522231248,2.0751962883098054,"(1, 3, 5, 0, 4, 2)",357
317,False,0.3995736522231247,2.0751962883098054,"(2, 4, 0, 5, 3, 1)",358
257,False,0.3956963465115099,2.075308741052388,"(2, 0, 4, 5, 3, 1)",359
190,False,0.39569634651151,2.075308741052388,"(1, 3, 5, 4, 0, 2)",360
555,False,0.47803256773943986,2.3066934330422226,general_195,361
620,False,0.47826191573295046,2.3070347861216423,general_260,362
682,False,0.4783158084500705,2.3070739908961437,general_322,363
495,False,0.4782802820606901,2.307213005361051,general_135,364
681,False,0.4781660213118746,2.3072603046669053,general_321,365
679,False,0.4782447988467312,2.3073084407323066,general_319,366
621,False,0.47845695295073287,2.3073828900057185,general_261,367
550,False,0.4783081060504945,2.3073860233640375,general_190,368
710,False,0.4783304932547841,2.3074103328928195,general_350,369
589,False,0.4783705806896299,2.307446257385265,general_229,370
616,False,0.4784619623044742,2.307504167216032,general_256,371
449,False,0.47846212606468586,2.307612346552304,general_89,372
598,False,0.47839066581276524,2.307617528567059,general_238,373
387,False,0.47834253317869135,2.307645781321095,general_27,374
442,False,0.4783999805792376,2.307697465137717,general_82,375
700,False,0.4784730211845649,2.307708003781232,general_340,376
692,False,0.4784302128851682,2.30773245249887,general_332,377
542,False,0.4784227627504407,2.30773776687048,general_182,378
467,False,0.478476193125835,2.307748838222392,general_107,379
627,False,0.47848133698210127,2.307748949925176,general_267,380
514,False,0.4784925617795164,2.3077566469759505,general_154,381
642,False,0.4784260835667985,2.307809325653171,general_282,382
402,False,0.4785037880596103,2.307817899909134,general_42,383
607,False,0.47836787921819435,2.3078289646478014,general_247,384
411,False,0.47852097820990136,2.3078413422010757,general_51,385
409,False,0.47837098584058174,2.307869132439543,general_49,386
465,False,0.47861915275038375,2.3079213045849487,general_105,387
486,False,0.4784205791652041,2.3079426345651592,general_126,388
719,False,0.478504793957753,2.307972615192498,general_359,389
574,False,0.47840714621049385,2.3079916614053078,general_214,390
699,False,0.4784589507701229,2.308045468033656,general_339,391
706,False,0.47859357090204496,2.3080526294289667,general_346,392
601,False,0.47857274838616387,2.3080855218764755,general_241,393
678,False,0.47855741039299304,2.30810523912719,general_318,394
511,False,0.4785285068306441,2.3081360341107695,general_151,395
374,False,0.47868345747149293,2.3081449771572924,general_14,396
403,False,0.4785898500455136,2.3081815854677217,general_43,397
439,False,0.47852584062198555,2.3081901572279753,general_79,398
666,False,0.4786463002233896,2.3081929516127317,general_306,399
405,False,0.47870091836539946,2.3082101106300397,general_45,400
399,False,0.47865863908321454,2.308221353011403,general_39,401
478,False,0.4785705732993002,2.3082253330337394,general_118,402
591,False,0.47855394228136616,2.308239560731525,general_231,403
522,False,0.4785791165741235,2.308244824336903,general_162,404
654,False,0.47859625000654565,2.308251846513226,general_294,405
528,False,0.47878030303593144,2.30827472426558,general_168,406
420,False,0.47867544821754404,2.3083368760790575,general_60,407
400,False,0.4786109269642205,2.3083508379388045,general_40,408
443,False,0.47874538881236545,2.308370582176737,general_83,409
381,False,0.4786244880440929,2.3083880242168604,general_21,410
599,False,0.4784909949380815,2.3083924961531053,general_239,411
520,False,0.478803476863624,2.3083985444304123,general_160,412
365,False,0.47856035488053106,2.3084089509230017,general_5,413
461,False,0.4786625157547346,2.3084134676437937,general_101,414
665,False,0.47863542943295995,2.308416334361551,general_305,415
604,False,0.47874741193517245,2.308425078992025,general_244,416
507,False,0.4786414552718664,2.3084293763277053,general_147,417
638,False,0.47861651015631745,2.30844855058138,general_278,418
431,False,0.47864808555419525,2.3084494932137574,general_71,419
513,False,0.4784647250708153,2.3084810781061136,general_153,420
612,False,0.478712232295615,2.308481714058625,general_252,421
398,False,0.4785484023270461,2.308486008181162,general_38,422
421,False,0.47858289712714436,2.3084863089478205,general_61,423
512,False,0.4785276365820513,2.3085488945803547,general_152,424
440,False,0.4786637544699009,2.308549111119211,general_80,425
391,False,0.478732888264498,2.308555929118045,general_31,426
494,False,0.4786837524882852,2.308568954074009,general_134,427
516,False,0.4786977354458873,2.308581535949356,general_156,428
504,False,0.4788072370895938,2.3086270356487137,general_144,429
422,False,0.478821163558521,2.3086315917687057,general_62,430
531,False,0.47877940914028544,2.30864303686616,general_171,431
704,False,0.47882245427012954,2.308643705050549,general_344,432
613,False,0.47878341098547567,2.3086471814760623,general_253,433
484,False,0.478681327322726,2.308655859427972,general_124,434
668,False,0.4787091589212391,2.3086602337591127,general_308,435
393,False,0.47864714210026527,2.308660892604335,general_33,436
653,False,0.47888212487602105,2.308662187032959,general_293,437
606,False,0.478710660632666,2.308668937440793,general_246,438
661,False,0.4787166587704601,2.3086748935752057,general_301,439
428,False,0.47869856459745475,2.3086819437225836,general_68,440
369,False,0.47885168447960297,2.3086860606916195,general_9,441
538,False,0.47881213717391913,2.308687896247287,general_178,442
683,False,0.4789352207734049,2.3086975554517677,general_323,443
575,False,0.47867785564514975,2.3086992110085127,general_215,444
435,False,0.47868290223501847,2.3086997488047523,general_75,445
483,False,0.47868939462134774,2.308703377860932,general_123,446
383,False,0.4787727976546313,2.308719399318403,general_23,447
595,False,0.47873948789437504,2.308730730051782,general_235,448
526,False,0.4788904500191026,2.3087431493375616,general_166,449
572,False,0.4788764642291536,2.308752701249686,general_212,450
430,False,0.47889870997917017,2.308764590146549,general_70,451
600,False,0.47885872808244856,2.30877355956221,general_240,452
577,False,0.47862658653179646,2.3087736776441776,general_217,453
677,False,0.47882546609233434,2.3087770392517113,general_317,454
530,False,0.4788004328321854,2.3087804866473736,general_170,455
378,False,0.4788247073782947,2.3087868772134796,general_18,456
590,False,0.4788871713317892,2.30879744103048,general_230,457
624,False,0.4786973515314346,2.308812241073483,general_264,458
578,False,0.4787691690236631,2.30881261582244,general_218,459
506,False,0.47872614445342265,2.3088167349211997,general_146,460
452,False,0.47871437961163776,2.308828462032152,general_92,461
610,False,0.47880917891528785,2.308834656041588,general_250,462
392,False,0.4786338605048945,2.308845766570767,general_32,463
718,False,0.4788869051810881,2.3088467857592656,general_358,464
379,False,0.478809686154862,2.308849425002882,general_19,465
371,False,0.47873131722388845,2.3088599538455767,general_11,466
660,False,0.47881225766957025,2.308867718665013,general_300,467
594,False,0.4787591564156933,2.3088696063173684,general_234,468
462,False,0.47881168938896423,2.3088708219718646,general_102,469
711,False,0.47891755041526507,2.3088725326141386,general_351,470
475,False,0.4789001987943029,2.30887319691834,general_115,471
434,False,0.4787218265345784,2.308881617801903,general_74,472
565,False,0.47892501997661224,2.3088903186826393,general_205,473
631,False,0.4788967573807352,2.3088952766590216,general_271,474
557,False,0.47881114981362577,2.30890087910547,general_197,475
457,False,0.478925642990087,2.3089192878056926,general_97,476
626,False,0.4788528938793678,2.3089235581688783,general_266,477
643,False,0.4788163473541061,2.3089289170439002,general_283,478
543,False,0.4789566909216438,2.3089332081795426,general_183,479
503,False,0.47881060884247867,2.3089415101044386,general_143,480
623,False,0.4788486606446989,2.308942709481756,general_263,481
406,False,0.47873406008035324,2.308955768628519,general_46,482
480,False,0.47872651291474616,2.308965124182886,general_120,483
688,False,0.47888739910042966,2.308976362734529,general_328,484
488,False,0.47884228188482425,2.3089776121269154,general_128,485
696,False,0.4787914529761802,2.3089907245578822,general_336,486
464,False,0.4788270724460949,2.308990777174567,general_104,487
552,False,0.4788637849960958,2.3089976919999593,general_192,488
458,False,0.47881764946737604,2.3089988081243193,general_98,489
532,False,0.478782256852351,2.3090112835088608,general_172,490
676,False,0.4788685266853419,2.309012319923915,general_316,491
576,False,0.47872267011091996,2.3090153832966074,general_216,492
541,False,0.4789530981055312,2.3090186837774738,general_181,493
529,False,0.4789917303090686,2.3090312574359295,general_169,494
579,False,0.47868152110651163,2.3090317798422246,general_219,495
373,False,0.4787747382377053,2.3090373457455504,general_13,496
388,False,0.47890282789818295,2.309042725298742,general_28,497
427,False,0.47880170231219277,2.309044510245509,general_67,498
448,False,0.4788936617130439,2.309052575697094,general_88,499
527,False,0.4789315112941196,2.3090538239559435,general_167,500
482,False,0.47882477193933143,2.309060179544221,general_122,501
566,False,0.47884869819377784,2.309065830322393,general_206,502
645,False,0.478736528080685,2.3090676176160887,general_285,503
689,False,0.4787823102851574,2.3090684247978572,general_329,504
641,False,0.47893362116888594,2.3090736674476853,general_281,505
586,False,0.4788467884953162,2.30908035733791,general_226,506
453,False,0.4788199391166823,2.309083934366944,general_93,507
474,False,0.47882236238911324,2.3091032220526415,general_114,508
471,False,0.4787834818723956,2.3091087990978725,general_111,509
362,False,0.47897297801567124,2.3091221072928763,general_2,510
417,False,0.47882818858792764,2.3091280504297247,general_57,511
446,False,0.47880783495234625,2.3091356043776736,general_86,512
563,False,0.4788410549128759,2.3091356443791384,general_203,513
386,False,0.4788759226430774,2.309141846348766,general_26,514
493,False,0.47885528503663427,2.3091431515975316,general_133,515
363,False,0.478905753682011,2.3091484340419277,general_3,516
582,False,0.4789928119229153,2.309156495436725,general_222,517
525,False,0.4787984464924158,2.3091615280778237,general_165,518
470,False,0.4788680087272433,2.3091835909859437,general_110,519
456,False,0.4789210045919138,2.309184268648531,general_96,520
568,False,0.4788377752612832,2.3091984630420006,general_208,521
370,False,0.4787532145186456,2.3092065695786337,general_10,522
662,False,0.47903314346005843,2.3092109728481516,general_302,523
663,False,0.47881186131768244,2.3092112171314776,general_303,524
639,False,0.4789548659719603,2.309214575598606,general_279,525
549,False,0.47883193090021803,2.3092156102513344,general_189,526
593,False,0.47884210572698815,2.309217147558323,general_233,527
647,False,0.479023133157167,2.3092339357525167,general_287,528
426,False,0.4788901398060573,2.309237536830231,general_66,529
554,False,0.4789131392738945,2.3092448690490075,general_194,530
535,False,0.47897977523656726,2.309247587524239,general_175,531
382,False,0.47882777111539976,2.309248230606884,general_22,532
477,False,0.47883480750582297,2.3092688268653876,general_117,533
664,False,0.47887849266720955,2.309274237403799,general_304,534
694,False,0.478807288308814,2.3092749000684782,general_334,535
570,False,0.47896072230651304,2.3092786322941063,general_210,536
687,False,0.47905927929805914,2.309281097839253,general_327,537
438,False,0.47895312008564384,2.309282397058607,general_78,538
502,False,0.47899013011695496,2.3092854400029776,general_142,539
560,False,0.47886367199132573,2.309292523512852,general_200,540
441,False,0.4789488247146513,2.3092935246226505,general_81,541
651,False,0.47885039500392607,2.30930444884087,general_291,542
716,False,0.47900503117006266,2.3093076748533794,general_356,543
416,False,0.4789268033919328,2.309313391536366,general_56,544
401,False,0.4790054837719493,2.3093167316769794,general_41,545
571,False,0.4788864565583555,2.309323697117464,general_211,546
556,False,0.4790051506831069,2.309332911826708,general_196,547
519,False,0.47886411642427207,2.309334103492925,general_159,548
534,False,0.4790383702679263,2.3093418667840067,general_174,549
510,False,0.478918925802106,2.3093420037382923,general_150,550
655,False,0.4788959275833201,2.309345686825693,general_295,551
667,False,0.47888883930435056,2.309361716131062,general_307,552
408,False,0.4790105422728288,2.3093641230153152,general_48,553
509,False,0.4789804432742619,2.3093753061955447,general_149,554
672,False,0.47882147724488444,2.309384159359377,general_312,555
394,False,0.47887382894277336,2.309390714064121,general_34,556
609,False,0.4788536199816825,2.309392844513644,general_249,557
364,False,0.47890124412202334,2.309396622702167,general_4,558
523,False,0.4789786413678581,2.309398197495131,general_163,559
425,False,0.4789273566313235,2.3094141190494124,general_65,560
673,False,0.4789143443627383,2.3094210746560444,general_313,561
632,False,0.47891481501585087,2.3094215409917975,general_272,562
583,False,0.4789584160171155,2.309421729675525,general_223,563
714,False,0.47901904990584304,2.309446664981026,general_354,564
423,False,0.4788883913292332,2.3094615754542627,general_63,565
713,False,0.47890412193253373,2.309462075678167,general_353,566
608,False,0.4790295948630614,2.30946243059598,general_248,567
717,False,0.4788328703741728,2.3094654254404228,general_357,568
573,False,0.4789941655367319,2.30947069589714,general_213,569
501,False,0.4790558280899506,2.30947461103106,general_141,570
553,False,0.478983110426088,2.3094798802889978,general_193,571
637,False,0.4790459067882346,2.3095007332917508,general_277,572
397,False,0.4789348126589952,2.3095052938758984,general_37,573
587,False,0.47906584693294285,2.3095072491141044,general_227,574
499,False,0.47896381413863864,2.309513516002797,general_139,575
680,False,0.4790006743899917,2.3095191281299714,general_320,576
444,False,0.4790505617078491,2.309522110201189,general_84,577
634,False,0.479119980077942,2.3095231259529836,general_274,578
596,False,0.47908793972379954,2.3095354740353145,general_236,579
546,False,0.47910595652716936,2.309545184920471,general_186,580
569,False,0.47901877583166746,2.309545668569232,general_209,581
372,False,0.47901478361721994,2.3095662415028873,general_12,582
473,False,0.47902326629703385,2.309568190413321,general_113,583
485,False,0.478915125232739,2.3095828048459888,general_125,584
537,False,0.47901948094757996,2.3095869245646594,general_177,585
539,False,0.47894973000471536,2.3095903051542166,general_179,586
404,False,0.4791071236830405,2.3095967449719828,general_44,587
715,False,0.47889016359884307,2.3095988058463157,general_355,588
674,False,0.47914921527416693,2.309602872750967,general_314,589
490,False,0.4790313160124739,2.309613496319913,general_130,590
712,False,0.479015182007003,2.309617269926008,general_352,591
413,False,0.47892845253651767,2.309617937971975,general_53,592
368,False,0.47889539045086904,2.3096227975851735,general_8,593
492,False,0.4789467233639749,2.309624014537658,general_132,594
463,False,0.47903941932124405,2.309633489044023,general_103,595
671,False,0.47905571970261457,2.309653729051856,general_311,596
617,False,0.4790080334840502,2.3096547136508443,general_257,597
433,False,0.4791822116323516,2.309655351492026,general_73,598
640,False,0.4790044190466075,2.309657928942493,general_280,599
454,False,0.47904223244232996,2.309662057126516,general_94,600
459,False,0.4791566987832043,2.3096704217372133,general_99,601
656,False,0.47915585446973963,2.309671239702471,general_296,602
605,False,0.4790154692051344,2.3096729854923312,general_245,603
436,False,0.4790768939409158,2.309673793660335,general_76,604
415,False,0.4787262951721211,2.3096917714023357,general_55,605
669,False,0.47920062647600625,2.3097107290305097,general_309,606
629,False,0.4791546914920007,2.3097215819805648,general_269,607
630,False,0.4790753299765792,2.3097386409560574,general_270,608
693,False,0.47908271745773223,2.309742797185368,general_333,609
559,False,0.4791441596819099,2.309753623381267,general_199,610
497,False,0.47896526688586993,2.3097714821282698,general_137,611
690,False,0.47910383515933713,2.3097725546244883,general_330,612
561,False,0.47908300358127615,2.309780194358889,general_201,613
418,False,0.4791904475135961,2.3097819218325464,general_58,614
652,False,0.47911953048108946,2.309785566545566,general_292,615
622,False,0.4790079087820943,2.309788976530903,general_262,616
703,False,0.4791110424844812,2.309802030836524,general_343,617
517,False,0.47902467436191504,2.309803239050908,general_157,618
580,False,0.47920237816786004,2.3098045381904573,general_220,619
361,False,0.4791539422690388,2.3098108954494205,general_1,620
396,False,0.4790287833494442,2.309829144523482,general_36,621
695,False,0.47920044030675735,2.309830166211631,general_335,622
614,False,0.4791845998199805,2.309839169127276,general_254,623
385,False,0.47902899572995183,2.309841256627309,general_25,624
432,False,0.47928355375048076,2.3098453432327055,general_72,625
450,False,0.4789955571334432,2.3098476440550284,general_90,626
635,False,0.47885751805619403,2.309852507533532,general_275,627
472,False,0.4789385821485988,2.3098531941315867,general_112,628
648,False,0.47916144878775035,2.309856573680877,general_288,629
588,False,0.4791116066192033,2.309876809097876,general_228,630
424,False,0.47919206726455466,2.3098784714454217,general_64,631
633,False,0.47911802008641624,2.3098792379651405,general_273,632
419,False,0.47927300850143983,2.3098833435883694,general_59,633
584,False,0.4790863236444554,2.309884062801662,general_224,634
686,False,0.4791653710862432,2.3098843497345016,general_326,635
437,False,0.479213276437473,2.3098861001085433,general_77,636
412,False,0.4792402940254583,2.309893219382281,general_52,637
581,False,0.4790914554546511,2.3098937515991897,general_221,638
597,False,0.4790754022194714,2.3098948736605767,general_237,639
551,False,0.47902479449876345,2.3098971789745537,general_191,640
451,False,0.47912030046965426,2.309906377803631,general_91,641
691,False,0.4790817806333827,2.309909176775135,general_331,642
603,False,0.47909914300347456,2.309919134913079,general_243,643
611,False,0.47924775706003697,2.3099298717975154,general_251,644
670,False,0.47918679831642075,2.309945464721675,general_310,645
697,False,0.4790565602053621,2.309955886341406,general_337,646
521,False,0.47914622374774524,2.309970665314447,general_161,647
533,False,0.4790817927139676,2.309983509995516,general_173,648
558,False,0.4790351713899801,2.309997128163465,general_198,649
476,False,0.4790741584462539,2.3100026999910406,general_116,650
489,False,0.4791790426278616,2.310013292446772,general_129,651
545,False,0.4792076307075704,2.3100161686359275,general_185,652
707,False,0.47927073529134623,2.3100219848171477,general_347,653
496,False,0.47909428224498785,2.310022349275102,general_136,654
487,False,0.47910058229264807,2.3100295501440744,general_127,655
447,False,0.4793207066730427,2.310054603653408,general_87,656
491,False,0.4792171238831079,2.3100607191576894,general_131,657
657,False,0.47908904045679684,2.310061962810998,general_297,658
367,False,0.4790983681733228,2.310062016981072,general_7,659
548,False,0.47912603041309226,2.3100695414480965,general_188,660
498,False,0.479308477171018,2.310105623052797,general_138,661
698,False,0.4791165847490525,2.310117640587356,general_338,662
410,False,0.4793049146655747,2.3101230844984393,general_50,663
536,False,0.479170042742406,2.310128610915749,general_176,664
705,False,0.4791148437200092,2.310129478157542,general_345,665
377,False,0.47918759224626395,2.310131265229187,general_17,666
380,False,0.47909595946552724,2.3101541157748953,general_20,667
562,False,0.4792891943591962,2.310172760140381,general_202,668
650,False,0.4791385433266776,2.3101810429526637,general_290,669
460,False,0.4791790763236977,2.310181598774169,general_100,670
684,False,0.47928957838671227,2.310191181151756,general_324,671
429,False,0.4792361088504432,2.310193567692869,general_69,672
544,False,0.4792417027355452,2.3102019459296703,general_184,673
547,False,0.47914398313921575,2.3102058607968834,general_187,674
508,False,0.47927884389073755,2.310218253483967,general_148,675
389,False,0.4791171984302979,2.310224731591334,general_29,676
649,False,0.4791779728152035,2.310241647320577,general_289,677
567,False,0.4793111014520452,2.310249245869004,general_207,678
505,False,0.4792953285928454,2.3102597432774643,general_145,679
619,False,0.47926321354508494,2.3102636069377627,general_259,680
625,False,0.47918860795770146,2.3102706671010353,general_265,681
395,False,0.47926258633633534,2.3102958596424505,general_35,682
540,False,0.4792179122078166,2.3103161816239517,general_180,683
455,False,0.479185544289146,2.31033148333351,general_95,684
675,False,0.4793084897667558,2.3103414182039352,general_315,685
445,False,0.47900805221633935,2.3103457793027653,general_85,686
685,False,0.4793552907767474,2.310349447772793,general_325,687
602,False,0.4792913725615586,2.3103535758920444,general_242,688
709,False,0.47926968594934777,2.3103619133180606,general_349,689
618,False,0.47928362118006923,2.31036858979203,general_258,690
376,False,0.4794050984004305,2.310375398806191,general_16,691
384,False,0.47927271413283973,2.3104186916277683,general_24,692
468,False,0.4792273839262394,2.3104402546752008,general_108,693
658,False,0.47934116922541964,2.3104530234562857,general_298,694
515,False,0.4794331274765692,2.310460916794563,general_155,695
414,False,0.47930608452017703,2.310485590091859,general_54,696
366,False,0.47938500364371495,2.3105486647547675,general_6,697
481,False,0.47935726856014554,2.3105871447232302,general_121,698
644,False,0.4792897524591654,2.310607145823578,general_284,699
390,False,0.47936490412400634,2.3106336781661057,general_30,700
518,False,0.4794277465865786,2.31067207907613,general_158,701
701,False,0.4794945136549423,2.3106812051654337,general_341,702
466,False,0.47943069175920516,2.310684421596166,general_106,703
375,False,0.47936497427350505,2.3107037869501923,general_15,704
500,False,0.4795428323496728,2.3107187296983587,general_140,705
564,False,0.47945681640230076,2.310723444589571,general_204,706
407,False,0.47940393311619767,2.3107823113099255,general_47,707
659,False,0.4793397252678715,2.3107911520022615,general_299,708
469,False,0.4794337783221878,2.310800852673562,general_109,709
592,False,0.47948329699946646,2.310823540874931,general_232,710
702,False,0.4794573284349142,2.3108298705921504,general_342,711
708,False,0.47948277824240604,2.3109056674460886,general_348,712
636,False,0.4793816923940829,2.310979516094969,general_276,713
628,False,0.4794238137295745,2.311018301254337,general_268,714
479,False,0.47947889148611655,2.3110883558473656,general_119,715
585,False,0.4794511491957586,2.311121605699796,general_225,716
524,False,0.4796501904142949,2.3113277247111004,general_164,717
615,False,0.4796758892356301,2.3117121500182236,general_255,718
646,False,0.47967935902535885,2.3120787491160524,general_286,719
