,is_well_nested,ms,ee,perm,i
0,True,0.3358047454657527,1.955571320655684,"(0, 1, 2, 3, 4, 5)",0
120,True,0.33750572011467905,1.956792734387096,"(1, 0, 2, 3, 4, 5)",1
1,False,0.33712001114046364,1.9568922869871206,"(0, 1, 2, 3, 5, 4)",2
121,False,0.3385458917801072,1.9581137007185327,"(1, 0, 2, 3, 5, 4)",3
5,True,0.33780062094204766,1.958233346762346,"(0, 1, 2, 5, 4, 3)",4
264,True,0.3384933319939976,1.9582347982059967,"(2, 1, 0, 3, 4, 5)",5
6,False,0.33794715488552424,1.9583208472183566,"(0, 1, 3, 2, 4, 5)",6
144,False,0.33885507778830753,1.9588728278004297,"(1, 2, 0, 3, 4, 5)",7
24,False,0.3379362366117556,1.9589035225961067,"(0, 2, 1, 3, 4, 5)",8
4,True,0.33821297712994364,1.9591040412095533,"(0, 1, 2, 5, 3, 4)",9
2,True,0.3380438116429546,1.95911742417607,"(0, 1, 2, 4, 3, 5)",10
125,True,0.3388549543146335,1.9594547604937582,"(1, 0, 2, 5, 4, 3)",11
240,True,0.33862110244624866,1.9594869067330858,"(2, 0, 1, 3, 4, 5)",12
23,False,0.33809338823636575,1.9595338866295553,"(0, 1, 5, 4, 3, 2)",13
305,False,0.33809338823636625,1.9595338866295569,"(2, 3, 4, 5, 1, 0)",14
126,False,0.3389281355606917,1.9595422609497688,"(1, 0, 3, 2, 4, 5)",15
265,False,0.33911377559492645,1.9595557645374333,"(2, 1, 0, 3, 5, 4)",16
3,False,0.33827793772429493,1.9595676960602995,"(0, 1, 2, 4, 5, 3)",17
7,False,0.3385037729066386,1.959641813549793,"(0, 1, 3, 2, 5, 4)",18
22,False,0.33877067686522866,1.9596468284163269,"(0, 1, 5, 4, 2, 3)",19
294,False,0.33951493775967856,1.9597657021783905,"(2, 3, 1, 0, 4, 5)",20
145,False,0.33957260175868065,1.9601937941318663,"(1, 2, 0, 3, 5, 4)",21
25,False,0.3384968834042607,1.960224488927543,"(0, 2, 1, 3, 5, 4)",22
124,True,0.3393597353455941,1.9603254549409654,"(1, 0, 2, 5, 3, 4)",23
122,True,0.33904214050661347,1.9603388379074822,"(1, 0, 2, 4, 3, 5)",24
270,False,0.33972001342730945,1.9603753176525625,"(2, 1, 3, 0, 4, 5)",25
19,False,0.338993026027221,1.9605078262385345,"(0, 1, 5, 2, 4, 3)",26
143,False,0.3387466930700687,1.9607553003609677,"(1, 0, 5, 4, 3, 2)",27
304,False,0.33874669307006877,1.960755300360968,"(2, 3, 4, 5, 0, 1)",28
123,False,0.3396242390885959,1.9607891097917118,"(1, 0, 2, 4, 5, 3)",29
241,False,0.33954961009885015,1.9608078730645224,"(2, 0, 1, 3, 5, 4)",30
127,False,0.33919622762149176,1.9608632272812054,"(1, 0, 3, 2, 5, 4)",31
142,False,0.33955731973013176,1.960868242147739,"(1, 0, 5, 4, 2, 3)",32
269,True,0.3391443539550403,1.9608968243126592,"(2, 1, 0, 5, 4, 3)",33
17,False,0.3391042234446593,1.9609746384455378,"(0, 1, 4, 5, 3, 2)",34
311,False,0.33910422344465974,1.960974638445539,"(2, 3, 5, 4, 1, 0)",35
150,False,0.33965399563510845,1.9610133472469948,"(1, 2, 3, 0, 4, 5)",36
295,False,0.3398061021560502,1.9610866685098274,"(2, 3, 1, 0, 5, 4)",37
16,False,0.33900641302540657,1.961087580232309,"(0, 1, 4, 5, 2, 3)",38
288,False,0.3396470463959708,1.9611224233205076,"(2, 3, 0, 1, 4, 5)",39
18,False,0.3390085055924645,1.9613785206857417,"(0, 1, 5, 2, 3, 4)",40
149,False,0.33990952687976694,1.961534853907092,"(1, 2, 0, 5, 4, 3)",41
29,False,0.3389367590795625,1.9615655487027688,"(0, 2, 1, 5, 4, 3)",42
271,False,0.340193122677178,1.9616962839839989,"(2, 1, 3, 0, 5, 4)",43
139,False,0.33997466873079535,1.961729239969947,"(1, 0, 5, 2, 4, 3)",44
268,True,0.3399820203848898,1.9617675187598662,"(2, 1, 0, 5, 3, 4)",45
266,True,0.3397614366467516,1.961780901726383,"(2, 1, 0, 4, 3, 5)",46
48,False,0.33928044970738525,1.9619034488531542,"(0, 3, 1, 2, 4, 5)",47
8,False,0.33928524193703874,1.9619145889958487,"(0, 1, 3, 4, 2, 5)",48
245,True,0.3398025048853,1.9621489328397481,"(2, 0, 1, 5, 4, 3)",49
137,False,0.34011650895415063,1.96219605217695,"(1, 0, 4, 5, 3, 2)",50
310,False,0.34011650895415063,1.96219605217695,"(2, 3, 5, 4, 0, 1)",51
267,False,0.34017569921760915,1.9622311736106124,"(2, 1, 0, 4, 5, 3)",52
9,False,0.33905944254550013,1.9622519190933068,"(0, 1, 3, 4, 5, 2)",53
359,False,0.3390594425455006,1.962251919093308,"(2, 5, 4, 3, 1, 0)",54
136,False,0.34009799702837934,1.9623089939637213,"(1, 0, 4, 5, 2, 3)",55
151,False,0.34015248275922094,1.9623343135784315,"(1, 2, 3, 0, 5, 4)",56
30,False,0.33949311878932453,1.962400763184789,"(0, 2, 3, 1, 4, 5)",57
148,False,0.3403729744414681,1.962405548354299,"(1, 2, 0, 5, 3, 4)",58
115,False,0.33968812834284756,1.9624056657482085,"(0, 5, 4, 1, 3, 2)",59
297,False,0.3396881283428479,1.9624056657482096,"(2, 3, 1, 4, 5, 0)",60
146,False,0.34039586939461935,1.962418931320816,"(1, 2, 0, 4, 3, 5)",61
28,False,0.3396315138837795,1.9624362431499758,"(0, 2, 1, 5, 3, 4)",62
289,False,0.34023178503742707,1.9624433896519444,"(2, 3, 0, 1, 5, 4)",63
26,False,0.33943619205761916,1.9624496261164928,"(0, 2, 1, 4, 3, 5)",64
114,False,0.33956157938866705,1.96251860753498,"(0, 5, 4, 1, 2, 3)",65
101,False,0.3395851927647817,1.9625396257778316,"(0, 5, 1, 4, 3, 2)",66
303,False,0.33958519276478216,1.962539625777833,"(2, 3, 4, 1, 5, 0)",67
138,False,0.33999134192102043,1.9625999344171539,"(1, 0, 5, 2, 3, 4)",68
54,False,0.3391736738289897,1.9626511628791643,"(0, 3, 2, 1, 4, 5)",69
296,False,0.34017656290141596,1.9626517197877293,"(2, 3, 1, 4, 0, 5)",70
100,False,0.3396629199830227,1.9626525675646032,"(0, 5, 1, 4, 2, 3)",71
302,False,0.3400935047452924,1.9627856798173526,"(2, 3, 4, 1, 0, 5)",72
12,False,0.3396759576619718,1.962832655468241,"(0, 1, 4, 2, 3, 5)",73
147,False,0.34055737259174995,1.9628692032050454,"(1, 2, 0, 4, 5, 3)",74
14,False,0.3392904043686136,1.9628802937253467,"(0, 1, 4, 3, 2, 5)",75
27,False,0.3398186564279715,1.9628998980007222,"(0, 2, 1, 4, 5, 3)",76
246,False,0.3397474612974102,1.9629841473217684,"(2, 0, 3, 1, 4, 5)",77
21,False,0.33961145350458055,1.9629845753989181,"(0, 1, 5, 3, 4, 2)",78
329,False,0.339611453504581,1.9629845753989195,"(2, 4, 3, 5, 1, 0)",79
118,False,0.3395327944074119,1.96301528122238,"(0, 5, 4, 3, 1, 2)",80
273,False,0.33953279440741235,1.9630152812223811,"(2, 1, 3, 4, 5, 0)",81
244,True,0.3402432774564936,1.9630196272869551,"(2, 0, 1, 5, 3, 4)",82
242,True,0.34031642366793374,1.9630330102534723,"(2, 0, 1, 4, 3, 5)",83
128,False,0.3403017921783066,1.9631360027272609,"(1, 0, 3, 4, 2, 5)",84
15,False,0.3399406643058711,1.9632176238228052,"(0, 1, 4, 3, 5, 2)",85
353,False,0.33994066430587155,1.9632176238228065,"(2, 5, 3, 4, 1, 0)",86
49,False,0.33983768036575224,1.9632244151845926,"(0, 3, 1, 2, 5, 4)",87
272,False,0.34045296744717807,1.9632613352619008,"(2, 1, 3, 4, 0, 5)",88
13,False,0.33942727544182555,1.9632829273524708,"(0, 1, 4, 2, 5, 3)",89
11,False,0.33999850335118603,1.9634596224854022,"(0, 1, 3, 5, 4, 2)",90
335,False,0.3399985033511864,1.963459622485403,"(2, 4, 5, 3, 1, 0)",91
358,False,0.34010876369050796,1.9634733328247191,"(2, 5, 4, 3, 0, 1)",92
129,False,0.34010876369050796,1.9634733328247191,"(1, 0, 3, 4, 5, 2)",93
243,False,0.3403004126402534,1.9634832821377015,"(2, 0, 1, 4, 5, 3)",94
97,False,0.3400241687516286,1.9635135653868108,"(0, 5, 1, 2, 4, 3)",95
174,False,0.34076313204784403,1.963626160789452,"(1, 3, 2, 0, 4, 5)",96
119,False,0.3388936558037418,1.9636533108168133,"(0, 5, 4, 3, 2, 1)",97
153,False,0.3388936558037422,1.9636533108168144,"(1, 2, 3, 4, 5, 0)",98
31,False,0.33993138623204466,1.9637217295162257,"(0, 2, 3, 1, 5, 4)",99
299,False,0.34023336707587604,1.963844574008452,"(2, 3, 1, 5, 4, 0)",100
91,False,0.34023336707587604,1.9638445740084522,"(0, 4, 5, 1, 3, 2)",101
152,False,0.3400535304090513,1.9638993648563339,"(1, 2, 3, 4, 0, 5)",102
90,False,0.33985115765396157,1.9639575157952225,"(0, 4, 5, 1, 2, 3)",103
20,False,0.3401227098373596,1.9639682116328967,"(0, 1, 5, 3, 2, 4)",104
55,False,0.33961257282098706,1.963972129210601,"(0, 3, 2, 1, 5, 4)",105
132,False,0.34059965299676737,1.9640540691996529,"(1, 0, 4, 2, 3, 5)",106
134,False,0.3401795530638677,1.9641017074567588,"(1, 0, 4, 3, 2, 5)",107
300,False,0.34055714950103827,1.9641329114678596,"(2, 3, 4, 0, 1, 5)",108
328,False,0.34054777534059183,1.9642059891303305,"(2, 4, 3, 5, 0, 1)",109
141,False,0.34054777534059183,1.9642059891303305,"(1, 0, 5, 3, 4, 2)",110
168,False,0.34053160187818204,1.9642351679055594,"(1, 3, 0, 2, 4, 5)",111
247,False,0.3405051740031778,1.9643051136532055,"(2, 0, 3, 1, 5, 4)",112
96,False,0.3396791285016748,1.9643842598340178,"(0, 5, 1, 2, 3, 4)",113
352,False,0.3407082030734186,1.9644390375542158,"(2, 5, 3, 4, 0, 1)",114
135,False,0.340708203073419,1.9644390375542171,"(1, 0, 4, 3, 5, 2)",115
10,False,0.3398846821854967,1.964443258719381,"(0, 1, 3, 5, 2, 4)",116
94,False,0.3402874729398258,1.9644541894826224,"(0, 4, 5, 3, 1, 2)",117
275,False,0.3402874729398262,1.9644541894826237,"(2, 1, 3, 5, 4, 0)",118
133,False,0.34065517093290976,1.9645043410838825,"(1, 0, 4, 2, 5, 3)",119
334,False,0.340820673199763,1.9646810362168143,"(2, 4, 5, 3, 0, 1)",120
131,False,0.3408206731997631,1.9646810362168146,"(1, 0, 3, 5, 4, 2)",121
175,False,0.3411120552424574,1.964947127120889,"(1, 3, 2, 0, 5, 4)",122
95,False,0.34031696294314184,1.9650922190770557,"(0, 4, 5, 3, 2, 1)",123
155,False,0.3403169629431421,1.9650922190770563,"(1, 2, 3, 5, 4, 0)",124
221,False,0.34091538429694823,1.965108271159751,"(1, 5, 0, 4, 3, 2)",125
301,False,0.34091538429694823,1.965108271159751,"(2, 3, 4, 0, 5, 1)",126
140,False,0.3409826940188536,1.9651896253643086,"(1, 0, 5, 3, 2, 4)",127
220,False,0.3410979644248428,1.965221212946522,"(1, 5, 0, 4, 2, 3)",128
290,False,0.34079408400141875,1.9653556725803538,"(2, 3, 0, 4, 1, 5)",129
283,False,0.3411687067213593,1.965375459229207,"(2, 1, 5, 0, 4, 3)",130
298,False,0.34089085460636653,1.9654115943794086,"(2, 3, 1, 5, 0, 4)",131
77,False,0.3404538239288803,1.9654192858540565,"(0, 4, 1, 5, 3, 2)",132
309,False,0.3404538239288807,1.9654192858540578,"(2, 3, 5, 1, 4, 0)",133
50,False,0.3397686505724584,1.9654971906306478,"(0, 3, 1, 4, 2, 5)",134
76,False,0.34016074215485054,1.9655322276408276,"(0, 4, 1, 5, 2, 3)",135
169,False,0.3411192679800665,1.9655561342369963,"(1, 3, 0, 2, 5, 4)",136
130,False,0.34091933096789856,1.965664672450793,"(1, 0, 3, 5, 2, 4)",137
116,False,0.3406371231286243,1.9657410365516084,"(0, 5, 4, 2, 1, 3)",138
51,False,0.3405799764015324,1.9658345207281047,"(0, 3, 1, 4, 5, 2)",139
357,False,0.3405799764015328,1.965834520728106,"(2, 5, 4, 1, 3, 0)",140
64,False,0.34036379462746696,1.9659302591788843,"(0, 3, 4, 5, 1, 2)",141
287,False,0.3403637946274674,1.9659302591788856,"(2, 1, 5, 4, 3, 0)",142
99,False,0.34088076232183684,1.9659903145471944,"(0, 5, 1, 3, 4, 2)",143
327,False,0.34088076232183706,1.9659903145471953,"(2, 4, 3, 1, 5, 0)",144
163,False,0.3417207388195968,1.9660134888236398,"(1, 2, 5, 0, 4, 3)",145
274,False,0.34145029281833705,1.9660212098535805,"(2, 1, 3, 5, 0, 4)",146
217,False,0.34167506992371044,1.9660822107687301,"(1, 5, 0, 2, 4, 3)",147
326,False,0.3412073326408658,1.966236368586715,"(2, 4, 3, 1, 0, 5)",148
282,False,0.34173447996968787,1.966246153676414,"(2, 1, 5, 0, 3, 4)",149
117,False,0.34068638743036334,1.9662661243592703,"(0, 5, 4, 2, 3, 1)",150
177,False,0.34068638743036367,1.9662661243592712,"(1, 3, 2, 4, 5, 0)",151
235,False,0.34170147150024266,1.966331032272245,"(1, 5, 4, 0, 3, 2)",152
291,False,0.34170147150024266,1.966331032272245,"(2, 3, 0, 4, 5, 1)",153
234,False,0.34175647025390765,1.966443974059016,"(1, 5, 4, 0, 2, 3)",154
176,False,0.34123050952849715,1.9665121783987907,"(1, 3, 2, 4, 0, 5)",155
356,False,0.341304587689875,1.9665308466518554,"(2, 5, 4, 1, 0, 3)",156
65,False,0.3406330318208162,1.966568288773317,"(0, 3, 4, 5, 2, 1)",157
167,False,0.3406330318208166,1.9665682887733182,"(1, 2, 5, 4, 3, 0)",158
112,False,0.34098907508786847,1.9665684897514728,"(0, 5, 3, 4, 1, 2)",159
279,False,0.3409890750878689,1.9665684897514741,"(2, 1, 4, 3, 5, 0)",160
286,False,0.3415532570270244,1.9666265851026352,"(2, 1, 5, 4, 0, 3)",161
32,False,0.34067356190150744,1.9666340124446349,"(0, 2, 3, 4, 1, 5)",162
154,False,0.3413875937140577,1.9666592394480134,"(1, 2, 3, 5, 0, 4)",163
88,False,0.3411593887953965,1.966792304952605,"(0, 4, 3, 5, 1, 2)",164
285,False,0.3411593887953969,1.9667923049526064,"(2, 1, 5, 3, 4, 0)",165
278,False,0.34150828646710785,1.9668145437909943,"(2, 1, 4, 3, 0, 5)",166
103,False,0.34100418103780744,1.966842941132524,"(0, 5, 2, 1, 4, 3)",167
162,False,0.3418352999867433,1.9668841832708468,"(1, 2, 5, 0, 3, 4)",168
56,False,0.3409517068397468,1.9668844121390099,"(0, 3, 2, 4, 1, 5)",169
216,False,0.3416311607544969,1.966952905215937,"(1, 5, 0, 2, 3, 4)",170
98,False,0.3408458597131303,1.9669739507811723,"(0, 5, 1, 3, 2, 4)",171
308,False,0.34164020152413277,1.9669863062250141,"(2, 3, 5, 1, 0, 4)",172
343,False,0.34183908438199334,1.9670088291323027,"(2, 5, 1, 0, 4, 3)",173
53,False,0.34105254716824784,1.9670422241202,"(0, 3, 1, 5, 4, 2)",174
333,False,0.3410525471682483,1.9670422241202012,"(2, 4, 5, 1, 3, 0)",175
70,False,0.34130364149299214,1.967145352237995,"(0, 3, 5, 4, 1, 2)",176
281,False,0.34130364149299247,1.967145352237996,"(2, 1, 4, 5, 3, 0)",177
43,False,0.34097245998020037,1.96716940392467,"(0, 2, 5, 1, 4, 3)",178
92,False,0.34127870577397457,1.9671799448118523,"(0, 4, 5, 2, 1, 3)",179
113,False,0.34093603016266416,1.9672065193459063,"(0, 5, 3, 4, 2, 1)",180
159,False,0.3409360301626645,1.9672065193459072,"(1, 2, 4, 3, 5, 0)",181
248,False,0.341664596599199,1.9672173965816142,"(2, 0, 3, 4, 1, 5)",182
60,False,0.34102329984611995,1.9672262989845217,"(0, 3, 4, 1, 2, 5)",183
166,False,0.34186652591683964,1.9672646146970676,"(1, 2, 5, 4, 0, 3)",184
72,False,0.3409300695437792,1.967277302876761,"(0, 4, 1, 2, 3, 5)",185
74,False,0.3411463392076923,1.9673249411338667,"(0, 4, 1, 3, 2, 5)",186
89,False,0.34122930120098877,1.967430334547038,"(0, 4, 3, 5, 2, 1)",187
165,False,0.3412293012009891,1.9674303345470392,"(1, 2, 5, 3, 4, 0)",188
158,False,0.34178987780681835,1.967452573385427,"(1, 2, 4, 3, 0, 5)",189
276,False,0.3418372164400945,1.9674746297020416,"(2, 1, 4, 0, 3, 5)",190
61,False,0.3411752736772282,1.9675636290819798,"(0, 3, 4, 1, 5, 2)",191
347,False,0.34117527367722866,1.9675636290819811,"(2, 5, 1, 4, 3, 0)",192
324,False,0.3420331098606886,1.9675836002372222,"(2, 4, 3, 0, 1, 5)",193
33,False,0.3404588693772228,1.967609372136526,"(0, 2, 3, 4, 5, 1)",194
239,False,0.3404588693772232,1.9676093721365273,"(1, 5, 4, 3, 2, 0)",195
354,False,0.34217453776453133,1.9676411519728485,"(2, 5, 4, 0, 1, 3)",196
211,False,0.3420065830405151,1.9676534939192498,"(1, 4, 5, 0, 3, 2)",197
293,False,0.3420065830405151,1.9676534939192498,"(2, 3, 0, 5, 4, 1)",198
75,False,0.34119027285322356,1.9676622712313239,"(0, 4, 1, 3, 5, 2)",199
351,False,0.3411902728532239,1.9676622712313252,"(2, 5, 3, 1, 4, 0)",200
93,False,0.3412231193217442,1.9677050326195125,"(0, 4, 5, 2, 3, 1)",201
179,False,0.34122311932174454,1.9677050326195136,"(1, 3, 2, 5, 4, 0)",202
102,False,0.34134958708770863,1.9677136355797311,"(0, 5, 2, 1, 3, 4)",203
73,False,0.34138698591593575,1.9677275747609893,"(0, 4, 1, 2, 5, 3)",204
332,False,0.3419054528095342,1.9677385500439508,"(2, 4, 5, 1, 0, 3)",205
259,False,0.3420089006847272,1.9677527880616497,"(2, 0, 5, 1, 4, 3)",206
210,False,0.3421420127515894,1.9677664357060207,"(1, 4, 5, 0, 2, 3)",207
71,False,0.3412918020297866,1.9677833818324277,"(0, 3, 5, 4, 2, 1)",208
161,False,0.34129180202978704,1.967783381832429,"(1, 2, 4, 5, 3, 0)",209
170,False,0.3420797813225612,1.9678289096830512,"(1, 3, 0, 4, 2, 5)",210
280,False,0.34186290999474556,1.9678416781617454,"(2, 1, 4, 5, 0, 3)",211
57,False,0.3413160682274239,1.9678597718309014,"(0, 3, 2, 4, 5, 1)",212
237,False,0.34131606822742433,1.9678597718309028,"(1, 5, 4, 2, 3, 0)",213
62,False,0.34136862288207254,1.9678658064668753,"(0, 3, 4, 2, 1, 5)",214
307,False,0.3423283977721341,1.9678714846227379,"(2, 3, 5, 0, 4, 1)",215
197,False,0.3423283977721341,1.9678714846227379,"(1, 4, 0, 5, 3, 2)",216
342,False,0.3421642502589063,1.9678795235795095,"(2, 5, 1, 0, 3, 4)",217
277,False,0.3423863486951557,1.967924901586271,"(2, 1, 4, 0, 5, 3)",218
196,False,0.3423908789861999,1.9679844264095092,"(1, 4, 0, 5, 2, 3)",219
292,False,0.3423100565873297,1.9679991005587953,"(2, 3, 0, 5, 1, 4)",220
52,False,0.34136629964463827,1.9680258603541785,"(0, 3, 1, 5, 2, 4)",221
42,False,0.3412824292238473,1.9680400983718773,"(0, 2, 5, 1, 3, 4)",222
84,False,0.34144846661401834,1.9680883447582427,"(0, 4, 3, 1, 2, 5)",223
156,False,0.342101246805375,1.968112659296474,"(1, 2, 4, 0, 3, 5)",224
337,False,0.34215047198944165,1.9681340494376562,"(2, 5, 0, 1, 4, 3)",225
355,False,0.3423743337291345,1.9681662397805098,"(2, 5, 4, 0, 3, 1)",226
171,False,0.3423743337291345,1.9681662397805098,"(1, 3, 0, 4, 5, 2)",227
238,False,0.3416778181109631,1.9681927562735055,"(1, 5, 4, 3, 0, 2)",228
249,False,0.3416778181109631,1.9681927562735055,"(2, 0, 3, 4, 5, 1)",229
306,False,0.3422671456170913,1.9682170912622836,"(2, 3, 5, 0, 1, 4)",230
346,False,0.3412217830293315,1.9682599550057307,"(2, 5, 1, 4, 0, 3)",231
223,False,0.34214989869578616,1.9682863662090893,"(1, 5, 2, 0, 4, 3)",232
284,False,0.3419389201878872,1.9683593253235627,"(2, 1, 5, 3, 0, 4)",233
85,False,0.3414387350818552,1.968425674855701,"(0, 4, 3, 1, 5, 2)",234
345,False,0.3414387350818556,1.9684256748557023,"(2, 5, 1, 3, 4, 0)",235
160,False,0.34211503884597594,1.9684797077561784,"(1, 2, 4, 5, 0, 3)",236
236,False,0.3421242770760625,1.9685560977546521,"(1, 5, 4, 2, 0, 3)",237
219,False,0.34242790786896565,1.9685589599291133,"(1, 5, 0, 3, 4, 2)",238
325,False,0.34242790786896565,1.9685589599291133,"(2, 4, 3, 0, 5, 1)",239
157,False,0.3425354398272484,1.9685629311807036,"(1, 2, 4, 0, 5, 3)",240
258,False,0.34219547793898225,1.9686234825088567,"(2, 0, 5, 1, 3, 4)",241
86,False,0.3408072586639575,1.9687278522405962,"(0, 4, 3, 2, 1, 5)",242
63,False,0.3416178322985938,1.9688411661587668,"(0, 3, 4, 2, 5, 1)",243
227,False,0.3416178322985942,1.968841166158768,"(1, 5, 2, 4, 3, 0)",244
330,False,0.3422595561918759,1.9688488553649435,"(2, 4, 5, 0, 1, 3)",245
35,False,0.3416884594238236,1.968931833783531,"(0, 2, 3, 5, 4, 1)",246
215,False,0.341688459423824,1.9689318337835322,"(1, 4, 5, 3, 2, 0)",247
164,False,0.3422162660906601,1.9689973549179958,"(1, 2, 5, 3, 0, 4)",248
336,False,0.3424098587264197,1.9690047438848632,"(2, 5, 0, 1, 3, 4)",249
222,False,0.3424514262916625,1.9691570606562965,"(1, 5, 2, 0, 3, 4)",250
59,False,0.341631632731643,1.9691822334779063,"(0, 3, 2, 5, 4, 1)",251
213,False,0.3416316327316434,1.9691822334779074,"(1, 4, 5, 2, 3, 0)",252
106,False,0.3414384456155816,1.9692043723269446,"(0, 5, 2, 4, 1, 3)",253
350,False,0.3423217787910302,1.9692292916022818,"(2, 5, 3, 1, 0, 4)",254
178,False,0.34243874445777767,1.9692720529904701,"(1, 3, 2, 5, 0, 4)",255
34,False,0.3418018418798212,1.9692774404230766,"(0, 2, 3, 5, 1, 4)",256
173,False,0.3427526150774496,1.9693739431726052,"(1, 3, 0, 5, 4, 2)",257
331,False,0.3427526150774496,1.9693739431726052,"(2, 4, 5, 0, 3, 1)",258
36,False,0.3412467273493741,1.969379398780853,"(0, 2, 4, 1, 3, 5)",259
109,False,0.34167202870791136,1.9694095630466641,"(0, 5, 3, 1, 4, 2)",260
321,False,0.3416720287079116,1.969409563046665,"(2, 4, 1, 3, 5, 0)",261
214,False,0.3424324213702561,1.9695152179205104,"(1, 4, 5, 3, 0, 2)",262
251,False,0.3424324213702561,1.9695152179205107,"(2, 0, 3, 5, 4, 1)",263
58,False,0.3415540382288202,1.9695278401174514,"(0, 3, 2, 5, 1, 4)",264
46,False,0.3419191310816097,1.969530835119091,"(0, 2, 5, 4, 1, 3)",265
226,False,0.3424423880280163,1.9695374920825173,"(1, 5, 2, 4, 0, 3)",266
218,False,0.34270282195259694,1.969542596163092,"(1, 5, 0, 3, 2, 4)",267
320,False,0.3420346119273007,1.969655617086185,"(2, 4, 1, 3, 0, 5)",268
87,False,0.34167452016630295,1.9697032119324878,"(0, 4, 3, 2, 5, 1)",269
225,False,0.34167452016630334,1.9697032119324889,"(1, 5, 2, 3, 4, 0)",270
107,False,0.3420237713392163,1.9697294601346063,"(0, 5, 2, 4, 3, 1)",271
183,False,0.3420237713392167,1.9697294601346074,"(1, 3, 4, 2, 5, 0)",272
192,False,0.3426904409323207,1.9697295016454408,"(1, 4, 0, 2, 3, 5)",273
194,False,0.34239559365794714,1.969777139902547,"(1, 4, 0, 3, 2, 5)",274
37,False,0.34215360757069624,1.9698296706650826,"(0, 2, 4, 1, 5, 3)",275
250,False,0.34241534995145095,1.9698608245600557,"(2, 0, 3, 5, 1, 4)",276
212,False,0.342453317062216,1.9698785594016568,"(1, 4, 5, 2, 0, 3)",277
252,False,0.3426917951937919,1.9699627829178323,"(2, 0, 4, 1, 3, 5)",278
182,False,0.342554789255487,1.969975514174127,"(1, 3, 4, 2, 0, 5)",279
67,False,0.3420183705038095,1.9699864255331856,"(0, 3, 5, 1, 4, 2)",280
323,False,0.34201837050380984,1.969986425533187,"(2, 4, 1, 5, 3, 0)",281
344,False,0.3425486563951934,1.9699926952266589,"(2, 5, 1, 3, 0, 4)",282
47,False,0.3417745983981285,1.970055922926753,"(0, 2, 5, 4, 3, 1)",283
185,False,0.34177459839812874,1.9700559229267536,"(1, 3, 4, 5, 2, 0)",284
38,False,0.34210746936112846,1.9700665445203127,"(0, 2, 4, 3, 1, 5)",285
262,False,0.34277430416124716,1.9701142192560703,"(2, 0, 5, 4, 1, 3)",286
349,False,0.3426126876763302,1.9701144700000053,"(2, 5, 3, 0, 4, 1)",287
195,False,0.3426126876763302,1.9701144700000053,"(1, 4, 0, 3, 5, 2)",288
193,False,0.3428368379746604,1.9701797735296704,"(1, 4, 0, 2, 5, 3)",289
318,False,0.34284164975594134,1.9703157029972322,"(2, 4, 1, 0, 3, 5)",290
172,False,0.34291011303118923,1.9703575794065835,"(1, 3, 0, 5, 2, 4)",291
108,False,0.34219507541680727,1.9703931992806425,"(0, 5, 3, 1, 2, 4)",292
253,False,0.342464105538949,1.970413054802062,"(2, 0, 4, 1, 5, 3)",293
348,False,0.34285316894449086,1.9704600766395508,"(2, 5, 3, 0, 1, 4)",294
78,False,0.3422717465255111,1.9704918442489503,"(0, 4, 2, 1, 3, 5)",295
340,False,0.3431344878454151,1.9704954806320771,"(2, 5, 0, 4, 1, 3)",296
184,False,0.342418503609996,1.9706393070637316,"(1, 3, 4, 5, 0, 2)",297
263,False,0.34241850360999615,1.970639307063732,"(2, 0, 5, 4, 3, 1)",298
254,False,0.34239742434652787,1.970649928657292,"(2, 0, 4, 3, 1, 5)",299
322,False,0.3429065297363645,1.9706827514569365,"(2, 4, 1, 5, 0, 3)",300
180,False,0.34292730045348346,1.9706832383422805,"(1, 3, 4, 0, 2, 5)",301
105,False,0.3418445836610624,1.9707119856246034,"(0, 5, 2, 3, 4, 1)",302
207,False,0.3418445836610628,1.9707119856246045,"(1, 4, 3, 2, 5, 0)",303
319,False,0.3432239682027578,1.9707659748814617,"(2, 4, 1, 0, 5, 3)",304
111,False,0.3423515998848103,1.9708018583783604,"(0, 5, 3, 2, 4, 1)",305
201,False,0.3423515998848106,1.9708018583783615,"(1, 4, 2, 3, 5, 0)",306
40,False,0.34217443674604436,1.97085675256155,"(0, 2, 4, 5, 1, 3)",307
79,False,0.34201894163668667,1.97094211613318,"(0, 4, 2, 1, 5, 3)",308
206,False,0.3425736123354269,1.9709580396641244,"(1, 4, 3, 2, 0, 5)",309
66,False,0.3422625997527265,1.9709700617671642,"(0, 3, 5, 1, 2, 4)",310
181,False,0.34333182116846855,1.9710205684397388,"(1, 3, 4, 0, 5, 2)",311
341,False,0.34333182116846855,1.9710205684397388,"(2, 5, 0, 4, 3, 1)",312
45,False,0.34242475703722164,1.97103844841675,"(0, 2, 5, 3, 4, 1)",313
209,False,0.3424247570372221,1.9710384484167514,"(1, 4, 3, 5, 2, 0)",314
39,False,0.34216281746014443,1.971041904212204,"(0, 2, 4, 3, 5, 1)",315
233,False,0.3421628174601448,1.9710419042122052,"(1, 5, 3, 4, 2, 0)",316
200,False,0.3429298033121408,1.971047912417881,"(1, 4, 2, 3, 0, 5)",317
104,False,0.3424576300838862,1.9710575922641491,"(0, 5, 2, 3, 1, 4)",318
110,False,0.34218988548409,1.971147465017906,"(0, 5, 3, 2, 1, 4)",319
80,False,0.342117011883871,1.97117898998841,"(0, 4, 2, 3, 1, 5)",320
224,False,0.34279019757351625,1.9712702323034454,"(1, 5, 2, 3, 0, 4)",321
69,False,0.3419628970498727,1.971378720864882,"(0, 3, 5, 2, 4, 1)",322
203,False,0.3419628970498731,1.9713787208648832,"(1, 4, 2, 5, 3, 0)",323
41,False,0.3425758644008496,1.9713818403692114,"(0, 2, 4, 5, 3, 1)",324
191,False,0.34257586440085,1.9713818403692127,"(1, 3, 5, 4, 2, 0)",325
44,False,0.3422989322314442,1.9713840550562955,"(0, 2, 5, 3, 1, 4)",326
256,False,0.3432624885042061,1.9714401366985295,"(2, 0, 4, 5, 1, 3)",327
312,False,0.3430758113920828,1.971551747685934,"(2, 4, 0, 1, 3, 5)",328
208,False,0.34322208724084646,1.9716218325537291,"(1, 4, 3, 5, 0, 2)",329
261,False,0.34322208724084646,1.9716218325537294,"(2, 0, 5, 3, 4, 1)",330
255,False,0.3432225290093998,1.9716252883491832,"(2, 0, 4, 3, 5, 1)",331
232,False,0.3432225290093998,1.9716252883491832,"(1, 5, 3, 4, 0, 2)",332
204,False,0.34322133802551813,1.9716657638322777,"(1, 4, 3, 0, 2, 5)",333
198,False,0.34312545981280695,1.971707998328928,"(1, 4, 2, 0, 3, 5)",334
68,False,0.3425229814133306,1.9717243275044274,"(0, 3, 5, 2, 1, 4)",335
190,False,0.34327108469243733,1.971965224506191,"(1, 3, 5, 4, 0, 2)",336
257,False,0.3432710846924374,1.9719652245061912,"(2, 0, 4, 5, 3, 1)",337
260,False,0.34316925550776456,1.9719674391932749,"(2, 0, 5, 3, 1, 4)",338
82,False,0.3428638877036536,1.9719691980296472,"(0, 4, 2, 5, 1, 3)",339
313,False,0.3436212144455691,1.9720020195701637,"(2, 4, 0, 1, 5, 3)",340
205,False,0.34355040683756016,1.972003093929736,"(1, 4, 3, 0, 5, 2)",341
339,False,0.34355040683756016,1.972003093929736,"(2, 5, 0, 3, 4, 1)",342
202,False,0.3430641458083924,1.9720750467886328,"(1, 4, 2, 5, 0, 3)",343
231,False,0.34278632176253154,1.9721543496803011,"(1, 5, 3, 2, 4, 0)",344
81,False,0.34278632176253154,1.9721543496803011,"(0, 4, 2, 3, 5, 1)",345
199,False,0.34349802774555216,1.972158270213158,"(1, 4, 2, 0, 5, 3)",346
314,False,0.3436432443095957,1.9722388934253943,"(2, 4, 0, 3, 1, 5)",347
338,False,0.343355248435015,1.9723487005692815,"(2, 5, 0, 3, 1, 4)",348
189,False,0.342495625416518,1.9724942858373087,"(1, 3, 5, 2, 4, 0)",349
83,False,0.34249562541651807,1.972494285837309,"(0, 4, 2, 5, 3, 1)",350
316,False,0.343656187771588,1.973029101466631,"(2, 4, 0, 5, 1, 3)",351
315,False,0.34353891778026013,1.9732142531172856,"(2, 4, 0, 3, 5, 1)",352
229,False,0.34353891778026013,1.9732142531172856,"(1, 5, 3, 0, 4, 2)",353
317,False,0.34424353327658574,1.9735541892742927,"(2, 4, 0, 5, 3, 1)",354
187,False,0.34424353327658574,1.9735541892742927,"(1, 3, 5, 0, 4, 2)",355
230,False,0.3435403849044297,1.9737213700512577,"(1, 5, 3, 2, 0, 4)",356
188,False,0.34399165366108947,1.9740613062082653,"(1, 3, 5, 2, 0, 4)",357
228,False,0.34423688999450575,1.9741978893512635,"(1, 5, 3, 0, 2, 4)",358
186,False,0.34390032565447437,1.974537825508271,"(1, 3, 5, 0, 2, 4)",359
