,is_well_nested,ms,ee,perm,i
270,False,0.6926830712202772,2.5597965326497896,"(2, 1, 3, 0, 4, 5)",0
150,False,0.6816943963295974,2.5599606017126204,"(1, 2, 3, 0, 4, 5)",1
0,True,0.6541678234353221,2.560389098998141,"(0, 1, 2, 3, 4, 5)",2
264,True,0.6889500396271234,2.5631400480861077,"(2, 1, 0, 3, 4, 5)",3
144,False,0.6883063884033641,2.563304117148938,"(1, 2, 0, 3, 4, 5)",4
294,False,0.7038783964025583,2.573744421898757,"(2, 3, 1, 0, 4, 5)",5
120,True,0.6897584524113869,2.575760609883369,"(1, 0, 2, 3, 4, 5)",6
271,False,0.698184479262867,2.576084287764965,"(2, 1, 3, 0, 5, 4)",7
151,False,0.693368103427513,2.576248356827796,"(1, 2, 3, 0, 5, 4)",8
1,False,0.6852497346821738,2.576676854113317,"(0, 1, 2, 3, 5, 4)",9
265,False,0.6957760907829386,2.5794278032012827,"(2, 1, 0, 3, 5, 4)",10
145,False,0.7031381374842863,2.5795918722641136,"(1, 2, 0, 3, 5, 4)",11
295,False,0.7077770147860033,2.5900321770139323,"(2, 3, 1, 0, 5, 4)",12
24,False,0.7034859956586726,2.5909970002825338,"(0, 2, 1, 3, 4, 5)",13
121,False,0.7108675920060267,2.5920483649985444,"(1, 0, 2, 3, 5, 4)",14
272,False,0.7128986834710525,2.5967261108163755,"(2, 1, 3, 4, 0, 5)",15
152,False,0.6967020517039868,2.5968901798792063,"(1, 2, 3, 4, 0, 5)",16
273,False,0.7075374857962297,2.5972435063916586,"(2, 1, 3, 4, 5, 0)",17
118,False,0.7075374857962297,2.5972435063916586,"(0, 5, 4, 3, 1, 2)",18
153,False,0.6778378605933332,2.59740757545449,"(1, 2, 3, 4, 5, 0)",19
119,False,0.6778378605933337,2.5974075754544907,"(0, 5, 4, 3, 2, 1)",20
6,False,0.7079312315580004,2.600818559917866,"(0, 1, 3, 2, 4, 5)",21
114,False,0.7124785991065355,2.6043576952357546,"(0, 5, 4, 1, 2, 3)",22
174,False,0.7202467103432426,2.6059432108250036,"(1, 3, 2, 0, 4, 5)",23
240,True,0.7114309215565686,2.6062044421049304,"(2, 0, 1, 3, 4, 5)",24
25,False,0.7070655206607853,2.607284755397709,"(0, 2, 1, 3, 5, 4)",25
296,False,0.7196812681367497,2.610674000065343,"(2, 3, 1, 4, 0, 5)",26
297,False,0.7247123224499085,2.6111913956406267,"(2, 3, 1, 4, 5, 0)",27
115,False,0.7247123224499085,2.6111913956406267,"(0, 5, 4, 1, 3, 2)",28
126,False,0.7178875331850236,2.616190070803093,"(1, 0, 3, 2, 4, 5)",29
7,False,0.7222287985482666,2.6171063150330416,"(0, 1, 3, 2, 5, 4)",30
5,True,0.7218087214430748,2.617759101032746,"(0, 1, 2, 5, 4, 3)",31
2,True,0.7156964157523337,2.618140534205555,"(0, 1, 2, 4, 3, 5)",32
288,False,0.7211114022780286,2.6184182171628785,"(2, 3, 0, 1, 4, 5)",33
269,True,0.6997346889786265,2.620510050120712,"(2, 1, 0, 5, 4, 3)",34
48,False,0.7204746083199485,2.6206000112599126,"(0, 3, 1, 2, 4, 5)",35
149,False,0.7203179162991877,2.6206741191835428,"(1, 2, 0, 5, 4, 3)",36
266,True,0.7168632079184231,2.6208914832935206,"(2, 1, 0, 4, 3, 5)",37
146,False,0.7247313076624251,2.621055552356351,"(1, 2, 0, 4, 3, 5)",38
275,False,0.7189918721550983,2.621349869601259,"(2, 1, 3, 5, 4, 0)",39
94,False,0.7189918721550983,2.621349869601259,"(0, 4, 5, 3, 1, 2)",40
54,False,0.7091761487329427,2.6215008301679914,"(0, 3, 2, 1, 4, 5)",41
155,False,0.7154702518158997,2.621513938664089,"(1, 2, 3, 5, 4, 0)",42
95,False,0.7154702518159005,2.62151393866409,"(0, 4, 5, 3, 2, 1)",43
175,False,0.7220192631768876,2.622230965940179,"(1, 3, 2, 0, 5, 4)",44
241,False,0.7285409545583825,2.6224921972201063,"(2, 0, 1, 3, 5, 4)",45
4,True,0.7214129259647688,2.625155719155113,"(0, 1, 2, 5, 3, 4)",46
3,False,0.7203934807562272,2.6270316711983632,"(0, 1, 2, 4, 5, 3)",47
268,True,0.7218713851696175,2.6279066682430785,"(2, 1, 0, 5, 3, 4)",48
148,False,0.728161069685743,2.62807073730591,"(1, 2, 0, 5, 3, 4)",49
90,False,0.7135090450983461,2.6284640584453545,"(0, 4, 5, 1, 2, 3)",50
267,False,0.7244020159822563,2.629782620286329,"(2, 1, 0, 4, 5, 3)",51
147,False,0.7217576034994191,2.62994668934916,"(1, 2, 0, 4, 5, 3)",52
30,False,0.7290589804837309,2.6323272801103372,"(0, 2, 3, 1, 4, 5)",53
127,False,0.7216605678831027,2.6324778259182686,"(1, 0, 3, 2, 5, 4)",54
125,True,0.7335070932041824,2.633130611917973,"(1, 0, 2, 5, 4, 3)",55
122,True,0.7178495794380434,2.6335120450907823,"(1, 0, 2, 4, 3, 5)",56
289,False,0.7292221309730558,2.634705972278054,"(2, 3, 0, 1, 5, 4)",57
299,False,0.7386217567876063,2.635297758850226,"(2, 3, 1, 5, 4, 0)",58
91,False,0.7386217567876064,2.6352977588502267,"(0, 4, 5, 1, 3, 2)",59
116,False,0.7287175312803111,2.636392415099171,"(0, 5, 4, 2, 1, 3)",60
49,False,0.7317161207701973,2.6368877663750885,"(0, 3, 1, 2, 5, 4)",61
274,False,0.7332445624633142,2.6371202291411504,"(2, 1, 3, 5, 0, 4)",62
154,False,0.726528426722219,2.6372842982039826,"(1, 2, 3, 5, 0, 4)",63
55,False,0.71263129965105,2.6377885852831677,"(0, 3, 2, 1, 5, 4)",64
124,True,0.7339623282143554,2.64052723004034,"(1, 0, 2, 5, 3, 4)",65
123,False,0.7421964989706855,2.6424031820835907,"(1, 0, 2, 4, 5, 3)",66
176,False,0.7242441825120334,2.6428727889915895,"(1, 3, 2, 4, 0, 5)",67
177,False,0.731742969565227,2.6433901845668735,"(1, 3, 2, 4, 5, 0)",68
117,False,0.7317429695652276,2.6433901845668744,"(0, 5, 4, 2, 3, 1)",69
22,False,0.7407576809994996,2.6437403544974085,"(0, 1, 5, 4, 2, 3)",70
246,False,0.7306204154936968,2.6475347219327343,"(2, 0, 3, 1, 4, 5)",71
29,False,0.7277347339211154,2.6483670023171384,"(0, 2, 1, 5, 4, 3)",72
31,False,0.7366947595957279,2.648615035225513,"(0, 2, 3, 1, 5, 4)",73
26,False,0.7314995765727644,2.648748435489947,"(0, 2, 1, 4, 3, 5)",74
168,False,0.7354677513819762,2.6497161871810464,"(1, 3, 0, 2, 4, 5)",75
100,False,0.7397798199352842,2.6501960233678763,"(0, 5, 1, 4, 2, 3)",76
23,False,0.7288307220958197,2.650574054902281,"(0, 1, 5, 4, 3, 2)",77
305,False,0.7288307220958197,2.650574054902281,"(2, 3, 4, 5, 1, 0)",78
298,False,0.7304141807997356,2.651068118390118,"(2, 3, 1, 5, 0, 4)",79
278,False,0.7323175780908975,2.655273494284494,"(2, 1, 4, 3, 0, 5)",80
158,False,0.7406422835217165,2.6554375633473257,"(1, 2, 4, 3, 0, 5)",81
28,False,0.7482770580587441,2.6557636204395054,"(0, 2, 1, 5, 3, 4)",82
112,False,0.7398392940021505,2.6557908898597775,"(0, 5, 3, 4, 1, 2)",83
279,False,0.7398392940021505,2.6557908898597775,"(2, 1, 4, 3, 5, 0)",84
159,False,0.7326758844501735,2.6559549589226092,"(1, 2, 4, 3, 5, 0)",85
113,False,0.7326758844501735,2.6559549589226092,"(0, 5, 3, 4, 2, 1)",86
302,False,0.7419426264990934,2.6565123281974645,"(2, 3, 4, 1, 0, 5)",87
303,False,0.7421774951580803,2.657029723772748,"(2, 3, 4, 1, 5, 0)",88
101,False,0.7421774951580803,2.657029723772748,"(0, 5, 1, 4, 3, 2)",89
27,False,0.7436754191203478,2.6576395724827555,"(0, 2, 1, 4, 5, 3)",90
142,False,0.7422103758333383,2.6591118653826378,"(1, 0, 5, 4, 2, 3)",91
19,False,0.742864579789166,2.66025391372855,"(0, 1, 5, 2, 4, 3)",92
92,False,0.7470025694502788,2.66049877830877,"(0, 4, 5, 2, 1, 3)",93
16,False,0.7505967762312157,2.662266518382147,"(0, 1, 4, 5, 2, 3)",94
245,True,0.7415973404858236,2.663574444139535,"(2, 0, 1, 5, 4, 3)",95
247,False,0.7445360237004639,2.6638224770479093,"(2, 0, 3, 1, 5, 4)",96
242,True,0.7496409732379714,2.6639558773123437,"(2, 0, 1, 4, 3, 5)",97
304,False,0.718090308894749,2.665945565787509,"(2, 3, 4, 5, 0, 1)",98
143,False,0.7180903088947491,2.6659455657875095,"(1, 0, 5, 4, 3, 2)",99
169,False,0.7427364698491314,2.666003942296222,"(1, 3, 0, 2, 5, 4)",100
97,False,0.7532360192198242,2.6667095825990166,"(0, 5, 1, 2, 4, 3)",101
287,False,0.7340417106843962,2.667021558115462,"(2, 1, 5, 4, 3, 0)",102
64,False,0.7340417106843962,2.667021558115462,"(0, 3, 4, 5, 1, 2)",103
65,False,0.7428037345796554,2.667185627178293,"(0, 3, 4, 5, 2, 1)",104
167,False,0.7428037345796555,2.6671856271782937,"(1, 2, 5, 4, 3, 0)",105
179,False,0.7452261099557341,2.6674965477764725,"(1, 3, 2, 5, 4, 0)",106
93,False,0.7452261099557348,2.667496547776474,"(0, 4, 5, 2, 3, 1)",107
18,False,0.7456452850725751,2.6676505318509167,"(0, 1, 5, 2, 3, 4)",108
311,False,0.7524301588744853,2.6691002187870185,"(2, 3, 5, 4, 1, 0)",109
17,False,0.7524301588744853,2.6691002187870185,"(0, 1, 4, 5, 3, 2)",110
281,False,0.7507098218985969,2.669116672331357,"(2, 1, 4, 5, 3, 0)",111
70,False,0.7507098218985969,2.669116672331357,"(0, 3, 5, 4, 1, 2)",112
161,False,0.7448832734068354,2.6692807413941884,"(1, 2, 4, 5, 3, 0)",113
71,False,0.7448832734068354,2.6692807413941884,"(0, 3, 5, 4, 2, 1)",114
244,True,0.7458228378932544,2.670971062261902,"(2, 0, 1, 5, 3, 4)",115
243,False,0.7493756007999539,2.6728470143051526,"(2, 0, 1, 4, 5, 3)",116
283,False,0.7441736055170081,2.6736188039366167,"(2, 1, 5, 0, 4, 3)",117
163,False,0.7505868649377524,2.6737828729994475,"(1, 2, 5, 0, 4, 3)",118
96,False,0.7294907478332949,2.674106200721384,"(0, 5, 1, 2, 3, 4)",119
286,False,0.7412677719229929,2.6753952995329864,"(2, 1, 5, 4, 0, 3)",120
166,False,0.7508243326240199,2.675559368595817,"(1, 2, 5, 4, 0, 3)",121
139,False,0.7536701713872263,2.675625424613777,"(1, 0, 5, 2, 4, 3)",122
8,False,0.7472770728809132,2.676072817647308,"(0, 1, 3, 4, 2, 5)",123
276,False,0.7401588269090376,2.6760953513253214,"(2, 1, 4, 0, 3, 5)",124
156,False,0.7460153962317102,2.676259420388152,"(1, 2, 4, 0, 3, 5)",125
280,False,0.7475448020333583,2.6774904137488815,"(2, 1, 4, 5, 0, 3)",126
136,False,0.7551774952127435,2.677638029267375,"(1, 0, 4, 5, 2, 3)",127
160,False,0.7475348382398239,2.6776544828117133,"(1, 2, 4, 5, 0, 3)",128
88,False,0.756161573667902,2.677802138853482,"(0, 4, 3, 5, 1, 2)",129
285,False,0.756161573667902,2.677802138853482,"(2, 1, 5, 3, 4, 0)",130
165,False,0.7472171313668775,2.6779662079163122,"(1, 2, 5, 3, 4, 0)",131
89,False,0.747217131366878,2.677966207916313,"(0, 4, 3, 5, 2, 1)",132
12,False,0.7533789316754329,2.679161510786096,"(0, 1, 4, 2, 3, 5)",133
282,False,0.7540359758560543,2.681015422058984,"(2, 1, 5, 0, 3, 4)",134
162,False,0.7504821231419212,2.6811794911218163,"(1, 2, 5, 0, 3, 4)",135
138,False,0.7577184808873535,2.6830220427361438,"(1, 0, 5, 2, 3, 4)",136
178,False,0.7580199012009681,2.6832669073163644,"(1, 3, 2, 5, 0, 4)",137
310,False,0.7515201968907722,2.684471729672247,"(2, 3, 5, 4, 0, 1)",138
137,False,0.7515201968907724,2.6844717296722473,"(1, 0, 4, 5, 3, 2)",139
277,False,0.7508087982287647,2.68498648831813,"(2, 1, 4, 0, 5, 3)",140
157,False,0.7580019643750556,2.68515055738096,"(1, 2, 4, 0, 5, 3)",141
13,False,0.7478567326149889,2.6880526477789046,"(0, 1, 4, 2, 5, 3)",142
290,False,0.7432061561260398,2.6909248374522328,"(2, 3, 0, 4, 1, 5)",143
128,False,0.7588958609564236,2.691444328532535,"(1, 0, 3, 4, 2, 5)",144
9,False,0.755971968920735,2.6917976550449882,"(0, 1, 3, 4, 5, 2)",145
359,False,0.755971968920735,2.6917976550449882,"(2, 5, 4, 3, 1, 0)",146
300,False,0.7519601337586673,2.6920893703202333,"(2, 3, 4, 0, 1, 5)",147
76,False,0.7474825676663046,2.6928285504622136,"(0, 4, 1, 5, 2, 3)",148
284,False,0.7582630896245508,2.6935724983933738,"(2, 1, 5, 3, 0, 4)",149
164,False,0.7544955306287234,2.693736567456204,"(1, 2, 5, 3, 0, 4)",150
56,False,0.7571259538565711,2.694007450457346,"(0, 3, 2, 4, 1, 5)",151
132,False,0.7582231349103539,2.6945330216713232,"(1, 0, 4, 2, 3, 5)",152
50,False,0.7409049019346027,2.695854268989355,"(0, 3, 1, 4, 2, 5)",153
14,False,0.7517444020473402,2.6966643333081253,"(0, 1, 4, 3, 2, 5)",154
335,False,0.7668168715604171,2.6971859031574197,"(2, 4, 5, 3, 1, 0)",155
11,False,0.7668168715604173,2.69718590315742,"(0, 1, 3, 5, 4, 2)",156
10,False,0.7557145201492809,2.6977488208749154,"(0, 1, 3, 5, 2, 4)",157
329,False,0.7565026681393525,2.6992512549334995,"(2, 4, 3, 5, 1, 0)",158
21,False,0.7565026681393525,2.6992512549334995,"(0, 1, 5, 3, 4, 2)",159
103,False,0.7564437739191132,2.699267212634363,"(0, 5, 2, 1, 4, 3)",160
77,False,0.7657869217952478,2.6996622508670853,"(0, 4, 1, 5, 3, 2)",161
309,False,0.7657869217952478,2.6996622508670853,"(2, 3, 5, 1, 4, 0)",162
20,False,0.7665359087801795,2.6998141726509943,"(0, 1, 5, 3, 2, 4)",163
234,False,0.7631589171666142,2.6999800435078734,"(1, 5, 4, 0, 2, 3)",164
220,False,0.7556338353457464,2.7011445763758735,"(1, 5, 0, 4, 2, 3)",165
133,False,0.7685850024744086,2.703424158664132,"(1, 0, 4, 2, 5, 3)",166
32,False,0.7573978314246892,2.7048339003996915,"(0, 2, 3, 4, 1, 5)",167
326,False,0.759729948496093,2.7051895282286833,"(2, 4, 3, 1, 0, 5)",168
327,False,0.768479337034284,2.7057069238039664,"(2, 4, 3, 1, 5, 0)",169
99,False,0.768479337034284,2.7057069238039664,"(0, 5, 1, 3, 4, 2)",170
62,False,0.7676374928153427,2.705785924445448,"(0, 3, 4, 2, 1, 5)",171
98,False,0.751591698239697,2.706269841521461,"(0, 5, 1, 3, 2, 4)",172
102,False,0.7661480376894939,2.70666383075673,"(0, 5, 2, 1, 3, 4)",173
291,False,0.7553880662971939,2.706813743912745,"(2, 3, 0, 4, 5, 1)",174
235,False,0.7553880662971941,2.7068137439127455,"(1, 5, 4, 0, 3, 2)",175
129,False,0.7582233807200255,2.707169165930216,"(1, 0, 3, 4, 5, 2)",176
358,False,0.7582233807200259,2.707169165930217,"(2, 5, 4, 3, 0, 1)",177
301,False,0.7550132113604193,2.707978276780745,"(2, 3, 4, 0, 5, 1)",178
221,False,0.7550132113604193,2.707978276780745,"(1, 5, 0, 4, 3, 2)",179
60,False,0.7556427412684462,2.7085335618855355,"(0, 3, 4, 1, 2, 5)",180
72,False,0.7522804602061979,2.709723542866163,"(0, 4, 1, 2, 3, 5)",181
57,False,0.766117925473679,2.709896356917858,"(0, 3, 2, 4, 5, 1)",182
237,False,0.7661179254736791,2.7098963569178585,"(1, 5, 4, 2, 3, 0)",183
357,False,0.7694878773433802,2.711579106387035,"(2, 5, 4, 1, 3, 0)",184
51,False,0.7694878773433805,2.7115791063870356,"(0, 3, 1, 4, 5, 2)",185
210,False,0.7666772742797734,2.7116646479960798,"(1, 4, 5, 0, 2, 3)",186
134,False,0.7604270794745833,2.7120358441933536,"(1, 0, 4, 3, 2, 5)",187
353,False,0.7729970823707933,2.712389170705805,"(2, 5, 3, 4, 1, 0)",188
15,False,0.7729970823707935,2.7123891707058054,"(0, 1, 4, 3, 5, 2)",189
131,False,0.7662489520960551,2.712557414042647,"(1, 0, 3, 5, 4, 2)",190
334,False,0.7662489520960556,2.7125574140426485,"(2, 4, 5, 3, 0, 1)",191
130,False,0.7627248835373508,2.7131203317601424,"(1, 0, 3, 5, 2, 4)",192
141,False,0.7582938287245802,2.714622765818728,"(1, 0, 5, 3, 4, 2)",193
328,False,0.7582938287245802,2.714622765818728,"(2, 4, 3, 5, 0, 1)",194
106,False,0.7610062168678863,2.7147883732666385,"(0, 5, 2, 4, 1, 3)",195
140,False,0.7690921800315367,2.7151856835362214,"(1, 0, 5, 3, 2, 4)",196
308,False,0.7725643906528434,2.7154326104069773,"(2, 3, 5, 1, 0, 4)",197
86,False,0.7421109270006371,2.7165665051834678,"(0, 4, 3, 2, 1, 5)",198
333,False,0.7749654203219284,2.716967354499467,"(2, 4, 5, 1, 3, 0)",199
53,False,0.7749654203219284,2.716967354499467,"(0, 3, 1, 5, 4, 2)",200
52,False,0.7686918244212142,2.717530272216962,"(0, 3, 1, 5, 2, 4)",201
217,False,0.7733087958791943,2.717658135607013,"(1, 5, 0, 2, 4, 3)",202
320,False,0.7570768237986515,2.7178985835646796,"(2, 4, 1, 3, 0, 5)",203
236,False,0.7786298928005713,2.7182700983353834,"(1, 5, 4, 2, 0, 3)",204
321,False,0.7649800658473941,2.718415979139963,"(2, 4, 1, 3, 5, 0)",205
109,False,0.7649800658473941,2.718415979139963,"(0, 5, 3, 1, 4, 2)",206
293,False,0.7635098867740004,2.7184983484009506,"(2, 3, 0, 5, 4, 1)",207
211,False,0.7635098867740007,2.7184983484009515,"(1, 4, 5, 0, 3, 2)",208
73,False,0.7697500429334977,2.7186146798589714,"(0, 4, 1, 2, 5, 3)",209
292,False,0.7723374021243435,2.7188971970556146,"(2, 3, 0, 5, 1, 4)",210
108,False,0.7658020153731456,2.7189788968574584,"(0, 5, 3, 1, 2, 4)",211
84,False,0.7677913098525201,2.7193141426235554,"(0, 4, 3, 1, 2, 5)",212
356,False,0.7716031379774394,2.71995284780456,"(2, 5, 4, 1, 0, 3)",213
248,False,0.7687375208645896,2.7200413422220886,"(2, 0, 3, 4, 1, 5)",214
33,False,0.7517495554963757,2.720722806860204,"(0, 2, 3, 4, 5, 1)",215
239,False,0.7517495554963757,2.720722806860204,"(1, 5, 4, 3, 2, 0)",216
182,False,0.7691904532074381,2.7212687471590575,"(1, 3, 4, 2, 0, 5)",217
213,False,0.7714382982240484,2.7215809614060635,"(1, 4, 5, 2, 3, 0)",218
59,False,0.771438298224049,2.7215809614060644,"(0, 3, 2, 5, 4, 1)",219
200,False,0.7693816966148624,2.721611371563198,"(1, 4, 2, 3, 0, 5)",220
63,False,0.7668454830384297,2.7216748309059597,"(0, 3, 4, 2, 5, 1)",221
227,False,0.7668454830384297,2.7216748309059597,"(1, 5, 2, 4, 3, 0)",222
183,False,0.7733151621646693,2.7217861427343415,"(1, 3, 4, 2, 5, 0)",223
107,False,0.7733151621646696,2.721786142734342,"(0, 5, 2, 4, 3, 1)",224
58,False,0.764685503078483,2.721979810060728,"(0, 3, 2, 5, 1, 4)",225
111,False,0.7719257526511806,2.7221287671384817,"(0, 5, 3, 2, 4, 1)",226
201,False,0.7719257526511808,2.7221287671384826,"(1, 4, 2, 3, 5, 0)",227
110,False,0.7605428696611043,2.7225276157931453,"(0, 5, 3, 2, 1, 4)",228
43,False,0.7673609191610118,2.723419445048288,"(0, 2, 5, 1, 4, 3)",229
61,False,0.768820747540042,2.7242583992832157,"(0, 3, 4, 1, 5, 2)",230
347,False,0.7688207475400421,2.724258399283216,"(2, 5, 1, 4, 3, 0)",231
170,False,0.7711924883831363,2.7249704449104883,"(1, 3, 0, 4, 2, 5)",232
216,False,0.769900127678666,2.725054753729381,"(1, 5, 0, 2, 3, 4)",233
332,False,0.7762642892118795,2.7253410959169915,"(2, 4, 5, 1, 0, 3)",234
74,False,0.7712688112796547,2.727226365388192,"(0, 4, 1, 3, 2, 5)",235
352,False,0.7700941107228979,2.727760681591034,"(2, 5, 3, 4, 0, 1)",236
135,False,0.7700941107228979,2.727760681591034,"(1, 0, 4, 3, 5, 2)",237
223,False,0.7756215033997712,2.728272076727116,"(1, 5, 2, 0, 4, 3)",238
212,False,0.7826054854701615,2.7299547028235884,"(1, 4, 5, 2, 0, 3)",239
226,False,0.7759382548180608,2.730048572323485,"(1, 5, 2, 4, 0, 3)",240
42,False,0.7765727986421556,2.730816063170655,"(0, 2, 5, 1, 3, 4)",241
343,False,0.77614424774351,2.7308556451043713,"(2, 5, 1, 0, 4, 3)",242
196,False,0.7808409148678251,2.731355344748817,"(1, 4, 0, 5, 2, 3)",243
323,False,0.7803370764547003,2.7317417616115427,"(2, 4, 1, 5, 3, 0)",244
67,False,0.7803370764547002,2.7317417616115427,"(0, 3, 5, 1, 4, 2)",245
66,False,0.7794273222748366,2.732304679329038,"(0, 3, 5, 1, 2, 4)",246
215,False,0.7783505041503036,2.732407411348409,"(1, 4, 5, 3, 2, 0)",247
35,False,0.7783505041503039,2.73240741134841,"(0, 2, 3, 5, 4, 1)",248
87,False,0.7701573337129454,2.73245541164398,"(0, 4, 3, 2, 5, 1)",249
225,False,0.7701573337129457,2.7324554116439805,"(1, 5, 2, 3, 4, 0)",250
346,False,0.7559106994173858,2.7326321407007406,"(2, 5, 1, 4, 0, 3)",251
34,False,0.7832039269833022,2.732806260003073,"(0, 2, 3, 5, 1, 4)",252
354,False,0.7808857991239265,2.7336975128404664,"(2, 5, 4, 0, 1, 3)",253
345,False,0.7778267034840689,2.735038980021236,"(2, 5, 1, 3, 4, 0)",254
85,False,0.7778267034840689,2.735038980021236,"(0, 4, 3, 1, 5, 2)",255
203,False,0.7626312367509568,2.7354545496100604,"(1, 4, 2, 5, 3, 0)",256
69,False,0.7626312367509575,2.7354545496100617,"(0, 3, 5, 2, 4, 1)",257
222,False,0.7733968192449575,2.7356686948494824,"(1, 5, 2, 0, 3, 4)",258
68,False,0.7781406816108006,2.735853398264725,"(0, 3, 5, 2, 1, 4)",259
238,False,0.7687113212169684,2.735930248682601,"(1, 5, 4, 3, 0, 2)",260
249,False,0.7687113212169684,2.735930248682601,"(2, 0, 3, 4, 5, 1)",261
78,False,0.7777005344386004,2.7381877480368244,"(0, 4, 2, 1, 3, 5)",262
197,False,0.7766187331369877,2.7381890451536877,"(1, 4, 0, 5, 3, 2)",263
307,False,0.7766187331369883,2.738189045153689,"(2, 3, 5, 0, 4, 1)",264
36,False,0.766366136436372,2.73823361724115,"(0, 2, 4, 1, 3, 5)",265
342,False,0.7798399673139008,2.738252263226738,"(2, 5, 1, 0, 3, 4)",266
306,False,0.781611334729794,2.738587893808352,"(2, 3, 5, 0, 1, 4)",267
259,False,0.7865346275382882,2.738626886870685,"(2, 0, 5, 1, 4, 3)",268
318,False,0.7758627662424585,2.738720440605507,"(2, 4, 1, 0, 3, 5)",269
46,False,0.7896598627801039,2.738940605680564,"(0, 2, 5, 4, 1, 3)",270
330,False,0.7723649909750273,2.739085760952898,"(2, 4, 5, 0, 1, 3)",271
322,False,0.7777592791543317,2.7401155030290676,"(2, 4, 1, 5, 0, 3)",272
171,False,0.776191246559312,2.740695282308169,"(1, 3, 0, 4, 5, 2)",273
355,False,0.7761912465593125,2.74069528230817,"(2, 5, 4, 0, 3, 1)",274
324,False,0.7791766974553824,2.740766570351451,"(2, 4, 3, 0, 1, 5)",275
206,False,0.7743674083068678,2.7414599462625464,"(1, 4, 3, 2, 0, 5)",276
207,False,0.7707097629108118,2.74197734183783,"(1, 4, 3, 2, 5, 0)",277
105,False,0.7707097629108125,2.7419773418378313,"(0, 5, 2, 3, 4, 1)",278
104,False,0.7822359928015576,2.7423761904924944,"(0, 5, 2, 3, 1, 4)",279
198,False,0.7777614262967625,2.7424332286040247,"(1, 4, 2, 0, 3, 5)",280
351,False,0.7787291967161393,2.7429512027858727,"(2, 5, 3, 1, 4, 0)",281
75,False,0.7787291967161393,2.7429512027858727,"(0, 4, 1, 3, 5, 2)",282
202,False,0.7802030326102632,2.7438282910275866,"(1, 4, 2, 5, 0, 3)",283
185,False,0.7845935811190972,2.745938375148266,"(1, 3, 4, 5, 2, 0)",284
47,False,0.7845935811190976,2.745938375148267,"(0, 2, 5, 4, 3, 1)",285
258,False,0.7877888124046218,2.746023504993052,"(2, 0, 5, 1, 3, 4)",286
173,False,0.7795594631218854,2.746083530420601,"(1, 3, 0, 5, 4, 2)",287
331,False,0.7795594631218861,2.7460835304206017,"(2, 4, 5, 0, 3, 1)",288
172,False,0.7828882457814924,2.746646448138095,"(1, 3, 0, 5, 2, 4)",289
79,False,0.7835952327186477,2.7470788850296333,"(0, 4, 2, 1, 5, 3)",290
37,False,0.7905874159493372,2.7471247542339587,"(0, 2, 4, 1, 5, 3)",291
319,False,0.7851121309472241,2.747611577598316,"(2, 4, 1, 0, 5, 3)",292
214,False,0.7812731515316087,2.7476148531708056,"(1, 4, 5, 3, 0, 2)",293
251,False,0.7812731515316091,2.747614853170807,"(2, 0, 3, 5, 4, 1)",294
250,False,0.7873361932600049,2.74801370182547,"(2, 0, 3, 5, 1, 4)",295
224,False,0.7771390666906369,2.748225771183872,"(1, 5, 2, 3, 0, 4)",296
192,False,0.7864863404465648,2.7482503371527653,"(1, 4, 0, 2, 3, 5)",297
344,False,0.7812086075791095,2.750809339561128,"(2, 5, 1, 3, 0, 4)",298
199,False,0.7855651837822402,2.751324365596833,"(1, 4, 2, 0, 5, 3)",299
337,False,0.7836464475078859,2.752799334019616,"(2, 5, 0, 1, 4, 3)",300
80,False,0.7711408730920637,2.7529429331187654,"(0, 4, 2, 3, 1, 5)",301
38,False,0.7838139226062444,2.7529888023230913,"(0, 2, 4, 3, 1, 5)",302
82,False,0.7916334071595951,2.753327475496291,"(0, 4, 2, 5, 1, 3)",303
40,False,0.7902167453003015,2.753373344700617,"(0, 2, 4, 5, 1, 3)",304
252,False,0.7891393740105905,2.7534410590635465,"(2, 0, 4, 1, 3, 5)",305
262,False,0.7906355497074228,2.7541480475029605,"(2, 0, 5, 4, 1, 3)",306
219,False,0.7831545066017307,2.7566554768119627,"(1, 5, 0, 3, 4, 2)",307
325,False,0.7831545066017312,2.7566554768119635,"(2, 4, 3, 0, 5, 1)",308
193,False,0.7889249262071321,2.757141474145574,"(1, 4, 0, 2, 5, 3)",309
218,False,0.7841786416131888,2.7572183945294575,"(1, 5, 0, 3, 2, 4)",310
350,False,0.7925260373925779,2.7587215623257637,"(2, 5, 3, 1, 0, 4)",311
180,False,0.788223703870106,2.7595934267219135,"(1, 3, 4, 0, 2, 5)",312
336,False,0.7893473863066138,2.760195952141983,"(2, 5, 0, 1, 3, 4)",313
189,False,0.7821203787175139,2.7603252449639935,"(1, 3, 5, 2, 4, 0)",314
83,False,0.7821203787175145,2.760325244963995,"(0, 4, 2, 5, 3, 1)",315
191,False,0.7984138650502504,2.760371114168319,"(1, 3, 5, 4, 2, 0)",316
41,False,0.7984138650502507,2.76037111416832,"(0, 2, 4, 5, 3, 1)",317
184,False,0.7791895585656953,2.7611458169706626,"(1, 3, 4, 5, 0, 2)",318
263,False,0.7791895585656959,2.761145816970664,"(2, 0, 5, 4, 3, 1)",319
253,False,0.7885282161440484,2.762332196056355,"(2, 0, 4, 1, 5, 3)",320
194,False,0.7799379229279075,2.7657531596747944,"(1, 4, 0, 3, 2, 5)",321
209,False,0.7939667161482019,2.766129574251755,"(1, 4, 3, 5, 2, 0)",322
45,False,0.7939667161482024,2.766129574251756,"(0, 2, 5, 3, 4, 1)",323
44,False,0.7897521215805146,2.7665284229064193,"(0, 2, 5, 3, 1, 4)",324
254,False,0.7890334375852653,2.7681962441454875,"(2, 0, 4, 3, 1, 5)",325
340,False,0.790721164649922,2.768320494651891,"(2, 5, 0, 4, 1, 3)",326
256,False,0.8004808379226123,2.7685807865230134,"(2, 0, 4, 5, 1, 3)",327
231,False,0.7928341810785391,2.7688318395792777,"(1, 5, 3, 2, 4, 0)",328
81,False,0.7928341810785391,2.7688318395792777,"(0, 4, 2, 3, 5, 1)",329
233,False,0.7849288992706938,2.768877708783602,"(1, 5, 3, 4, 2, 0)",330
39,False,0.7849288992706944,2.7688777087836027,"(0, 2, 4, 3, 5, 1)",331
312,False,0.792862360686654,2.7730017543249095,"(2, 4, 0, 1, 3, 5)",332
181,False,0.7950296306641305,2.775318264119594,"(1, 3, 4, 0, 5, 2)",333
341,False,0.7950296306641309,2.775318264119595,"(2, 5, 0, 4, 3, 1)",334
190,False,0.7940876746716933,2.7755785559907156,"(1, 3, 5, 4, 0, 2)",335
257,False,0.7940876746716938,2.7755785559907165,"(2, 0, 4, 5, 3, 1)",336
188,False,0.8039491497390772,2.7760956045038854,"(1, 3, 5, 2, 0, 4)",337
204,False,0.793207060894984,2.7797846258254024,"(1, 4, 3, 0, 2, 5)",338
261,False,0.7997661214766696,2.781337016074153,"(2, 0, 5, 3, 4, 1)",339
208,False,0.79976612147667,2.7813370160741533,"(1, 4, 3, 5, 0, 2)",340
195,False,0.7863924281247411,2.7814779970724746,"(1, 4, 0, 3, 5, 2)",341
349,False,0.7863924281247415,2.7814779970724754,"(2, 5, 3, 0, 4, 1)",342
260,False,0.8004949935224133,2.781735864728816,"(2, 0, 5, 3, 1, 4)",343
348,False,0.7964837387074508,2.7818768457271394,"(2, 5, 3, 0, 1, 4)",344
313,False,0.8032102614424292,2.781892891317718,"(2, 4, 0, 1, 5, 3)",345
232,False,0.8014457771787583,2.7840851506060003,"(1, 5, 3, 4, 0, 2)",346
255,False,0.8014457771787583,2.7840851506060003,"(2, 0, 4, 3, 5, 1)",347
230,False,0.8005675798673446,2.7846021991191696,"(1, 5, 3, 2, 0, 4)",348
314,False,0.8004544053442664,2.7877569394068504,"(2, 4, 0, 3, 1, 5)",349
316,False,0.7960707576167007,2.788141481784376,"(2, 4, 0, 5, 1, 3)",350
187,False,0.8065945957393569,2.795139251252078,"(1, 3, 5, 0, 4, 2)",351
317,False,0.8065945957393575,2.7951392512520794,"(2, 4, 0, 5, 3, 1)",352
205,False,0.7975862577002935,2.795509463223083,"(1, 4, 3, 0, 5, 2)",353
339,False,0.7975862577002939,2.795509463223084,"(2, 5, 0, 3, 4, 1)",354
186,False,0.7987754952170796,2.795702168969574,"(1, 3, 5, 0, 2, 4)",355
338,False,0.7973987415945352,2.7959083118777475,"(2, 5, 0, 3, 1, 4)",356
229,False,0.7987507832750217,2.8036458458673614,"(1, 5, 3, 0, 4, 2)",357
315,False,0.7987507832750222,2.8036458458673628,"(2, 4, 0, 3, 5, 1)",358
228,False,0.8134834804925621,2.8042087635848563,"(1, 5, 3, 0, 2, 4)",359
