,is_well_nested,ms,ee,perm,i
0,True,0.45638427376224316,2.2028164877254977,"(0, 1, 2, 3, 4, 5)",0
360,True,0.45638427376224316,2.2028164877254977,general_0,1
120,True,0.4711644075063446,2.2058766300394925,"(1, 0, 2, 3, 4, 5)",2
1,False,0.4677856968226621,2.207265992685511,"(0, 1, 2, 3, 5, 4)",3
121,False,0.48166160758427096,2.210326134999506,"(1, 0, 2, 3, 5, 4)",4
5,True,0.4745768002502576,2.213700811443426,"(0, 1, 2, 5, 4, 3)",5
125,True,0.487589937010722,2.2167609537574204,"(1, 0, 2, 5, 4, 3)",6
264,True,0.48106016067547863,2.216951644537075,"(2, 1, 0, 3, 4, 5)",7
4,True,0.47764615123016335,2.2200563205753747,"(0, 1, 2, 5, 3, 4)",8
144,False,0.48422224822420856,2.220101352526174,"(1, 2, 0, 3, 4, 5)",9
240,True,0.47802381000749683,2.221093554605356,"(2, 0, 1, 3, 4, 5)",10
24,False,0.47022149771093846,2.2211831202804615,"(0, 2, 1, 3, 4, 5)",11
265,False,0.49050605414844695,2.2214011494970887,"(2, 1, 0, 3, 5, 4)",12
3,False,0.4753995941367013,2.2218786171323517,"(0, 1, 2, 4, 5, 3)",13
124,True,0.4900464445853696,2.2231164628893696,"(1, 0, 2, 5, 3, 4)",14
2,True,0.47142738371770576,2.223784621304287,"(0, 1, 2, 4, 3, 5)",15
145,False,0.49336336440566,2.2245508574861876,"(1, 2, 0, 3, 5, 4)",16
123,False,0.4877128068094384,2.224938759446347,"(1, 0, 2, 4, 5, 3)",17
241,False,0.48708682935042813,2.2255430595653696,"(2, 0, 1, 3, 5, 4)",18
6,False,0.47287674815082864,2.2255666333346142,"(0, 1, 3, 2, 4, 5)",19
25,False,0.4766148428032812,2.2256326252404746,"(0, 2, 1, 3, 5, 4)",20
122,True,0.481465203936672,2.226844763618282,"(1, 0, 2, 4, 3, 5)",21
269,True,0.4973000656483414,2.227835968255004,"(2, 1, 0, 5, 4, 3)",22
126,False,0.48209457762068186,2.2286267756486096,"(1, 0, 3, 2, 4, 5)",23
23,False,0.47955770277351445,2.229928855049441,"(0, 1, 5, 4, 3, 2)",24
305,False,0.4795577027735149,2.229928855049442,"(2, 3, 4, 5, 1, 0)",25
7,False,0.47864062393955237,2.230016138294628,"(0, 1, 3, 2, 5, 4)",26
149,False,0.5030364037965545,2.2309856762441025,"(1, 2, 0, 5, 4, 3)",27
245,True,0.492137096601739,2.231977878323284,"(2, 0, 1, 5, 4, 3)",28
29,False,0.4824051167283703,2.232067443998388,"(0, 2, 1, 5, 4, 3)",29
143,False,0.4924654063090463,2.232988997363436,"(1, 0, 5, 4, 3, 2)",30
304,False,0.4924654063090463,2.232988997363436,"(2, 3, 4, 5, 0, 1)",31
127,False,0.48723475823269663,2.233076280608623,"(1, 0, 3, 2, 5, 4)",32
268,True,0.5033208566034588,2.2341914773869522,"(2, 1, 0, 5, 3, 4)",33
267,False,0.4971151439288724,2.23601377394393,"(2, 1, 0, 4, 5, 3)",34
22,False,0.4864511315534388,2.2362764601438467,"(0, 1, 5, 4, 2, 3)",35
148,False,0.5059018723764016,2.237341185376051,"(1, 2, 0, 5, 3, 4)",36
266,True,0.4912277226818445,2.237919778115865,"(2, 1, 0, 4, 3, 5)",37
17,False,0.48552737713682215,2.237984113833651,"(0, 1, 4, 5, 3, 2)",38
311,False,0.4855273771368227,2.2379841138336523,"(2, 3, 5, 4, 1, 0)",39
244,True,0.49642368754901894,2.238333387455233,"(2, 0, 1, 5, 3, 4)",40
28,False,0.4870961137479574,2.238422953130338,"(0, 2, 1, 5, 3, 4)",41
19,False,0.48803186636596735,2.2391264540869793,"(0, 1, 5, 2, 4, 3)",42
147,False,0.5002504164358522,2.239163481933029,"(1, 2, 0, 4, 5, 3)",43
142,False,0.4989217384495745,2.239336602457842,"(1, 0, 5, 4, 2, 3)",44
243,False,0.49253344597557575,2.240155684012211,"(2, 0, 1, 4, 5, 3)",45
27,False,0.48466160363393695,2.240245249687316,"(0, 2, 1, 4, 5, 3)",46
310,False,0.49747305612368453,2.241044256147646,"(2, 3, 5, 4, 0, 1)",47
137,False,0.49747305612368453,2.241044256147646,"(1, 0, 4, 5, 3, 2)",48
146,False,0.4947225737253824,2.2410694861049643,"(1, 2, 0, 4, 3, 5)",49
9,False,0.481218739179511,2.2415040822520997,"(0, 1, 3, 4, 5, 2)",50
359,False,0.4812187391795116,2.241504082252101,"(2, 5, 4, 3, 1, 0)",51
270,False,0.4944046915844212,2.2420419505318727,"(2, 1, 3, 0, 4, 5)",52
242,True,0.488624064622843,2.2420616881841458,"(2, 0, 1, 4, 3, 5)",53
26,False,0.48035621511058646,2.242151253859251,"(0, 2, 1, 4, 3, 5)",54
139,False,0.5021470136138548,2.2421865964009724,"(1, 0, 5, 2, 4, 3)",55
11,False,0.48792525336745696,2.2430284269585146,"(0, 1, 3, 5, 4, 2)",56
335,False,0.4879252533674574,2.2430284269585155,"(2, 4, 5, 3, 1, 0)",57
16,False,0.48701176093520115,2.2443317189280574,"(0, 1, 4, 5, 2, 3)",58
358,False,0.49172424475339754,2.2445642245660946,"(2, 5, 4, 3, 0, 1)",59
129,False,0.49172424475339754,2.2445642245660946,"(1, 0, 3, 4, 5, 2)",60
150,False,0.49563491242548346,2.2451916585209717,"(1, 2, 3, 0, 4, 5)",61
18,False,0.48980353774541024,2.2454819632189276,"(0, 1, 5, 2, 3, 4)",62
21,False,0.4894865274918348,2.245703923992951,"(0, 1, 5, 3, 4, 2)",63
329,False,0.4894865274918353,2.245703923992952,"(2, 4, 3, 5, 1, 0)",64
334,False,0.49876991145359423,2.2460885692725094,"(2, 4, 5, 3, 0, 1)",65
131,False,0.49876991145359423,2.2460885692725094,"(1, 0, 3, 5, 4, 2)",66
294,False,0.4957079011197646,2.246267284229942,"(2, 3, 1, 0, 4, 5)",67
271,False,0.5044891692760686,2.2464914554918862,"(2, 1, 3, 0, 5, 4)",68
136,False,0.49980099579159853,2.2473918612420523,"(1, 0, 4, 5, 2, 3)",69
138,False,0.5028731749182814,2.2485421055329224,"(1, 0, 5, 2, 3, 4)",70
328,False,0.501587968101731,2.248764066306946,"(2, 4, 3, 5, 0, 1)",71
141,False,0.501587968101731,2.248764066306946,"(1, 0, 5, 3, 4, 2)",72
151,False,0.5052965762506106,2.249641163480985,"(1, 2, 3, 0, 5, 4)",73
8,False,0.48193695173281786,2.2497576915184414,"(0, 1, 3, 4, 2, 5)",74
295,False,0.5040168034292158,2.2507167891899553,"(2, 3, 1, 0, 5, 4)",75
246,False,0.4893701300465949,2.251794133475796,"(2, 0, 3, 1, 4, 5)",76
288,False,0.4946644990718285,2.2518775571055842,"(2, 3, 0, 1, 4, 5)",77
30,False,0.48429122543519676,2.2518836991509,"(0, 2, 3, 1, 4, 5)",78
15,False,0.4881077327592212,2.2522348380707458,"(0, 1, 4, 3, 5, 2)",79
353,False,0.48810773275922187,2.2522348380707475,"(2, 5, 3, 4, 1, 0)",80
128,False,0.4919340578082733,2.2528178338324363,"(1, 0, 3, 4, 2, 5)",81
135,False,0.498112998929616,2.2552949803847406,"(1, 0, 4, 3, 5, 2)",82
352,False,0.498112998929616,2.2552949803847406,"(2, 5, 3, 4, 0, 1)",83
13,False,0.486983508135303,2.255359518560115,"(0, 1, 4, 2, 5, 3)",84
10,False,0.4892526162683051,2.2557315411848693,"(0, 1, 3, 5, 2, 4)",85
247,False,0.49712449356184374,2.2562436384358096,"(2, 0, 3, 1, 5, 4)",86
289,False,0.5032238646793802,2.2563270620655977,"(2, 3, 0, 1, 5, 4)",87
31,False,0.4903646742485678,2.2563332041109136,"(0, 2, 3, 1, 5, 4)",88
48,False,0.484501251603811,2.256600532459699,"(0, 3, 1, 2, 4, 5)",89
273,False,0.49367245014363537,2.2569469258841197,"(2, 1, 3, 4, 5, 0)",90
118,False,0.49367245014363537,2.2569469258841197,"(0, 5, 4, 3, 1, 2)",91
12,False,0.48578444771179297,2.257265522732051,"(0, 1, 4, 2, 3, 5)",92
20,False,0.4942072116597927,2.2584070382193056,"(0, 1, 5, 3, 2, 4)",93
133,False,0.49884794055873566,2.25841966087411,"(1, 0, 4, 2, 5, 3)",94
130,False,0.5023363122219375,2.258791683498864,"(1, 0, 3, 5, 2, 4)",95
153,False,0.4888030243207868,2.2600966338732187,"(1, 2, 3, 4, 5, 0)",96
119,False,0.48880302432078687,2.260096633873219,"(0, 5, 4, 3, 2, 1)",97
132,False,0.49566930997349545,2.2603256650460457,"(1, 0, 4, 2, 3, 5)",98
168,False,0.4977722875334403,2.2603706710263713,"(1, 3, 0, 2, 4, 5)",99
14,False,0.4850595745407949,2.2604884473370874,"(0, 1, 4, 3, 2, 5)",100
49,False,0.48994921982791007,2.2610500374197127,"(0, 3, 1, 2, 5, 4)",101
115,False,0.4968742960966845,2.2611722595821893,"(0, 5, 4, 1, 3, 2)",102
297,False,0.4968742960966845,2.2611722595821893,"(2, 3, 1, 4, 5, 0)",103
140,False,0.5082494241704396,2.2614671805333004,"(1, 0, 5, 3, 2, 4)",104
101,False,0.4963301471082753,2.2615075962309437,"(0, 5, 1, 4, 3, 2)",105
303,False,0.49633014710827567,2.2615075962309446,"(2, 3, 4, 1, 5, 0)",106
174,False,0.5026366339694704,2.262710831412052,"(1, 3, 2, 0, 4, 5)",107
134,False,0.49510825920370577,2.2635485896510827,"(1, 0, 4, 3, 2, 5)",108
275,False,0.4974039448764445,2.2638988920915266,"(2, 1, 3, 5, 4, 0)",109
94,False,0.4974039448764445,2.2638988920915266,"(0, 4, 5, 3, 1, 2)",110
54,False,0.48716459577377036,2.264550965721022,"(0, 3, 2, 1, 4, 5)",111
169,False,0.5067351245577463,2.264820175986385,"(1, 3, 0, 2, 5, 4)",112
272,False,0.5025431812386089,2.265110969475356,"(2, 1, 3, 4, 0, 5)",113
95,False,0.49693434194657604,2.267048600080625,"(0, 4, 5, 3, 2, 1)",114
155,False,0.49693434194657604,2.267048600080625,"(1, 2, 3, 5, 4, 0)",115
175,False,0.5117592014950272,2.267160336372065,"(1, 3, 2, 0, 5, 4)",116
114,False,0.49839108849757374,2.2675198646765953,"(0, 5, 4, 1, 2, 3)",117
100,False,0.49809394828653397,2.2678552013253492,"(0, 5, 1, 4, 2, 3)",118
299,False,0.4993619695877065,2.2681242257895957,"(2, 3, 1, 5, 4, 0)",119
91,False,0.4993619695877066,2.268124225789596,"(0, 4, 5, 1, 3, 2)",120
283,False,0.5156630098494169,2.268257800528486,"(2, 1, 5, 0, 4, 3)",121
152,False,0.5008908219882258,2.268260677464455,"(1, 2, 3, 4, 0, 5)",122
55,False,0.492117345047099,2.2690004706810356,"(0, 3, 2, 1, 5, 4)",123
296,False,0.5014441638742635,2.269336303173425,"(2, 3, 1, 4, 0, 5)",124
302,False,0.50160273398916,2.269671639822181,"(2, 3, 4, 1, 0, 5)",125
221,False,0.5114721374636337,2.2701220322441236,"(1, 5, 0, 4, 3, 2)",126
301,False,0.5114721374636342,2.2701220322441245,"(2, 3, 4, 0, 5, 1)",127
97,False,0.5014720837927633,2.2707051952684814,"(0, 5, 1, 2, 4, 3)",128
163,False,0.5192545330108036,2.2714075085175853,"(1, 2, 5, 0, 4, 3)",129
64,False,0.4962060148650922,2.271733610106386,"(0, 3, 4, 5, 1, 2)",130
287,False,0.4962060148650922,2.271733610106386,"(2, 1, 5, 4, 3, 0)",131
357,False,0.49512667250698184,2.2725379813771847,"(2, 5, 4, 1, 3, 0)",132
51,False,0.49512667250698184,2.2725379813771847,"(0, 3, 1, 4, 5, 2)",133
259,False,0.5142163164803567,2.2735948258186456,"(2, 0, 5, 1, 4, 3)",134
43,False,0.501933106673645,2.2736843914937497,"(0, 2, 5, 1, 4, 3)",135
53,False,0.498856743574619,2.2740623260835995,"(0, 3, 1, 5, 4, 2)",136
333,False,0.49885674357461907,2.2740623260836,"(2, 4, 5, 1, 3, 0)",137
90,False,0.4995449186030575,2.2744718308840017,"(0, 4, 5, 1, 2, 3)",138
282,False,0.5206493049748461,2.2746133096604346,"(2, 1, 5, 0, 3, 4)",139
281,False,0.5026539260030652,2.2748767096012745,"(2, 1, 4, 5, 3, 0)",140
70,False,0.5026539260030652,2.2748767096012745,"(0, 3, 5, 4, 1, 2)",141
65,False,0.4973471499024528,2.274883318095485,"(0, 3, 4, 5, 2, 1)",142
167,False,0.4973471499024528,2.274883318095485,"(1, 2, 5, 4, 3, 0)",143
300,False,0.5062849645209871,2.2752259335213667,"(2, 3, 4, 0, 1, 5)",144
238,False,0.5041651088408438,2.2753135448412216,"(1, 5, 4, 3, 0, 2)",145
249,False,0.5041651088408442,2.2753135448412225,"(2, 0, 3, 4, 5, 1)",146
291,False,0.512040167572163,2.2753969684710107,"(2, 3, 0, 4, 5, 1)",147
235,False,0.5120401675721631,2.2753969684710116,"(1, 5, 4, 0, 3, 2)",148
239,False,0.49207837756337913,2.2754031105163275,"(1, 5, 4, 3, 2, 0)",149
33,False,0.49207837756337913,2.2754031105163275,"(0, 2, 3, 4, 5, 1)",150
279,False,0.5021889401742601,2.2754215516576934,"(2, 1, 4, 3, 5, 0)",151
112,False,0.5021889401742602,2.2754215516576934,"(0, 5, 3, 4, 1, 2)",152
355,False,0.5120128152808517,2.276308119943857,"(2, 5, 4, 0, 3, 1)",153
171,False,0.5120128152808517,2.276308119943857,"(1, 3, 0, 4, 5, 2)",154
220,False,0.5150126617868538,2.276469637338529,"(1, 5, 0, 4, 2, 3)",155
274,False,0.5141659071671831,2.276512440642776,"(2, 1, 3, 5, 0, 4)",156
77,False,0.49885557110119194,2.2765148212225617,"(0, 4, 1, 5, 3, 2)",157
309,False,0.498855571101192,2.2765148212225617,"(2, 3, 5, 1, 4, 0)",158
96,False,0.4998652711646031,2.27706070440043,"(0, 5, 1, 2, 3, 4)",159
99,False,0.5033843836548594,2.2772826651744533,"(0, 5, 1, 3, 4, 2)",160
327,False,0.5033843836548598,2.2772826651744547,"(2, 4, 3, 1, 5, 0)",161
117,False,0.5007478082830671,2.277615806764299,"(0, 5, 4, 2, 3, 1)",162
177,False,0.5007478082830671,2.277615806764299,"(1, 3, 2, 4, 5, 0)",163
162,False,0.519514916383415,2.2777630176495336,"(1, 2, 5, 0, 3, 4)",164
173,False,0.5196841385759495,2.2778324646502717,"(1, 3, 0, 5, 4, 2)",165
331,False,0.5196841385759495,2.2778324646502717,"(2, 4, 5, 0, 3, 1)",166
286,False,0.5108079761184438,2.2779916495256867,"(2, 1, 5, 4, 0, 3)",167
161,False,0.5020714228474747,2.2780264175903735,"(1, 2, 4, 5, 3, 0)",168
71,False,0.5020714228474747,2.2780264175903735,"(0, 3, 5, 4, 2, 1)",169
113,False,0.5012442817183151,2.2785712596467915,"(0, 5, 3, 4, 2, 1)",170
159,False,0.5012442817183156,2.2785712596467924,"(1, 2, 4, 3, 5, 0)",171
356,False,0.5048170487492315,2.2787960207964852,"(2, 5, 4, 1, 0, 3)",172
88,False,0.5035884061132039,2.2792304183702115,"(0, 4, 3, 5, 1, 2)",173
285,False,0.5035884061132038,2.2792304183702115,"(2, 1, 5, 3, 4, 0)",174
217,False,0.5183922737474193,2.279319631281661,"(1, 5, 0, 2, 4, 3)",175
354,False,0.5128092127311563,2.279506017049164,"(2, 5, 4, 0, 1, 3)",176
277,False,0.5179214122804799,2.279578705712301,"(2, 1, 4, 0, 5, 3)",177
154,False,0.5143837282002114,2.279662148631875,"(1, 2, 3, 5, 0, 4)",178
258,False,0.5168911230971509,2.2799503349505943,"(2, 0, 5, 1, 3, 4)",179
214,False,0.5118286295916165,2.2800304619775593,"(1, 4, 5, 3, 0, 2)",180
251,False,0.5118286295916165,2.2800304619775598,"(2, 0, 3, 5, 4, 1)",181
42,False,0.5029326900998781,2.280039900625698,"(0, 2, 5, 1, 3, 4)",182
293,False,0.5198141880242431,2.280113885607348,"(2, 3, 0, 5, 4, 1)",183
211,False,0.5198141880242432,2.2801138856073484,"(1, 4, 5, 0, 3, 2)",184
35,False,0.5014275158874506,2.280120027652664,"(0, 2, 3, 5, 4, 1)",185
215,False,0.501427515887451,2.280120027652665,"(1, 4, 5, 3, 2, 0)",186
332,False,0.51023696303897,2.2803203655029005,"(2, 4, 5, 1, 0, 3)",187
248,False,0.5037969729570972,2.2804174461184656,"(2, 0, 3, 4, 1, 5)",188
290,False,0.5051870913518727,2.280500869748254,"(2, 3, 0, 4, 1, 5)",189
32,False,0.4956139333520305,2.28050701179357,"(0, 2, 3, 4, 1, 5)",190
298,False,0.5135647463025802,2.2807377743408455,"(2, 3, 1, 5, 0, 4)",191
50,False,0.49030109847763165,2.280791590643526,"(0, 3, 1, 4, 2, 5)",192
116,False,0.5027866834432254,2.2808137038696064,"(0, 5, 4, 2, 1, 3)",193
184,False,0.5135622449593932,2.2808407739632175,"(1, 3, 4, 5, 0, 2)",194
263,False,0.5135622449593931,2.2808407739632175,"(2, 0, 5, 4, 3, 1)",195
185,False,0.5018274604553195,2.2809303396383225,"(1, 3, 4, 5, 2, 0)",196
47,False,0.5018274604553195,2.2809303396383225,"(0, 2, 5, 4, 3, 1)",197
330,False,0.5182471604158371,2.2810303617555787,"(2, 4, 5, 0, 1, 3)",198
280,False,0.5160118878588326,2.2811347490205756,"(2, 1, 4, 5, 0, 3)",199
166,False,0.5129903369197542,2.2811413575147856,"(1, 2, 5, 4, 0, 3)",200
276,False,0.5100680755253842,2.2814847098842366,"(2, 1, 4, 0, 3, 5)",201
234,False,0.5153286902626203,2.281744573565417,"(1, 5, 4, 0, 2, 3)",202
165,False,0.502078933136822,2.2823801263593104,"(1, 2, 5, 3, 4, 0)",203
89,False,0.5020789331368222,2.2823801263593104,"(0, 4, 3, 5, 2, 1)",204
157,False,0.5205916750467044,2.2827284137014,"(1, 2, 4, 0, 5, 3)",205
76,False,0.5005107938063711,2.2828624263169677,"(0, 4, 1, 5, 2, 3)",206
307,False,0.5217053413162666,2.282894208164671,"(2, 3, 5, 0, 4, 1)",207
197,False,0.5217053413162667,2.282894208164672,"(1, 4, 0, 5, 3, 2)",208
278,False,0.5073876427997681,2.28358559524893,"(2, 1, 4, 3, 0, 5)",209
262,False,0.5178944579094443,2.284038671068525,"(2, 0, 5, 4, 1, 3)",210
46,False,0.5060023997197118,2.28412823674363,"(0, 2, 5, 4, 1, 3)",211
160,False,0.516489506460082,2.2842844570096745,"(1, 2, 4, 5, 0, 3)",212
170,False,0.5082126716937239,2.284561729210198,"(1, 3, 0, 4, 2, 5)",213
93,False,0.5030058581966131,2.2845677729717053,"(0, 4, 5, 2, 3, 1)",214
179,False,0.503005858196613,2.2845677729717053,"(1, 3, 2, 5, 4, 0)",215
156,False,0.5110822596451993,2.2846344178733355,"(1, 2, 4, 0, 3, 5)",216
326,False,0.5077018592898369,2.285446708765691,"(2, 4, 3, 1, 0, 5)",217
257,False,0.5152886078499708,2.2855923615880744,"(2, 0, 4, 5, 3, 1)",218
190,False,0.5152886078499708,2.2855923615880744,"(1, 3, 5, 4, 0, 2)",219
216,False,0.5190735051560179,2.28567514041361,"(1, 5, 0, 2, 3, 4)",220
41,False,0.5042580263274187,2.28568192726318,"(0, 2, 4, 5, 3, 1)",221
191,False,0.5042580263274187,2.28568192726318,"(1, 3, 5, 4, 2, 0)",222
176,False,0.508790141314117,2.285779850355535,"(1, 3, 2, 4, 0, 5)",223
219,False,0.5196559270682339,2.285897101187633,"(1, 5, 0, 3, 4, 2)",224
325,False,0.5196559270682345,2.285897101187634,"(2, 4, 3, 0, 5, 1)",225
210,False,0.5226908457352047,2.2864614907017544,"(1, 4, 5, 0, 2, 3)",226
253,False,0.5083193977196292,2.286524219132429,"(2, 0, 4, 1, 5, 3)",227
37,False,0.5033339339122797,2.2866137848075345,"(0, 2, 4, 1, 5, 3)",228
343,False,0.5167193522732308,2.286733858463649,"(2, 5, 1, 0, 4, 3)",229
158,False,0.5107870159454632,2.2867353032380286,"(1, 2, 4, 3, 0, 5)",230
52,False,0.5029505782909991,2.286765440309954,"(0, 3, 1, 5, 2, 4)",231
103,False,0.5050026834823079,2.2868965001202897,"(0, 5, 2, 1, 4, 3)",232
92,False,0.5055612218440602,2.287765670077013,"(0, 4, 5, 2, 1, 3)",233
337,False,0.5196965061018485,2.2879289736855295,"(2, 5, 0, 1, 4, 3)",234
237,False,0.5011391260560263,2.2880703770864486,"(1, 5, 4, 2, 3, 0)",235
57,False,0.5011391260560263,2.2880703770864486,"(0, 3, 2, 4, 5, 1)",236
252,False,0.5063031763428674,2.2884302233043643,"(2, 0, 4, 1, 3, 5)",237
36,False,0.49456784046545044,2.2885197889794693,"(0, 2, 4, 1, 3, 5)",238
256,False,0.516591165043634,2.288790258693382,"(2, 0, 4, 5, 1, 3)",239
40,False,0.5049625990801402,2.288879824368487,"(0, 2, 4, 5, 1, 3)",240
308,False,0.5143585341924044,2.2891283697738114,"(2, 3, 5, 1, 0, 4)",241
196,False,0.5240991758241593,2.2892418132590775,"(1, 4, 0, 5, 2, 3)",242
250,False,0.5150750532541728,2.289583868214816,"(2, 0, 3, 5, 1, 4)",243
292,False,0.5239673116246094,2.289667291844604,"(2, 3, 0, 5, 1, 4)",244
34,False,0.5047189065014197,2.289673433889921,"(0, 2, 3, 5, 1, 4)",245
98,False,0.5064322652847622,2.289985779400808,"(0, 5, 1, 3, 2, 4)",246
61,False,0.5036762779632402,2.29020966804155,"(0, 3, 4, 1, 5, 2)",247
347,False,0.5036762779632403,2.29020966804155,"(2, 5, 1, 4, 3, 0)",248
172,False,0.5244430684002969,2.2905355788766264,"(1, 3, 0, 5, 2, 4)",249
75,False,0.5011764918281347,2.2907655454596565,"(0, 4, 1, 3, 5, 2)",250
351,False,0.5011764918281347,2.2907655454596565,"(2, 5, 3, 1, 4, 0)",251
208,False,0.5192993152175386,2.290946830602481,"(1, 4, 3, 5, 0, 2)",252
261,False,0.5192993152175386,2.290946830602481,"(2, 0, 5, 3, 4, 1)",253
255,False,0.5133686781586558,2.290981501091001,"(2, 0, 4, 3, 5, 1)",254
232,False,0.5133686781586559,2.2909815010910015,"(1, 5, 3, 4, 0, 2)",255
324,False,0.5120012571723179,2.291001002464877,"(2, 4, 3, 0, 1, 5)",256
45,False,0.5059323495976917,2.2910363962775864,"(0, 2, 5, 3, 4, 1)",257
209,False,0.5059323495976917,2.2910363962775864,"(1, 4, 3, 5, 2, 0)",258
39,False,0.5023787930639969,2.2910710667661065,"(0, 2, 4, 3, 5, 1)",259
233,False,0.5023787930639969,2.2910710667661065,"(1, 5, 3, 4, 2, 0)",260
284,False,0.5144565427576886,2.291843966921461,"(2, 1, 5, 3, 0, 4)",261
306,False,0.5241412437601118,2.292447614401927,"(2, 3, 5, 0, 1, 4)",262
213,False,0.5044957200741577,2.2927872942227863,"(1, 4, 5, 2, 3, 0)",263
59,False,0.5044957200741577,2.2927872942227863,"(0, 3, 2, 5, 4, 1)",264
342,False,0.5178814042989865,2.293089367595599,"(2, 5, 1, 0, 3, 4)",265
56,False,0.4993636660157731,2.2931742783636917,"(0, 3, 2, 4, 1, 5)",266
102,False,0.5084360993640373,2.2932520092522384,"(0, 5, 2, 1, 3, 4)",267
73,False,0.5038238888053788,2.293890225949026,"(0, 4, 1, 2, 5, 3)",268
107,False,0.5078512629560338,2.2941424482648625,"(0, 5, 2, 4, 3, 1)",269
183,False,0.5078512629560338,2.2941424482648625,"(1, 3, 4, 2, 5, 0)",270
336,False,0.5209294533075379,2.2942844828174778,"(2, 5, 0, 1, 3, 4)",271
223,False,0.5183492071229377,2.2943158209115904,"(1, 5, 2, 0, 4, 3)",272
236,False,0.5123256511789568,2.29432841650575,"(1, 5, 4, 2, 0, 3)",273
323,False,0.5094953725743647,2.2948771122428537,"(2, 4, 1, 5, 3, 0)",274
67,False,0.5094953725743647,2.2948771122428537,"(0, 3, 5, 1, 4, 2)",275
164,False,0.5170732962905961,2.29499367491056,"(1, 2, 5, 3, 0, 4)",276
341,False,0.5235457897002636,2.295174921830101,"(2, 5, 0, 4, 3, 1)",277
181,False,0.5235457897002636,2.295174921830101,"(1, 3, 4, 0, 5, 2)",278
109,False,0.5070032187700307,2.2954219542992718,"(0, 5, 3, 1, 4, 2)",279
321,False,0.5070032187700313,2.2954219542992726,"(2, 4, 1, 3, 5, 0)",280
72,False,0.5002125128862923,2.295796230120961,"(0, 4, 1, 2, 3, 5)",281
254,False,0.5071420348953786,2.2960854023682438,"(2, 0, 4, 3, 1, 5)",282
38,False,0.5023999904667553,2.296174968043349,"(0, 2, 4, 3, 1, 5)",283
346,False,0.5082693107378549,2.296467707460851,"(2, 5, 1, 4, 0, 3)",284
195,False,0.5184311849840108,2.2971449324017668,"(1, 4, 0, 3, 5, 2)",285
349,False,0.5184311849840108,2.2971449324017668,"(2, 5, 3, 0, 4, 1)",286
178,False,0.5204815746910233,2.2971813215229555,"(1, 3, 2, 5, 0, 4)",287
106,False,0.508576477289922,2.29734034537017,"(0, 5, 2, 4, 1, 3)",288
345,False,0.5039246901692386,2.297706476305376,"(2, 5, 1, 3, 4, 0)",289
85,False,0.5039246901692386,2.297706476305376,"(0, 4, 3, 1, 5, 2)",290
63,False,0.5051388787727854,2.2977916304894914,"(0, 3, 4, 2, 5, 1)",291
227,False,0.5051388787727854,2.297791630489492,"(1, 5, 2, 4, 3, 0)",292
340,False,0.5230342065745691,2.298372818935408,"(2, 5, 0, 4, 1, 3)",293
60,False,0.5007875297562064,2.2984632773078917,"(0, 3, 4, 1, 2, 5)",294
218,False,0.523189016043955,2.298600215413988,"(1, 5, 0, 3, 2, 4)",295
74,False,0.5010611846948663,2.299019154725998,"(0, 4, 1, 3, 2, 5)",296
212,False,0.5185999251663159,2.299045333642087,"(1, 4, 5, 2, 0, 3)",297
319,False,0.5253870053069628,2.29957910835388,"(2, 4, 1, 0, 5, 3)",298
193,False,0.5206129150242658,2.300269612891136,"(1, 4, 0, 2, 5, 3)",299
260,False,0.5222140638430327,2.3005002368397367,"(2, 0, 5, 3, 1, 4)",300
44,False,0.5087349314016733,2.3005898025148426,"(0, 2, 5, 3, 1, 4)",301
222,False,0.5216836836954979,2.3006713300435386,"(1, 5, 2, 0, 3, 4)",302
322,False,0.5225068943409171,2.3011351516621548,"(2, 4, 1, 5, 0, 3)",303
187,False,0.5296144552602189,2.301450854161373,"(1, 3, 5, 0, 4, 2)",304
317,False,0.5296144552602189,2.301450854161373,"(2, 4, 0, 5, 3, 1)",305
318,False,0.5163249122732221,2.3014851125258153,"(2, 4, 1, 0, 3, 5)",306
192,False,0.5151264936928935,2.302175617063071,"(1, 4, 0, 2, 3, 5)",307
182,False,0.5159108094358112,2.302306491856099,"(1, 3, 4, 2, 0, 5)",308
58,False,0.5085202734778138,2.302340700460042,"(0, 3, 2, 5, 1, 4)",309
313,False,0.5227304370089112,2.3023827117057274,"(2, 4, 0, 1, 5, 3)",310
62,False,0.5048860619206029,2.302895531766734,"(0, 3, 4, 2, 1, 5)",311
350,False,0.5143413032786579,2.3033790940109062,"(2, 5, 3, 1, 0, 4)",312
180,False,0.5173278073988608,2.303428531096442,"(1, 3, 4, 0, 2, 5)",313
320,False,0.5136652859124933,2.303585997890509,"(2, 4, 1, 3, 0, 5)",314
226,False,0.5156908891912314,2.3040496699087925,"(1, 5, 2, 4, 0, 3)",315
207,False,0.5097991559642281,2.304248504904126,"(1, 4, 3, 2, 5, 0)",316
105,False,0.5097991559642283,2.3042485049041264,"(0, 5, 2, 3, 4, 1)",317
312,False,0.5153852155257485,2.304288715877663,"(2, 4, 0, 1, 3, 5)",318
316,False,0.5290117053188835,2.3046487512666802,"(2, 4, 0, 5, 1, 3)",319
205,False,0.5251020104269571,2.305280978469365,"(1, 4, 3, 0, 5, 2)",320
339,False,0.5251020104269571,2.305280978469365,"(2, 5, 0, 3, 4, 1)",321
87,False,0.5075510982731101,2.3052884387533172,"(0, 4, 3, 2, 5, 1)",322
225,False,0.5075510982731101,2.3052884387533172,"(1, 5, 2, 3, 4, 0)",323
194,False,0.5152128198320189,2.305398541668108,"(1, 4, 0, 3, 2, 5)",324
69,False,0.5089027581058058,2.305651647120717,"(0, 3, 5, 2, 4, 1)",325
203,False,0.5089027581058059,2.3056516471207176,"(1, 4, 2, 5, 3, 0)",326
189,False,0.507779873052886,2.3058460020971268,"(1, 3, 5, 2, 4, 0)",327
83,False,0.507779873052886,2.3058460020971268,"(0, 4, 2, 5, 3, 1)",328
84,False,0.5049986324574642,2.305960085571717,"(0, 4, 3, 1, 2, 5)",329
201,False,0.5127673797233193,2.306196489177136,"(1, 4, 2, 3, 5, 0)",330
111,False,0.5127673797233194,2.3061964891771365,"(0, 5, 3, 2, 4, 1)",331
348,False,0.5218366766784475,2.3066983386390225,"(2, 5, 3, 0, 1, 4)",332
79,False,0.506592342504407,2.306777859641481,"(0, 4, 2, 1, 5, 3)",333
229,False,0.5214812935530051,2.3068399936642994,"(1, 5, 3, 0, 4, 2)",334
315,False,0.5214812935530052,2.3068399936642994,"(2, 4, 0, 3, 5, 1)",335
66,False,0.5125378853729262,2.3075802264692085,"(0, 3, 5, 1, 2, 4)",336
108,False,0.5141874614019966,2.3081250685256265,"(0, 5, 3, 1, 2, 4)",337
78,False,0.5065417866145234,2.308683863813416,"(0, 4, 2, 1, 3, 5)",338
82,False,0.513318504782966,2.309043899202434,"(0, 4, 2, 5, 1, 3)",339
344,False,0.5171395297065169,2.3103200248566256,"(2, 5, 1, 3, 0, 4)",340
199,False,0.5283522635512784,2.3103536432317435,"(1, 4, 2, 0, 5, 3)",341
86,False,0.5023365457082971,2.3103923400305595,"(0, 4, 3, 2, 1, 5)",342
81,False,0.5106725673551361,2.3112351416000525,"(0, 4, 2, 3, 5, 1)",343
231,False,0.5106725673551363,2.3112351416000534,"(1, 5, 3, 2, 4, 0)",344
202,False,0.5262836667065367,2.311909686540018,"(1, 4, 2, 5, 0, 3)",345
314,False,0.5193282478774379,2.3119438949415425,"(2, 4, 0, 3, 1, 5)",346
198,False,0.5205334229924683,2.312259647403679,"(1, 4, 2, 0, 3, 5)",347
206,False,0.5178981749529686,2.3124125484953626,"(1, 4, 3, 2, 0, 5)",348
204,False,0.5211852686478906,2.313534587735706,"(1, 4, 3, 0, 2, 5)",349
104,False,0.5149316193179576,2.3138019111413826,"(0, 5, 2, 3, 1, 4)",350
186,False,0.5306614990284616,2.3141539683877275,"(1, 3, 5, 0, 2, 4)",351
200,False,0.5189808009035033,2.3143605327683727,"(1, 4, 2, 3, 0, 5)",352
338,False,0.5278067157418288,2.3148343847066206,"(2, 5, 0, 3, 1, 4)",353
68,False,0.5154968863568862,2.315205053357973,"(0, 3, 5, 2, 1, 4)",354
110,False,0.515137195183906,2.315749895414391,"(0, 5, 3, 2, 1, 4)",355
80,False,0.5076439232571495,2.3163390428772956,"(0, 4, 2, 3, 1, 5)",356
224,False,0.520141485103324,2.317901987304567,"(1, 5, 2, 3, 0, 4)",357
188,False,0.5254697983702984,2.3184595506483765,"(1, 3, 5, 2, 0, 4)",358
228,False,0.5287127765399129,2.319543107890654,"(1, 5, 3, 0, 2, 4)",359
230,False,0.5216548894028297,2.323848690151303,"(1, 5, 3, 2, 0, 4)",360
512,False,0.6514770433060811,2.6502699061128228,general_152,361
685,False,0.6516048741350597,2.6504200694455555,general_325,362
708,False,0.6516298202263007,2.650559849648009,general_348,363
456,False,0.6514533422504399,2.650574660134165,general_96,364
371,False,0.6518897303902504,2.6507660997249323,general_11,365
514,False,0.651321842800514,2.650915314362215,general_154,366
595,False,0.6516776961841209,2.6509808227073712,general_235,367
597,False,0.6515387816218139,2.650998539051338,general_237,368
427,False,0.6512540442662088,2.6510528898390624,general_67,369
633,False,0.6514472605408761,2.6510871421632025,general_273,370
684,False,0.651606382508358,2.6512044453083137,general_324,371
531,False,0.6520987341283839,2.6512080850094275,general_171,372
493,False,0.6513701928323148,2.651212951920777,general_133,373
365,False,0.651822049883673,2.6513638637986916,general_5,374
567,False,0.6518638801550222,2.6513749789893915,general_207,375
488,False,0.651771136495023,2.6514290571686625,general_128,376
695,False,0.651596124177334,2.6515194815719694,general_335,377
569,False,0.6520601454895878,2.65162784852462,general_209,378
627,False,0.6518889025671256,2.651686452139067,general_267,379
392,False,0.651592546408976,2.651857074489283,general_32,380
711,False,0.6521178283315047,2.652088051024813,general_351,381
580,False,0.6518464792110821,2.6521431539979234,general_220,382
585,False,0.6518203839856683,2.6521846535720788,general_225,383
583,False,0.6517921727419166,2.6522129214439367,general_223,384
461,False,0.6523506698341572,2.6522456680803694,general_101,385
616,False,0.6525308882611094,2.6522702071395257,general_256,386
613,False,0.6523866342295928,2.652276819113188,general_253,387
491,False,0.6521125186524657,2.6522834788800136,general_131,388
639,False,0.6523013724603213,2.6522860174689242,general_279,389
696,False,0.6524505638203467,2.652301550528545,general_336,390
572,False,0.6517548349118844,2.6523300332011983,general_212,391
431,False,0.6522125307004951,2.6523551811157042,general_71,392
487,False,0.6520813970865595,2.6524147858359424,general_127,393
486,False,0.6520204220396046,2.652418165581072,general_126,394
463,False,0.6518977751022647,2.652499555378833,general_103,395
528,False,0.652453697351534,2.6525056319673217,general_168,396
650,False,0.651928586484427,2.652519739855427,general_290,397
526,False,0.6519284808831127,2.6525658507230654,general_166,398
576,False,0.6526237120139503,2.6525738279467284,general_216,399
699,False,0.652206843522186,2.6526265932938267,general_339,400
593,False,0.6520896923185169,2.652630365345259,general_233,401
559,False,0.6521806317815103,2.6526390077107886,general_199,402
520,False,0.652060120341038,2.652669859974204,general_160,403
686,False,0.6522550398631026,2.652700692047098,general_326,404
410,False,0.6522548368004989,2.6527106366474253,general_50,405
568,False,0.6522776216498369,2.652740144156999,general_208,406
532,False,0.6523263756807298,2.652790896796751,general_172,407
574,False,0.6518599267808037,2.652792504604535,general_214,408
423,False,0.6525034191285415,2.6528575681641064,general_63,409
416,False,0.6522012420305265,2.6529227379044213,general_56,410
700,False,0.6524644333830737,2.6529319160588622,general_340,411
642,False,0.6523734062782486,2.6529842087476023,general_282,412
662,False,0.6525964445307818,2.653022418317172,general_302,413
413,False,0.652469201747324,2.6530344288751966,general_53,414
543,False,0.6522170830211973,2.653065291914794,general_183,415
670,False,0.6526858493183543,2.6530777674828006,general_310,416
683,False,0.6524802482821128,2.6530905611701483,general_323,417
408,False,0.6521869002372983,2.653091058719002,general_48,418
384,False,0.6521826082020997,2.653104288655549,general_24,419
422,False,0.6522028421967884,2.653140889965562,general_62,420
471,False,0.6524120776638677,2.653147309522403,general_111,421
603,False,0.6518228656137222,2.653151570773682,general_243,422
621,False,0.652738480431227,2.6531881714817813,general_261,423
713,False,0.6523786437664805,2.653222333836188,general_353,424
637,False,0.6525021069807839,2.65323825350115,general_277,425
655,False,0.6526762377686423,2.6532410492987273,general_295,426
546,False,0.6522283259045386,2.6532851648217157,general_186,427
592,False,0.6522059203683815,2.6532895315975273,general_232,428
679,False,0.6526391653452516,2.6532952086487787,general_319,429
577,False,0.652929675223033,2.6533075259674916,general_217,430
370,False,0.6531332527327263,2.6533490579565315,general_10,431
462,False,0.6521129904132184,2.653362306205504,general_102,432
566,False,0.6526161753536693,2.6533804591476926,general_206,433
710,False,0.6523932107707155,2.6533832781821727,general_350,434
433,False,0.6525405303617665,2.653388127575579,general_73,435
688,False,0.652580959881553,2.653423435082093,general_328,436
556,False,0.6528540950473976,2.653441669841556,general_196,437
389,False,0.6527207815411068,2.6534454654433497,general_29,438
678,False,0.6522868000289551,2.653452038898286,general_318,439
375,False,0.6529674313053732,2.653461788999885,general_15,440
372,False,0.6526881383256874,2.6535024708746047,general_12,441
541,False,0.6527447991166345,2.6535051628856294,general_181,442
561,False,0.6527072829737027,2.6535152315430124,general_201,443
464,False,0.6527626511616879,2.653560666301879,general_104,444
376,False,0.6523009131123715,2.6536004927433146,general_16,445
406,False,0.6527154251941539,2.6536394603519087,general_46,446
630,False,0.6526592628666493,2.6536436865834996,general_270,447
399,False,0.6528981542439725,2.653662351154237,general_39,448
402,False,0.6526000822383732,2.6536857849778217,general_42,449
385,False,0.652853058210928,2.6537146699683625,general_25,450
498,False,0.6526880097727674,2.653740476587529,general_138,451
644,False,0.6526254390184498,2.65374116459963,general_284,452
717,False,0.6528153574085058,2.6537536323078665,general_357,453
582,False,0.6530899466344864,2.6537737142441307,general_222,454
455,False,0.6529564864060252,2.653802603706709,general_95,455
506,False,0.6532604832355167,2.6538084680312988,general_146,456
515,False,0.6527501761284296,2.6538211114093966,general_155,457
398,False,0.6524636709165808,2.6538315623615993,general_38,458
393,False,0.6521637088613276,2.6538329913922514,general_33,459
432,False,0.652610311728857,2.6538412895061385,general_72,460
698,False,0.65284938089877,2.653850522412019,general_338,461
607,False,0.652316822283947,2.653886677321787,general_247,462
396,False,0.6525684566005847,2.6539058907787183,general_36,463
578,False,0.6529432816420417,2.653909986805311,general_218,464
502,False,0.652642188793999,2.653917213603318,general_142,465
479,False,0.6528704356383495,2.6539264786551064,general_119,466
631,False,0.652894153652293,2.6539565935182567,general_271,467
424,False,0.652286871767432,2.6539637578492385,general_64,468
702,False,0.6532558698278862,2.65397782523202,general_342,469
468,False,0.6524609001388041,2.653987125183477,general_108,470
478,False,0.652851896108221,2.653991797443666,general_118,471
538,False,0.6528916721124625,2.6540240344678514,general_178,472
672,False,0.6529059156112498,2.6540314316108535,general_312,473
374,False,0.6525991102801797,2.654041792618133,general_14,474
617,False,0.6525064574976835,2.6540431136316602,general_257,475
675,False,0.652715949353619,2.654046485052115,general_315,476
600,False,0.6522860380608173,2.6540642242551686,general_240,477
417,False,0.6528009978820565,2.6540745227343248,general_57,478
554,False,0.6531929418075071,2.654086209951745,general_194,479
367,False,0.652942938747889,2.6540940869293133,general_7,480
533,False,0.6525938809172773,2.654099667193477,general_173,481
622,False,0.6529020594136776,2.6541030395462823,general_262,482
648,False,0.653234125881871,2.654129100392902,general_288,483
551,False,0.6526049746062934,2.6541350649361166,general_191,484
628,False,0.6526187953427581,2.654186778876325,general_268,485
400,False,0.6530725449860008,2.654191928752631,general_40,486
415,False,0.6526135433412779,2.654216232524398,general_55,487
454,False,0.6528437373069088,2.6542330686415925,general_94,488
542,False,0.652982922994174,2.6542501407371484,general_182,489
470,False,0.6533640431855614,2.65434570065333,general_110,490
651,False,0.6529047600108667,2.6543739906100923,general_291,491
434,False,0.6536107483746156,2.654380621772371,general_74,492
377,False,0.65250653528637,2.6544020204629435,general_17,493
453,False,0.6527364319251885,2.6544075801777747,general_93,494
394,False,0.653308962207708,2.654414716789712,general_34,495
483,False,0.6529392271400951,2.654417995287721,general_123,496
555,False,0.6529177563494383,2.65443348817906,general_195,497
703,False,0.6530842418689652,2.654443732912001,general_343,498
535,False,0.6531656874919006,2.6544534054378532,general_175,499
445,False,0.6528761064537747,2.6544614485364786,general_85,500
611,False,0.6529098581873842,2.654483189887788,general_251,501
610,False,0.6528666498826872,2.654504280856874,general_250,502
657,False,0.6532450276574648,2.6545344167749736,general_297,503
596,False,0.6529892491089149,2.6545548269178463,general_236,504
536,False,0.6530029977999707,2.6545762130952024,general_176,505
403,False,0.6531075195424165,2.654619495016555,general_43,506
549,False,0.652562445309498,2.6546375520121686,general_189,507
563,False,0.6530024558159289,2.6546378645669715,general_203,508
712,False,0.6530858752943948,2.65464007539408,general_352,509
517,False,0.6532235424422154,2.6546468147267683,general_157,510
552,False,0.6529017766055472,2.654651539101848,general_192,511
524,False,0.6531917661934851,2.654652026435362,general_164,512
606,False,0.6524329526679624,2.6546730029039334,general_246,513
504,False,0.6532054778875395,2.654683781421848,general_144,514
691,False,0.6532708871212116,2.654686523270116,general_331,515
564,False,0.6532378771762769,2.654739209680251,general_204,516
497,False,0.6526603611708446,2.654759520354019,general_137,517
364,False,0.6527216189210253,2.654769942000757,general_4,518
405,False,0.6536152700864937,2.654788294769781,general_45,519
653,False,0.6529993184551488,2.6547966992735565,general_293,520
664,False,0.6530044273586251,2.6548017082530757,general_304,521
476,False,0.6524421263785577,2.6548291591283713,general_116,522
511,False,0.6531942517552914,2.6548327132814435,general_151,523
475,False,0.6530296612844656,2.6548389820543288,general_115,524
715,False,0.6532849009830888,2.6548900328186775,general_355,525
473,False,0.6534665680774633,2.6548999013689576,general_113,526
716,False,0.6531542701224953,2.6549235775687183,general_356,527
562,False,0.6531093701976308,2.6549248633721616,general_202,528
590,False,0.65278608592341,2.654925505883834,general_230,529
636,False,0.6529891379422277,2.6549477397070502,general_276,530
509,False,0.6526584526142107,2.655022277164321,general_149,531
692,False,0.6533408187062767,2.655035257218828,general_332,532
641,False,0.6531720204687322,2.6550355095403155,general_281,533
660,False,0.6532038395862367,2.6550849601262856,general_300,534
418,False,0.6530679862265273,2.6550867513516447,general_58,535
647,False,0.653306046448711,2.6551058889248114,general_287,536
441,False,0.6533716411958959,2.655116349006863,general_81,537
589,False,0.65297467149781,2.655116444982535,general_229,538
620,False,0.6526126026432542,2.655122469417533,general_260,539
435,False,0.6532209820593811,2.6551895200826143,general_75,540
412,False,0.6531230297319306,2.655193249346352,general_52,541
645,False,0.6536391506801817,2.6552323534053506,general_285,542
601,False,0.6531234799392991,2.6552348158704193,general_241,543
489,False,0.6531996835709206,2.6552376962459596,general_129,544
407,False,0.6532245450650014,2.6552458856390757,general_47,545
522,False,0.6535078400090779,2.6552470001482575,general_162,546
404,False,0.6532245001085439,2.655250438756087,general_44,547
575,False,0.6534893566697284,2.655257927201154,general_215,548
687,False,0.6532955375942806,2.6552648247263626,general_327,549
429,False,0.6530855316095495,2.655269473185914,general_69,550
388,False,0.6532238314060104,2.655270143187227,general_28,551
666,False,0.653443288050457,2.655277364904432,general_306,552
381,False,0.6532942531139051,2.6552846317274517,general_21,553
591,False,0.6529375338564289,2.6553061389210866,general_231,554
668,False,0.6532374704163957,2.6553110947105134,general_308,555
452,False,0.6537940508315926,2.65535113778364,general_92,556
499,False,0.6532181898529985,2.65535447801612,general_139,557
615,False,0.6531507153957355,2.6553780850210864,general_255,558
573,False,0.6530754058444533,2.655383858075835,general_213,559
505,False,0.6532969162947854,2.6553863840650624,general_145,560
363,False,0.652725235591753,2.655401646994276,general_3,561
448,False,0.653241793524318,2.6554068038744782,general_88,562
383,False,0.6535608264524446,2.6554150201085562,general_23,563
440,False,0.6535990089187164,2.655417433261986,general_80,564
605,False,0.6531274321796591,2.6554181834258928,general_245,565
671,False,0.6532538052960969,2.6554371087066806,general_311,566
709,False,0.6535095565877234,2.6554414855412105,general_349,567
474,False,0.6531970741387823,2.6554456309121104,general_114,568
469,False,0.6530982856058938,2.655448597020209,general_109,569
447,False,0.6526589857690791,2.6554681224484913,general_87,570
390,False,0.6530280590993002,2.6554743614942584,general_30,571
661,False,0.6533701693285643,2.6554865827783667,general_301,572
507,False,0.653093846923688,2.6555380805179905,general_147,573
466,False,0.6531795951454977,2.6555540295342297,general_106,574
439,False,0.653457755819081,2.6555601371425115,general_79,575
659,False,0.6533607351140273,2.655580670678016,general_299,576
386,False,0.6533774024787705,2.6555812484710373,general_26,577
571,False,0.6535080042967314,2.6556587661572326,general_211,578
626,False,0.6533679346705589,2.6556876272528482,general_266,579
697,False,0.6535524992307855,2.6556899279055473,general_337,580
369,False,0.6535756554634851,2.655696300926512,general_9,581
547,False,0.6533507210705471,2.6557192936548875,general_187,582
414,False,0.6536028535582246,2.655729459227244,general_54,583
525,False,0.6533931772571301,2.655732829002311,general_165,584
496,False,0.6529671226032698,2.6557345484695625,general_136,585
635,False,0.653749476022288,2.6557869546772777,general_275,586
584,False,0.6531304211562524,2.655797281717157,general_224,587
382,False,0.6539876580285947,2.655835810375306,general_22,588
673,False,0.6531593566364375,2.6558383714893914,general_313,589
451,False,0.6535567255615137,2.6558858282566007,general_91,590
379,False,0.6534026231116209,2.6558914411615238,general_19,591
444,False,0.653804542440991,2.655911226158955,general_84,592
609,False,0.6533559242906392,2.6559590292308854,general_249,593
594,False,0.6536642847771641,2.6559799857177215,general_234,594
426,False,0.6535829242414539,2.656005116859812,general_66,595
608,False,0.6534731875484859,2.656006794454589,general_248,596
442,False,0.6538824454839026,2.6560148724261525,general_82,597
619,False,0.6540013091812571,2.656030090072626,general_259,598
457,False,0.6535803448971453,2.6560337613908622,general_97,599
368,False,0.6536062111304152,2.6560532598112685,general_8,600
395,False,0.653709549058415,2.6560544439646763,general_35,601
387,False,0.6541974938584416,2.6560566812182973,general_27,602
638,False,0.6538705459450808,2.65605852766695,general_278,603
714,False,0.6540166005752419,2.6560673662921923,general_354,604
537,False,0.65386516559699,2.656073680871147,general_177,605
362,False,0.6532263683564891,2.6560740099017535,general_2,606
649,False,0.6537741512566162,2.656123442204083,general_289,607
366,False,0.653858164509866,2.656141400178136,general_6,608
508,False,0.6535514908397966,2.6561539123266367,general_148,609
550,False,0.6534439701497836,2.6561611076059695,general_190,610
503,False,0.6536882253325241,2.6561699352268224,general_143,611
484,False,0.6536934689069612,2.6561732592850125,general_124,612
465,False,0.6537109112295824,2.6561806123627107,general_105,613
472,False,0.6534077326697588,2.6561921836929736,general_112,614
560,False,0.6533949776201873,2.656196998824402,general_200,615
667,False,0.6535904939093506,2.656203070152889,general_307,616
521,False,0.653477365260789,2.6562317503360484,general_161,617
658,False,0.6538032395276256,2.6562401676161516,general_298,618
570,False,0.6538173112991122,2.6562517783718627,general_210,619
623,False,0.6535307381178853,2.6562725142390797,general_263,620
373,False,0.6533391039285223,2.656275768039032,general_13,621
391,False,0.6535470091666586,2.6562760442034845,general_31,622
654,False,0.6536255449310482,2.6562773985841375,general_294,623
436,False,0.6536308409481757,2.656284155753895,general_76,624
458,False,0.6537094645481486,2.6562942765146795,general_98,625
449,False,0.6537637075862853,2.656305145718739,general_89,626
482,False,0.6532115276273862,2.656338165939074,general_122,627
443,False,0.6536482353162747,2.656341055466905,general_83,628
421,False,0.6533496715838032,2.656352314417692,general_61,629
598,False,0.6534416627720526,2.6563658660643426,general_238,630
599,False,0.6537618895468296,2.6563751636477697,general_239,631
500,False,0.6534714052103301,2.6563806406505046,general_140,632
612,False,0.6538660391985854,2.6564117093286166,general_252,633
494,False,0.6537968926797205,2.6564179766491613,general_134,634
579,False,0.6537031879796076,2.6564828903260214,general_219,635
527,False,0.6541787175266954,2.656527131894988,general_167,636
586,False,0.6535972070934163,2.656532104757421,general_226,637
419,False,0.6533106418602522,2.656539087647618,general_59,638
680,False,0.6539278312462314,2.6565597673607853,general_320,639
625,False,0.6538647029777208,2.656574322583281,general_265,640
519,False,0.6538529860806737,2.656580646344286,general_159,641
640,False,0.6538635940548516,2.656594105675906,general_280,642
587,False,0.653849594840821,2.6566064969638976,general_227,643
378,False,0.6538788774581827,2.6566175008070925,general_18,644
718,False,0.6542718132977869,2.6566245856615516,general_358,645
701,False,0.6538510394200453,2.6566362047259897,general_341,646
545,False,0.6539603729109421,2.656725028537043,general_185,647
544,False,0.6535050053842619,2.6567488975000044,general_184,648
450,False,0.6537369752420802,2.6568077408436785,general_90,649
656,False,0.653546984043934,2.656832083521309,general_296,650
510,False,0.6538435731013836,2.6568368377904195,general_150,651
689,False,0.6538107546229809,2.65686063096529,general_329,652
459,False,0.6538891065789735,2.656907391047135,general_99,653
643,False,0.653918218226677,2.656934871804234,general_283,654
677,False,0.6541728384689354,2.656954440351079,general_317,655
501,False,0.6539825179047315,2.656972036959707,general_141,656
634,False,0.6541166909850217,2.6570144250481063,general_274,657
682,False,0.6541188616183821,2.657047020554074,general_322,658
705,False,0.6538459351731745,2.6571008793108106,general_345,659
477,False,0.6541535670129695,2.657173697932988,general_117,660
516,False,0.6540181958944716,2.657184242512181,general_156,661
430,False,0.6537831621183753,2.6572125533691744,general_70,662
513,False,0.6538591366885387,2.6572162014330942,general_153,663
624,False,0.6541958069362885,2.6572261554757723,general_264,664
553,False,0.6537518956952648,2.6572344644062076,general_193,665
420,False,0.6535716608433844,2.6572473003323345,general_60,666
438,False,0.6538224171238823,2.657307576845663,general_78,667
523,False,0.6541507223759836,2.657345489888174,general_163,668
425,False,0.65410383350712,2.657360939817732,general_65,669
588,False,0.653838777844343,2.6574311089998863,general_228,670
706,False,0.6542142469314743,2.6574637222458133,general_346,671
604,False,0.6540638041336102,2.6574690570326576,general_244,672
548,False,0.6538480742280978,2.657484109567464,general_188,673
581,False,0.6538985755138217,2.6575737195119915,general_221,674
397,False,0.6540282601092597,2.657593016057172,general_37,675
646,False,0.6540324195979753,2.657636086710428,general_286,676
428,False,0.6541363734561856,2.6576512382651623,general_68,677
663,False,0.6543054862327836,2.6576682265577016,general_303,678
460,False,0.6542552374954421,2.6576805172702223,general_100,679
481,False,0.6544670087142167,2.657699764954805,general_121,680
602,False,0.6541826561852291,2.6577506751862545,general_242,681
704,False,0.6539461650336752,2.657773653275266,general_344,682
676,False,0.6540341722742635,2.6577968776422263,general_316,683
446,False,0.6544585857639867,2.6577980440891222,general_86,684
530,False,0.6539121353466399,2.6578140950521902,general_170,685
565,False,0.6543299106779655,2.6578663721685993,general_205,686
674,False,0.6540350153845793,2.6578910826338147,general_314,687
618,False,0.6542852119476924,2.6579187579821806,general_258,688
380,False,0.6541827005193318,2.657948845797229,general_20,689
690,False,0.6542064124599027,2.6579545614071147,general_330,690
540,False,0.6536700725332392,2.6579552830271145,general_180,691
558,False,0.6545652161331479,2.657963092587083,general_198,692
534,False,0.6539676497263208,2.6579664116168,general_174,693
480,False,0.6541806932367832,2.657978246210794,general_120,694
495,False,0.6542968077514741,2.6580444090882605,general_135,695
719,False,0.6540120343385221,2.65809349380263,general_359,696
539,False,0.6544694923348772,2.6580983118329184,general_179,697
490,False,0.653980373751601,2.6581220171320465,general_130,698
652,False,0.6545497034674466,2.658134556026963,general_292,699
467,False,0.6542806906643638,2.658136819746806,general_107,700
614,False,0.6544299517448637,2.6581746178053365,general_254,701
529,False,0.6541130970105131,2.6581918359203094,general_169,702
669,False,0.6542743712924542,2.65821509599717,general_309,703
409,False,0.6544947978767934,2.658240477332222,general_49,704
518,False,0.654150722391578,2.658309098391495,general_158,705
401,False,0.6545788116918768,2.658405091454527,general_41,706
361,False,0.6538414987129019,2.6585684913193113,general_1,707
437,False,0.6544169978941297,2.658593774677663,general_77,708
557,False,0.6547087269873252,2.658790247744378,general_197,709
707,False,0.6551125208790578,2.6588691685218606,general_347,710
492,False,0.6549073930512948,2.658881208949949,general_132,711
632,False,0.6545185302002047,2.659002272788542,general_272,712
629,False,0.6549098606092322,2.6590179316171536,general_269,713
693,False,0.6548048314189762,2.6591834321078105,general_333,714
694,False,0.6550861967516542,2.6594460489370095,general_334,715
411,False,0.6554402410479012,2.659597644350676,general_51,716
681,False,0.6549642797409774,2.659747219663907,general_321,717
665,False,0.6550500300279193,2.6599383773519616,general_305,718
485,False,0.6553006159174412,2.660117698511395,general_125,719
