,is_well_nested,ms,ee,perm,i
1,False,0.7651816164815011,2.5005221206726995,"(0, 1, 2, 3, 5, 4)",0
25,False,0.7964122684106865,2.5147068052433235,"(0, 2, 1, 3, 5, 4)",1
7,False,0.80248774137539,2.518376687573018,"(0, 1, 3, 2, 5, 4)",2
241,False,0.8414824155786356,2.5447731818629387,"(2, 0, 1, 3, 5, 4)",3
0,True,0.7456784808605024,2.5457037248892354,"(0, 1, 2, 3, 4, 5)",4
24,False,0.8162856098998001,2.5598884094598597,"(0, 2, 1, 3, 4, 5)",5
6,False,0.8164196077621751,2.563558291789554,"(0, 1, 3, 2, 4, 5)",6
10,False,0.8134109512841272,2.5639043415212877,"(0, 1, 3, 5, 2, 4)",7
4,True,0.8279608290547936,2.5642184102353696,"(0, 1, 2, 5, 3, 4)",8
31,False,0.8326840309918045,2.5646313473225115,"(0, 2, 3, 1, 5, 4)",9
49,False,0.8313158126303292,2.5667754945325543,"(0, 3, 1, 2, 5, 4)",10
295,False,0.8503969794539219,2.5678771506399283,"(2, 3, 1, 0, 5, 4)",11
121,False,0.8272585434856313,2.5686677118712584,"(1, 0, 2, 3, 5, 4)",12
265,False,0.8470355089428829,2.5716163468392796,"(2, 1, 0, 3, 5, 4)",13
28,False,0.8457595316171447,2.578403094805994,"(0, 2, 1, 5, 3, 4)",14
271,False,0.862192355799635,2.5786355602830007,"(2, 1, 3, 0, 5, 4)",15
20,False,0.8345703973180763,2.586269719538662,"(0, 1, 5, 3, 2, 4)",16
127,False,0.7990955005228951,2.5865222787715774,"(1, 0, 3, 2, 5, 4)",17
240,True,0.8547995196695287,2.589954786079474,"(2, 0, 1, 3, 4, 5)",18
298,False,0.8507534281907538,2.590039807317264,"(2, 3, 1, 5, 0, 4)",19
247,False,0.8473139549783888,2.5946977239421267,"(2, 0, 3, 1, 5, 4)",20
55,False,0.8168996220785587,2.5988454697114243,"(0, 3, 2, 1, 5, 4)",21
274,False,0.8551647255316154,2.6007982169603365,"(2, 1, 3, 5, 0, 4)",22
91,False,0.8458618511413832,2.6018790204177416,"(0, 4, 5, 1, 3, 2)",23
299,False,0.8458618511413833,2.6018790204177416,"(2, 3, 1, 5, 4, 0)",24
18,False,0.83690548226825,2.6044383551530617,"(0, 1, 5, 2, 3, 4)",25
11,False,0.8431624665085014,2.6058099312413794,"(0, 1, 3, 5, 4, 2)",26
335,False,0.8431624665085016,2.60580993124138,"(2, 4, 5, 3, 1, 0)",27
244,True,0.8635609427316235,2.608469471425608,"(2, 0, 1, 5, 3, 4)",28
145,False,0.8615020113234338,2.6096955614182233,"(1, 2, 0, 3, 5, 4)",29
30,False,0.8426002093760947,2.609812951539047,"(0, 2, 3, 1, 4, 5)",30
98,False,0.8431607479082133,2.610673286745039,"(0, 5, 1, 3, 2, 4)",31
289,False,0.847789263879126,2.6107824792753958,"(2, 3, 0, 1, 5, 4)",32
48,False,0.8406198168562652,2.611957098749089,"(0, 3, 1, 2, 4, 5)",33
52,False,0.8355254932079623,2.612303148480825,"(0, 3, 1, 5, 2, 4)",34
94,False,0.8366037885917517,2.6126374300608135,"(0, 4, 5, 3, 1, 2)",35
275,False,0.8366037885917517,2.612637430060814,"(2, 1, 3, 5, 4, 0)",36
294,False,0.8647466154725064,2.6130587548564628,"(2, 3, 1, 0, 4, 5)",37
120,True,0.8091418300174457,2.6138493160877934,"(1, 0, 2, 3, 4, 5)",38
151,False,0.8321262164051323,2.6167147748619444,"(1, 2, 3, 0, 5, 4)",39
264,True,0.8287304207284045,2.616797951055815,"(2, 1, 0, 3, 4, 5)",40
308,False,0.8679208614078278,2.620517061287023,"(2, 3, 5, 1, 0, 4)",41
2,True,0.8165306034364825,2.623739044823689,"(0, 1, 2, 4, 3, 5)",42
270,False,0.8621643158485254,2.6238171644995356,"(2, 1, 3, 0, 4, 5)",43
21,False,0.8441062020290343,2.6281753092587543,"(0, 1, 5, 3, 4, 2)",44
329,False,0.8441062020290346,2.6281753092587548,"(2, 4, 3, 5, 1, 0)",45
96,False,0.8367805139363931,2.628841922359438,"(0, 5, 1, 2, 3, 4)",46
126,False,0.8253413006742247,2.6317038829881128,"(1, 0, 3, 2, 4, 5)",47
130,False,0.8615857631306214,2.632049932719847,"(1, 0, 3, 5, 2, 4)",48
175,False,0.8590308125945816,2.632215400582801,"(1, 3, 2, 0, 5, 4)",49
77,False,0.8535161099764375,2.632356274387498,"(0, 4, 1, 5, 3, 2)",50
309,False,0.8535161099764378,2.632356274387499,"(2, 3, 5, 1, 4, 0)",51
124,True,0.8571463609910949,2.6323640014339293,"(1, 0, 2, 5, 3, 4)",52
90,False,0.8440470035597745,2.632532935656794,"(0, 4, 5, 1, 2, 3)",53
268,True,0.8701073449044113,2.6353126364019492,"(2, 1, 0, 5, 3, 4)",54
350,False,0.8675745802823104,2.635731731290024,"(2, 5, 3, 1, 0, 4)",55
5,True,0.8248458725779051,2.636777915194514,"(0, 1, 2, 5, 4, 3)",56
26,False,0.8625469687920835,2.6379237293943127,"(0, 2, 1, 4, 3, 5)",57
154,False,0.8632434702834543,2.6388774315392807,"(1, 2, 3, 5, 0, 4)",58
108,False,0.8551936066877918,2.639399487505864,"(0, 5, 3, 1, 2, 4)",59
297,False,0.8626548988225381,2.63975441251322,"(2, 3, 1, 4, 5, 0)",60
115,False,0.862654898822538,2.63975441251322,"(0, 5, 4, 1, 3, 2)",61
246,False,0.8572329227918453,2.6398793281586617,"(2, 0, 3, 1, 4, 5)",62
359,False,0.854328707884922,2.6414008687664428,"(2, 5, 4, 3, 1, 0)",63
9,False,0.8543287078849218,2.6414008687664428,"(0, 1, 3, 4, 5, 2)",64
169,False,0.8627795032159881,2.6430507540393986,"(1, 3, 0, 2, 5, 4)",65
54,False,0.8243263946678832,2.644027073927959,"(0, 3, 2, 1, 4, 5)",66
8,False,0.8491345892221586,2.6446768832628864,"(0, 1, 3, 4, 2, 5)",67
311,False,0.8471839389793985,2.645828099276601,"(2, 3, 5, 4, 1, 0)",68
17,False,0.8471839389793984,2.645828099276601,"(0, 1, 4, 5, 3, 2)",69
75,False,0.8538245557692014,2.647570944390501,"(0, 4, 1, 3, 5, 2)",70
351,False,0.8538245557692018,2.647570944390502,"(2, 5, 3, 1, 4, 0)",71
72,False,0.8485349730405097,2.647763687348065,"(0, 4, 1, 2, 3, 5)",72
23,False,0.8381106710209171,2.6485515767808145,"(0, 1, 5, 4, 3, 2)",73
305,False,0.8381106710209172,2.6485515767808154,"(2, 3, 4, 5, 1, 0)",74
42,False,0.8526970415020593,2.6502476688736523,"(0, 2, 5, 1, 3, 4)",75
273,False,0.855388698402426,2.650512822156292,"(2, 1, 3, 4, 5, 0)",76
118,False,0.8553886984024262,2.6505128221562924,"(0, 5, 4, 3, 1, 2)",77
95,False,0.842300249329272,2.650716644639758,"(0, 4, 5, 3, 2, 1)",78
155,False,0.842300249329272,2.6507166446397585,"(1, 2, 3, 5, 4, 0)",79
74,False,0.8556033517091501,2.6508469588869445,"(0, 4, 1, 3, 2, 5)",80
29,False,0.8682929646848647,2.6509625997651387,"(0, 2, 1, 5, 4, 3)",81
3,False,0.8418038950377523,2.651116945566298,"(0, 1, 2, 4, 5, 3)",82
99,False,0.8648267779547208,2.652578876465131,"(0, 5, 1, 3, 4, 2)",83
327,False,0.864826777954721,2.652578876465131,"(2, 4, 3, 1, 5, 0)",84
34,False,0.8616147432313989,2.654072222833737,"(0, 2, 3, 5, 1, 4)",85
53,False,0.8639611771640219,2.654208738200915,"(0, 3, 1, 5, 4, 2)",86
333,False,0.8639611771640222,2.6542087382009156,"(2, 4, 5, 1, 3, 0)",87
178,False,0.8745155573388906,2.6543780572601374,"(1, 3, 2, 5, 0, 4)",88
140,False,0.8681807901150354,2.654415310737221,"(1, 0, 5, 3, 2, 4)",89
144,False,0.8561885448797438,2.654877165634759,"(1, 2, 0, 3, 4, 5)",90
288,False,0.8310837589845474,2.6559640834919302,"(2, 3, 0, 1, 4, 5)",91
78,False,0.8510632548489018,2.6576353972919944,"(0, 4, 2, 1, 3, 5)",92
92,False,0.8648949452010971,2.6587919710207233,"(0, 4, 5, 2, 1, 3)",93
102,False,0.8682929240662757,2.6604665515094057,"(0, 5, 2, 1, 3, 4)",94
353,False,0.8635067918509818,2.6610427692796037,"(2, 5, 3, 4, 1, 0)",95
15,False,0.8635067918509816,2.6610427692796037,"(0, 1, 4, 3, 5, 2)",96
12,False,0.8501638618243854,2.6612355122371674,"(0, 1, 4, 2, 3, 5)",97
284,False,0.8816918402399059,2.661267329390432,"(2, 1, 5, 3, 0, 4)",98
150,False,0.8470511118705956,2.6618963790784793,"(1, 2, 3, 0, 4, 5)",99
76,False,0.8589694306681731,2.6630101896265526,"(0, 4, 1, 5, 2, 3)",100
66,False,0.8724876326445039,2.663394727259024,"(0, 3, 5, 1, 2, 4)",101
14,False,0.8367932952762174,2.664318783776047,"(0, 1, 4, 3, 2, 5)",102
27,False,0.8690630836322119,2.6653016301369217,"(0, 2, 1, 4, 5, 3)",103
344,False,0.869995038102515,2.6657235897503613,"(2, 5, 1, 3, 0, 4)",104
179,False,0.8523392907523858,2.666217270360614,"(1, 3, 2, 5, 4, 0)",105
93,False,0.8523392907523858,2.666217270360614,"(0, 4, 5, 2, 3, 1)",106
242,True,0.8799317480623212,2.667990106013927,"(2, 0, 1, 4, 3, 5)",107
114,False,0.8445989313978235,2.6704083277522734,"(0, 5, 4, 1, 2, 3)",108
138,False,0.8604723184740661,2.67258394635162,"(1, 0, 5, 2, 3, 4)",109
303,False,0.8762852278254775,2.672955143987191,"(2, 3, 4, 1, 5, 0)",110
101,False,0.8762852278254776,2.6729551439871915,"(0, 5, 1, 4, 3, 2)",111
296,False,0.8747527046867462,2.673096803629277,"(2, 3, 1, 4, 0, 5)",112
88,False,0.8712682582187932,2.673106542490909,"(0, 4, 3, 5, 1, 2)",113
285,False,0.8712682582187934,2.6731065424909097,"(2, 1, 5, 3, 4, 0)",114
148,False,0.8897642236464932,2.6733918509808934,"(1, 2, 0, 5, 3, 4)",115
334,False,0.883230915794512,2.6739555224399387,"(2, 4, 5, 3, 0, 1)",116
131,False,0.8832309157945121,2.6739555224399387,"(1, 0, 3, 5, 4, 2)",117
73,False,0.8777000569262374,2.6751415880906753,"(0, 4, 1, 2, 5, 3)",118
44,False,0.8654402932691435,2.6759922548222086,"(0, 2, 5, 3, 1, 4)",119
16,False,0.8360001942799155,2.6764820145156554,"(0, 1, 4, 5, 2, 3)",120
19,False,0.8611057406627456,2.676997860112207,"(0, 1, 5, 2, 4, 3)",121
174,False,0.8609648125847458,2.677397004799336,"(1, 3, 2, 0, 4, 5)",122
345,False,0.8622587550664997,2.6775628028508383,"(2, 5, 1, 3, 4, 0)",123
85,False,0.8622587550664997,2.6775628028508383,"(0, 4, 3, 1, 5, 2)",124
22,False,0.8658684506442262,2.679205492019868,"(0, 1, 5, 4, 2, 3)",125
258,False,0.8981461608377754,2.680314045493267,"(2, 0, 5, 1, 3, 4)",126
84,False,0.8719456439260966,2.680838817347283,"(0, 4, 3, 1, 2, 5)",127
245,True,0.8891660649526237,2.6810289763847526,"(2, 0, 1, 5, 4, 3)",128
321,False,0.8663054194662564,2.681305077225955,"(2, 4, 1, 3, 5, 0)",129
109,False,0.8663054194662565,2.6813050772259555,"(0, 5, 3, 1, 4, 2)",130
110,False,0.8622109238037412,2.6833127090688196,"(0, 5, 3, 2, 1, 4)",131
272,False,0.8806752765878237,2.6838552132723508,"(2, 1, 3, 4, 0, 5)",132
250,False,0.8990030121321645,2.6841385994533526,"(2, 0, 3, 5, 1, 4)",133
79,False,0.8661113787663713,2.6850132980346046,"(0, 4, 2, 1, 5, 3)",134
36,False,0.8501111667220507,2.6852919067517202,"(0, 2, 4, 1, 3, 5)",135
326,False,0.8880184686548563,2.6859212675811888,"(2, 4, 3, 1, 0, 5)",136
80,False,0.8548054259607407,2.6861787795880963,"(0, 4, 2, 3, 1, 5)",137
104,False,0.8810854166787325,2.6862111374579607,"(0, 5, 2, 3, 1, 4)",138
306,False,0.8878674280767758,2.6877952801209113,"(2, 3, 5, 0, 1, 4)",139
168,False,0.8530568184320267,2.6882323582559335,"(1, 3, 0, 2, 4, 5)",140
58,False,0.8777241192204416,2.68828634522265,"(0, 3, 2, 5, 1, 4)",141
172,False,0.9003972001810625,2.6885784079876687,"(1, 3, 0, 5, 2, 4)",142
153,False,0.8091319079569583,2.688592036735236,"(1, 2, 3, 4, 5, 0)",143
119,False,0.8091319079569589,2.688592036735237,"(0, 5, 4, 3, 2, 1)",144
13,False,0.8597297927147525,2.6886134129797767,"(0, 1, 4, 2, 5, 3)",145
51,False,0.8842513445051613,2.6897996757259786,"(0, 3, 1, 4, 5, 2)",146
357,False,0.8842513445051615,2.689799675725979,"(2, 5, 4, 1, 3, 0)",147
122,True,0.8509981595880308,2.6918846360222473,"(1, 0, 2, 4, 3, 5)",148
50,False,0.860354687043069,2.6930756902224227,"(0, 3, 1, 4, 2, 5)",149
188,False,0.8726089052122479,2.6947270211738243,"(1, 3, 5, 2, 0, 4)",150
266,True,0.8793167745130201,2.6948332709902676,"(2, 1, 0, 4, 3, 5)",151
243,False,0.8872749748454778,2.695368006756537,"(2, 0, 1, 4, 5, 3)",152
328,False,0.8811244676891782,2.696320900457313,"(2, 4, 3, 5, 0, 1)",153
141,False,0.8811244676891783,2.696320900457313,"(1, 0, 5, 3, 4, 2)",154
116,False,0.8702371786450582,2.696667363116202,"(0, 5, 4, 2, 1, 3)",155
82,False,0.8577014025129874,2.6991409349344107,"(0, 4, 2, 5, 1, 3)",156
164,False,0.8946062393862111,2.6993465439693756,"(1, 2, 5, 3, 0, 4)",157
292,False,0.9112887019589849,2.7002233547866203,"(2, 3, 0, 5, 1, 4)",158
97,False,0.8868434889949575,2.7014014273185833,"(0, 5, 1, 2, 4, 3)",159
282,False,0.9106763872317619,2.7028009622757647,"(2, 1, 5, 0, 3, 4)",160
348,False,0.9063026368294266,2.7030099501239144,"(2, 5, 3, 0, 1, 4)",161
100,False,0.872923057909294,2.703609059226245,"(0, 5, 1, 4, 2, 3)",162
177,False,0.859829709544382,2.704092662456093,"(1, 3, 2, 4, 5, 0)",163
117,False,0.8598297095443822,2.704092662456093,"(0, 5, 4, 2, 3, 1)",164
125,True,0.8767163836684086,2.704923506393073,"(1, 0, 2, 5, 4, 3)",165
67,False,0.8935290972798335,2.705300316979115,"(0, 3, 5, 1, 4, 2)",166
323,False,0.8935290972798338,2.705300316979115,"(2, 4, 1, 5, 3, 0)",167
260,False,0.8899349322036236,2.706058631441823,"(2, 0, 5, 3, 1, 4)",168
302,False,0.86918625428329,2.706297535103249,"(2, 3, 4, 1, 0, 5)",169
86,False,0.8500552147622863,2.706298928104504,"(0, 4, 3, 2, 1, 5)",170
189,False,0.8457688149457977,2.706566234274301,"(1, 3, 5, 2, 4, 0)",171
83,False,0.8457688149457977,2.706566234274301,"(0, 4, 2, 5, 3, 1)",172
342,False,0.9132068768174144,2.707257222635695,"(2, 5, 1, 0, 3, 4)",173
68,False,0.8962368613644959,2.7073079488219793,"(0, 3, 5, 2, 1, 4)",174
269,True,0.8497964142235029,2.7078721413610936,"(2, 1, 0, 5, 4, 3)",175
230,False,0.874919846512024,2.7091427665701193,"(1, 5, 3, 2, 0, 4)",176
129,False,0.8684608257819749,2.7095464599650017,"(1, 0, 3, 4, 5, 2)",177
358,False,0.8684608257819753,2.7095464599650025,"(2, 5, 4, 3, 0, 1)",178
312,False,0.897805935725426,2.7110667711825425,"(2, 4, 0, 1, 3, 5)",179
165,False,0.8746536025896374,2.711185757069853,"(1, 2, 5, 3, 4, 0)",180
89,False,0.8746536025896376,2.7111857570698534,"(0, 4, 3, 5, 2, 1)",181
336,False,0.9163145052518104,2.7116134708295387,"(2, 5, 0, 1, 3, 4)",182
112,False,0.8897046770939716,2.712439754391089,"(0, 5, 3, 4, 1, 2)",183
279,False,0.8897046770939713,2.712439754391089,"(2, 1, 4, 3, 5, 0)",184
37,False,0.8839650176234186,2.712669807494331,"(0, 2, 4, 1, 5, 3)",185
128,False,0.8772121828609695,2.7128224744614458,"(1, 0, 3, 4, 2, 5)",186
38,False,0.8628419736403583,2.7138352890478217,"(0, 2, 4, 3, 1, 5)",187
310,False,0.8785582853196071,2.71397369047516,"(2, 3, 5, 4, 0, 1)",188
137,False,0.8785582853196067,2.71397369047516,"(1, 0, 4, 5, 3, 2)",189
320,False,0.8993823475896157,2.7146474683420143,"(2, 4, 1, 3, 0, 5)",190
332,False,0.9045928550027102,2.7149290300595847,"(2, 4, 5, 1, 0, 3)",191
252,False,0.8846706773842272,2.7153582833713354,"(2, 0, 4, 1, 3, 5)",192
32,False,0.8811110292733068,2.7163916537696013,"(0, 2, 3, 4, 1, 5)",193
143,False,0.8381539694268084,2.7166971679793734,"(1, 0, 5, 4, 3, 2)",194
304,False,0.8381539694268084,2.7166971679793734,"(2, 3, 4, 5, 0, 1)",195
186,False,0.8816889756601232,2.718092018444758,"(1, 3, 5, 0, 2, 4)",196
123,False,0.8728200930888659,2.719262536764857,"(1, 0, 2, 4, 5, 3)",197
231,False,0.8666688656204977,2.7209819796705963,"(1, 5, 3, 2, 4, 0)",198
81,False,0.8666688656204977,2.7209819796705963,"(0, 4, 2, 3, 5, 1)",199
152,False,0.8639476493588482,2.721934427851294,"(1, 2, 3, 4, 0, 5)",200
267,False,0.88612668096155,2.7222111717328783,"(2, 1, 0, 4, 5, 3)",201
43,False,0.8987197611254618,2.722807173832798,"(0, 2, 5, 1, 4, 3)",202
330,False,0.9000336289034443,2.7230586983678693,"(2, 4, 5, 0, 1, 3)",203
218,False,0.9099977874476441,2.7253595314013372,"(1, 5, 0, 3, 2, 4)",204
40,False,0.8732861984932166,2.726797444394137,"(0, 2, 4, 5, 1, 3)",205
135,False,0.8927291144928798,2.7291883604781626,"(1, 0, 4, 3, 5, 2)",206
352,False,0.8927291144928802,2.7291883604781626,"(2, 5, 3, 4, 0, 1)",207
224,False,0.8992490835849761,2.729262915086527,"(1, 5, 2, 3, 0, 4)",208
132,False,0.8739634141527504,2.729381103435726,"(1, 0, 4, 2, 3, 5)",209
173,False,0.9128019441494701,2.73048399770776,"(1, 3, 0, 5, 4, 2)",210
331,False,0.9128019441494704,2.7304839977077604,"(2, 4, 5, 0, 3, 1)",211
324,False,0.9117496459298707,2.7324619210389294,"(2, 4, 3, 0, 1, 5)",212
134,False,0.8728851517713926,2.7324643749746063,"(1, 0, 4, 3, 2, 5)",213
228,False,0.9092119027733196,2.732507763841054,"(1, 5, 3, 0, 2, 4)",214
318,False,0.9147404554164524,2.732644739503652,"(2, 4, 1, 0, 3, 5)",215
146,False,0.8851442474876176,2.732912485569212,"(1, 2, 0, 4, 3, 5)",216
103,False,0.8770794171273911,2.7330260564685505,"(0, 5, 2, 1, 4, 3)",217
215,False,0.8895521013595918,2.7340570271327733,"(1, 4, 5, 3, 2, 0)",218
35,False,0.8895521013595921,2.7340570271327733,"(0, 2, 3, 5, 4, 1)",219
191,False,0.8694666702712124,2.7342227437340276,"(1, 3, 5, 4, 2, 0)",220
41,False,0.8694666702712126,2.734222743734028,"(0, 2, 4, 5, 3, 1)",221
287,False,0.8874407928553043,2.734977174339547,"(2, 1, 5, 4, 3, 0)",222
64,False,0.8874407928553043,2.734977174339547,"(0, 3, 4, 5, 1, 2)",223
281,False,0.9016481213877643,2.7364349941442487,"(2, 1, 4, 5, 3, 0)",224
70,False,0.9016481213877641,2.7364349941442487,"(0, 3, 5, 4, 1, 2)",225
338,False,0.9268153654179866,2.7373580567780937,"(2, 5, 0, 3, 1, 4)",226
176,False,0.8771871276432227,2.7374350535721503,"(1, 3, 2, 4, 0, 5)",227
313,False,0.9149583058065858,2.7384446719251536,"(2, 4, 0, 1, 5, 3)",228
347,False,0.9074269235735001,2.7394334346994773,"(2, 5, 1, 4, 3, 0)",229
61,False,0.9074269235735001,2.7394334346994773,"(0, 3, 4, 1, 5, 2)",230
314,False,0.8977909425512749,2.7396101534786443,"(2, 4, 0, 3, 1, 5)",231
162,False,0.8951395534911638,2.7408801768547093,"(1, 2, 5, 0, 3, 4)",232
225,False,0.8858986866273196,2.7411021281870047,"(1, 5, 2, 3, 4, 0)",233
87,False,0.8858986866273201,2.7411021281870047,"(0, 4, 3, 2, 5, 1)",234
60,False,0.8773209157723156,2.74270944919592,"(0, 3, 4, 1, 2, 5)",235
253,False,0.8997068983286858,2.7427361841139453,"(2, 0, 4, 1, 5, 3)",236
216,False,0.909166767950259,2.7435281670157363,"(1, 5, 0, 2, 3, 4)",237
254,False,0.8829813687470613,2.743901665667436,"(2, 0, 4, 3, 1, 5)",238
136,False,0.8827982820557736,2.7446276057142125,"(1, 0, 4, 5, 2, 3)",239
139,False,0.8994214536086094,2.7451434513107653,"(1, 0, 5, 2, 4, 3)",240
278,False,0.8863373836507995,2.7457821455071465,"(2, 1, 4, 3, 0, 5)",241
149,False,0.8912980729374621,2.745951355940038,"(1, 2, 0, 5, 4, 3)",242
248,False,0.9138372059615975,2.746458030389216,"(2, 0, 3, 4, 1, 5)",243
142,False,0.8759192700545856,2.747351083218426,"(1, 0, 5, 4, 2, 3)",244
39,False,0.8729349149349923,2.7486384891303226,"(0, 2, 4, 3, 5, 1)",245
233,False,0.8729349149349921,2.7486384891303226,"(1, 5, 3, 4, 2, 0)",246
113,False,0.8805297380197431,2.7505189689700336,"(0, 5, 3, 4, 2, 1)",247
159,False,0.8805297380197429,2.7505189689700336,"(1, 2, 4, 3, 5, 0)",248
356,False,0.8846635894191698,2.7505199675846472,"(2, 5, 4, 1, 0, 3)",249
56,False,0.8859470924532045,2.7506057761585145,"(0, 3, 2, 4, 1, 5)",250
239,False,0.8682565631657125,2.751194853852102,"(1, 5, 4, 3, 2, 0)",251
33,False,0.8682565631657125,2.751194853852102,"(0, 2, 3, 4, 5, 1)",252
46,False,0.9098504492173031,2.751273841104388,"(0, 2, 5, 4, 1, 3)",253
316,False,0.9088841161875558,2.752572308824959,"(2, 4, 0, 5, 1, 3)",254
300,False,0.9037102363591263,2.7528381885609887,"(2, 3, 4, 0, 1, 5)",255
259,False,0.931392913114386,2.7528735504524127,"(2, 0, 5, 1, 4, 3)",256
209,False,0.9016010836562494,2.7559770591212454,"(1, 4, 3, 5, 2, 0)",257
45,False,0.9016010836562495,2.7559770591212454,"(0, 2, 5, 3, 4, 1)",258
133,False,0.8772673921086046,2.7567590041783356,"(1, 0, 4, 2, 5, 3)",259
256,False,0.9038370498914382,2.7568638210137517,"(2, 0, 4, 5, 1, 3)",260
354,False,0.9237863418100658,2.758649635892932,"(2, 5, 4, 0, 1, 3)",261
47,False,0.8939039396948463,2.7586991404442793,"(0, 2, 5, 4, 3, 1)",262
185,False,0.8939039396948465,2.7586991404442793,"(1, 3, 4, 5, 2, 0)",263
187,False,0.9068552836652536,2.7599976081648494,"(1, 3, 5, 0, 4, 2)",264
317,False,0.9068552836652538,2.7599976081648503,"(2, 4, 0, 5, 3, 1)",265
319,False,0.9271164185087823,2.7600226402462624,"(2, 4, 1, 0, 5, 3)",266
147,False,0.8961541947612284,2.760290386311823,"(1, 2, 0, 4, 5, 3)",267
106,False,0.9001702182366813,2.7614927237401408,"(0, 5, 2, 4, 1, 3)",268
290,False,0.908002266976506,2.7625427857224842,"(2, 3, 0, 4, 1, 5)",269
201,False,0.9037164574986047,2.7632975133678555,"(1, 4, 2, 3, 5, 0)",270
111,False,0.9037164574986052,2.7632975133678563,"(0, 5, 3, 2, 4, 1)",271
276,False,0.9260483581258399,2.7637794166687852,"(2, 1, 4, 0, 3, 5)",272
251,False,0.9279344087597861,2.7641234037523885,"(2, 0, 3, 5, 4, 1)",273
214,False,0.9279344087597861,2.7641234037523885,"(1, 4, 5, 3, 0, 2)",274
257,False,0.8944534754950269,2.7642891203536415,"(2, 0, 4, 5, 3, 1)",275
190,False,0.8944534754950269,2.7642891203536415,"(1, 3, 5, 4, 0, 2)",276
322,False,0.928026837080674,2.766020608837784,"(2, 4, 1, 5, 0, 3)",277
171,False,0.9150961343905001,2.7660749352328224,"(1, 3, 0, 4, 5, 2)",278
355,False,0.9150961343905006,2.7660749352328233,"(2, 5, 4, 0, 3, 1)",279
105,False,0.8813427027528152,2.766195941756997,"(0, 5, 2, 3, 4, 1)",280
207,False,0.8813427027528153,2.7661959417569975,"(1, 4, 3, 2, 5, 0)",281
219,False,0.9261241461495936,2.767265121121429,"(1, 5, 0, 3, 4, 2)",282
325,False,0.9261241461495938,2.7672651211214294,"(2, 4, 3, 0, 5, 1)",283
197,False,0.9240655977878686,2.7677800844199467,"(1, 4, 0, 5, 3, 2)",284
307,False,0.924065597787869,2.7677800844199476,"(2, 3, 5, 0, 4, 1)",285
62,False,0.9051743201777412,2.7681695599531415,"(0, 3, 4, 2, 1, 5)",286
213,False,0.874441995615794,2.7682711495216856,"(1, 4, 5, 2, 3, 0)",287
59,False,0.8744419956157942,2.768271149521686,"(0, 3, 2, 5, 4, 1)",288
183,False,0.8944611540410297,2.7689180230800314,"(1, 3, 4, 2, 5, 0)",289
107,False,0.8944611540410299,2.7689180230800314,"(0, 5, 2, 4, 3, 1)",290
170,False,0.8950556542948113,2.769350949729266,"(1, 3, 0, 4, 2, 5)",291
222,False,0.9219592508889749,2.7707965479718606,"(1, 5, 2, 0, 3, 4)",292
65,False,0.8816634415552168,2.7730563889184916,"(0, 3, 4, 5, 2, 1)",293
167,False,0.8816634415552166,2.7730563889184916,"(1, 2, 5, 4, 3, 0)",294
229,False,0.9111826149264491,2.7744133535611444,"(1, 5, 3, 0, 4, 2)",295
315,False,0.9111826149264494,2.774413353561145,"(2, 4, 0, 3, 5, 1)",296
71,False,0.91040038167264,2.774514208723193,"(0, 3, 5, 4, 2, 1)",297
161,False,0.91040038167264,2.7745142087231933,"(1, 2, 4, 5, 3, 0)",298
283,False,0.9319040236261573,2.77536046723491,"(2, 1, 5, 0, 4, 3)",299
255,False,0.9107649285721292,2.7787048657499374,"(2, 0, 4, 3, 5, 1)",300
232,False,0.9107649285721292,2.7787048657499374,"(1, 5, 3, 4, 0, 2)",301
343,False,0.9361240501094008,2.7798167275948398,"(2, 5, 1, 0, 4, 3)",302
211,False,0.9091137548189746,2.780208159085656,"(1, 4, 5, 0, 3, 2)",303
293,False,0.9091137548189747,2.7802081590856567,"(2, 3, 0, 5, 4, 1)",304
249,False,0.9146313847832337,2.781261230471717,"(2, 0, 3, 4, 5, 1)",305
238,False,0.9146313847832338,2.781261230471717,"(1, 5, 4, 3, 0, 2)",306
262,False,0.9297770051830484,2.7813402177240025,"(2, 0, 5, 4, 1, 3)",307
195,False,0.9285457512436146,2.7829947544229494,"(1, 4, 0, 3, 5, 2)",308
349,False,0.9285457512436148,2.78299475442295,"(2, 5, 3, 0, 4, 1)",309
192,False,0.9032035645626857,2.783187497380513,"(1, 4, 0, 2, 3, 5)",310
158,False,0.9124941923261475,2.7838613600860915,"(1, 2, 4, 3, 0, 5)",311
337,False,0.9240926170454842,2.784172975788683,"(2, 5, 0, 1, 4, 3)",312
237,False,0.9048472992500034,2.7854089762410146,"(1, 5, 4, 2, 3, 0)",313
57,False,0.9048472992500037,2.7854089762410155,"(0, 3, 2, 4, 5, 1)",314
208,False,0.9329772054100555,2.786043435740859,"(1, 4, 3, 5, 0, 2)",315
261,False,0.9329772054100557,2.7860434357408597,"(2, 0, 5, 3, 4, 1)",316
194,False,0.9155290083505403,2.786270768919393,"(1, 4, 0, 3, 2, 5)",317
69,False,0.8952500882917046,2.787292753121015,"(0, 3, 5, 2, 4, 1)",318
203,False,0.8952500882917046,2.787292753121015,"(1, 4, 2, 5, 3, 0)",319
221,False,0.9169699697200937,2.787641388643489,"(1, 5, 0, 4, 3, 2)",320
301,False,0.916969969720094,2.7876413886434896,"(2, 3, 4, 0, 5, 1)",321
184,False,0.9113425520868353,2.7887655170638928,"(1, 3, 4, 5, 0, 2)",322
263,False,0.9113425520868357,2.7887655170638936,"(2, 0, 5, 4, 3, 1)",323
277,False,0.9362911100173402,2.791157317411395,"(2, 1, 4, 0, 5, 3)",324
286,False,0.9332026489343916,2.7956974661982152,"(2, 1, 5, 4, 0, 3)",325
200,False,0.9162283654063255,2.796639904483914,"(1, 4, 2, 3, 0, 5)",326
280,False,0.9174632792369116,2.7971552860029165,"(2, 1, 4, 5, 0, 3)",327
235,False,0.9218592091060818,2.7973459858049847,"(1, 5, 4, 0, 3, 2)",328
291,False,0.9218592091060819,2.797345985804985,"(2, 3, 0, 4, 5, 1)",329
196,False,0.9272240192126163,2.798433999659,"(1, 4, 0, 5, 2, 3)",330
206,False,0.9110786895033953,2.7995383328730554,"(1, 4, 3, 2, 0, 5)",331
346,False,0.9213967013120596,2.800153726558144,"(2, 5, 1, 4, 0, 3)",332
156,False,0.9127475660798949,2.8018586312477294,"(1, 2, 4, 0, 3, 5)",333
182,False,0.9080062355914849,2.80226041419609,"(1, 3, 4, 2, 0, 5)",334
227,False,0.9015633540245891,2.8029727600356424,"(1, 5, 2, 4, 3, 0)",335
63,False,0.9015633540245893,2.802972760035643,"(0, 3, 4, 2, 5, 1)",336
193,False,0.9220112402838866,2.8105653981231233,"(1, 4, 0, 2, 5, 3)",337
210,False,0.9194954144387283,2.8108620743247092,"(1, 4, 5, 0, 2, 3)",338
340,False,0.9394207779168086,2.8126396430602734,"(2, 5, 0, 4, 1, 3)",339
163,False,0.93642816989163,2.813439681813854,"(1, 2, 5, 0, 4, 3)",340
198,False,0.9315418809844939,2.8146371756455526,"(1, 4, 2, 0, 3, 5)",341
217,False,0.9308162621622141,2.8160876719748815,"(1, 5, 0, 2, 4, 3)",342
205,False,0.9287403157822814,2.8173428610771305,"(1, 4, 3, 0, 5, 2)",343
339,False,0.9287403157822817,2.817342861077131,"(2, 5, 0, 3, 4, 1)",344
220,False,0.9187102781476211,2.818295303882543,"(1, 5, 0, 4, 2, 3)",345
181,False,0.9433139101680048,2.8200649424001645,"(1, 3, 4, 0, 5, 2)",346
341,False,0.943313910168005,2.8200649424001645,"(2, 5, 0, 4, 3, 1)",347
204,False,0.9419250877287854,2.820618875573574,"(1, 4, 3, 0, 2, 5)",348
180,False,0.9177122614034127,2.823340956896608,"(1, 3, 4, 0, 2, 5)",349
234,False,0.9254241773286561,2.8279999010440386,"(1, 5, 4, 0, 2, 3)",350
212,False,0.9428208638668875,2.828991441380354,"(1, 4, 5, 2, 0, 3)",351
157,False,0.9344512145172954,2.8292365319903396,"(1, 2, 4, 0, 5, 3)",352
166,False,0.9322835059789988,2.833776680777159,"(1, 2, 5, 4, 0, 3)",353
160,False,0.9292926955427085,2.8352345005818607,"(1, 2, 4, 5, 0, 3)",354
199,False,0.9375344864139432,2.842015076388162,"(1, 4, 2, 0, 5, 3)",355
223,False,0.932287969734891,2.8433560529310054,"(1, 5, 2, 0, 4, 3)",356
236,False,0.9281972285234104,2.846129268099683,"(1, 5, 4, 2, 0, 3)",357
202,False,0.952862789106409,2.848013044979683,"(1, 4, 2, 5, 0, 3)",358
226,False,0.9328067705078287,2.8636930518943102,"(1, 5, 2, 4, 0, 3)",359
